# CAP key=bronzecapweekly__20260314 role=hit label=Saturday Bronze Cap type=Weekly env=current variants=all_cards obsval=40-69 minIP=null minPA=30 dates=2026-07-05..2026-07-19 recordsTotal=427 rows=427
Name	POS	VAL	VLvl	Hand	PA	AVG	OBP	SLG	wOBA	BBpct	SOpct	HR600	BABIP	XBHpct	3B/XBH	wSB600	UBR600	WAR600
Ken Berry	LF	55	0	R	2634	0.2553807947019868	0.3039816232771823	0.3600993377483444	0.2981754385619152	6.3	17.5	7.3	0.296	28.7	6.78	-0.82	3.78	2.005
Nico Hoerner	2B	48	0	R	2551	0.2704703832752614	0.32991318074191	0.3353658536585366	0.3053764198442517	7.5	14.5	1.2	0.311	20.5	9.45	-0.52	-0.68	2.07
Jonathan Schoop	2B	67	0	R	2472	0.2840859272249013	0.331578947368421	0.46733888645331	0.3484997644893761	6.2	19.3	23.8	0.312	33.6	1.83	-0.29	-3.33	4.102
Nico Hoerner	2B	48	5	R	1943	0.2570303712035996	0.3120494335736354	0.3346456692913386	0.2947701805194263	7.1	14.6	1.9	0.295	24.5	12.5	-0.19	1.79	2.223
Dave Brain	3B	68	0	R	1538	0.2745644599303136	0.3166449934980494	0.5094076655052264	0.3563750345783482	5.1	20.5	30.8	0.294	41.4	9.82	0.04	0.04	4.837
Jason Heyward	RF	57	0	L	1380	0.2742718446601942	0.3301610541727672	0.3923948220064725	0.3231529677250407	7.4	12.3	8.3	0.295	28.3	12.5	-2.09	2.91	3.217
Austin Jackson	CF	48	5	R	1331	0.2805872756933116	0.3282904689863843	0.4274061990212072	0.3348682656166915	5.9	23.4	8.1	0.352	35.2	19.01	0.77	3.83	4.508
Tsung-Che Cheng	2B	44	0	L	1233	0.2322274881516588	0.3333333333333333	0.3052132701421801	0.3003923350196938	12.4	20.2	6.3	0.276	18.8	10.87	3.41	3.7	1.022
Tsung-Che Cheng	2B	44	5	L	1218	0.226882745471878	0.3292282430213465	0.2964728312678742	0.2959625560624504	12.4	20.4	7.9	0.269	16	7.89	3.69	2.91	1.33
Myril Hoag	RF	46	0	R	1176	0.2806859205776173	0.3125533731853117	0.4332129963898917	0.3277405529217697	3.9	15	17.9	0.302	29.9	6.45	-0.15	-0.71	1.684
Mark Trumbo	1B	49	5	R	1139	0.2483781278962002	0.2800702370500439	0.4670991658943466	0.3209114746137905	4	25	32.7	0.272	41.4	0.9	-0.79	0.53	1.212
Ed Morgan	RF	66	0	R	1129	0.286302780638517	0.3733333333333334	0.4263645726055613	0.3588209445805232	11.7	18.8	5.8	0.338	33.5	22.58	-0.37	3.45	3.401
Leo Cardenas	SS	68	0	R	1116	0.2613861386138614	0.3204667863554758	0.4128712871287128	0.3254875179693749	7.6	21	17.2	0.299	30.3	11.25	-0.27	0.91	3.817
Willy Adames	SS	59	0	R	1108	0.2313649564375605	0.2748643761301989	0.3901258470474346	0.2932026821380001	5.5	27.1	22.7	0.274	33.5	0	-0.43	1.57	2.383
Tony Scott	CF	41	0	S	1040	0.2253668763102725	0.2683643486777669	0.2955974842767295	0.2572134096744869	5.2	18.1	4.6	0.265	22.3	6.25	-0.35	0	-0.404
Jimmy Rollins	SS	69	0	S	1027	0.2650334075723831	0.3485881207400195	0.4821826280623608	0.3628738199795573	11.4	13.6	25.1	0.263	43.3	5.83	1.81	2.28	6.251
Tim Salmon	RF	65	5	R	1010	0.2274774774774775	0.3099009900990099	0.420045045045045	0.3216368316872031	10.2	29.1	26.7	0.263	38.1	5.19	-1.01	0.83	1.248
Jim Tabor	3B	54	0	R	976	0.2356194690265487	0.2823408624229979	0.4380530973451328	0.3134764630954917	5.3	20	28.9	0.243	39	7.23	-0.25	3.38	2.52
John Olerud	1B	68	0	L	837	0.2640990371389271	0.3572281959378734	0.4195323246217332	0.3482016256739773	12.1	14.9	15.1	0.285	37	0	0	-4.52	2.939
Matt Davidson	1B	56	5	R	817	0.22475106685633	0.321078431372549	0.3698435277382646	0.3120231202831353	12.1	28	16.9	0.274	35.4	0	0	-3.01	0.294
Troy Glaus	3B	58	0	R	789	0.2196861626248217	0.2920918367346939	0.3922967189728959	0.30162370896986	8.6	26	22.8	0.249	39	1.67	-1.06	3.42	1.293
Mickey Tettleton	C	69	5	S	756	0.2684458398744113	0.3756613756613756	0.4897959183673469	0.3805925054364128	14.3	25.9	28.6	0.305	39.2	2.99	-0.32	-3.02	3.968
Bill Robinson	LF	47	0	R	743	0.230225988700565	0.2591093117408907	0.4336158192090395	0.2984680590309007	3.2	28.7	29.1	0.268	40.5	9.09	2.26	2.34	1.373
John Bateman	C	44	5	R	731	0.2143928035982009	0.263013698630137	0.3583208395802099	0.2737470429858838	6.4	23.4	18.9	0.239	30.1	16.28	0	-1.07	0.985
Matty Alou	CF	69	0	L	721	0.3323529411764706	0.3592233009708738	0.461764705882353	0.3619502962966791	4	7.9	5	0.35	28.3	18.75	0	4.83	5.076
Luis Aparicio	SS	52	0	R	718	0.2484756097560976	0.2962962962962963	0.3003048780487805	0.2747263642045597	5.3	14	4.2	0.282	12.9	14.29	-0.25	2.17	0.919
Byron Buxton	CF	64	0	R	707	0.2492354740061162	0.2977207977207977	0.3853211009174312	0.3034878467283814	5.7	21.4	10.2	0.3	38	4.84	3.06	3.82	2.801
Dave Harris	LF	67	5	R	655	0.243006993006993	0.3282208588957055	0.4597902097902098	0.3449699689643818	10.7	24.7	23.8	0.276	46.8	10.77	0.09	0.55	2.565
Mark Trumbo	1B	49	0	R	655	0.247557003257329	0.2885496183206107	0.4087947882736157	0.3057249719344721	5.5	25.1	21.1	0.293	34.9	0	-0.92	0.37	0.641
Sammy Sosa	RF	43	0	R	654	0.2549342105263158	0.2970903522205207	0.4967105263157895	0.3402871579898593	5.7	30.6	30.3	0.309	43.2	20.9	1.1	3.94	4.128
Jackie Bradley Jr.	CF	69	0	L	649	0.2618243243243243	0.3240740740740741	0.3766891891891892	0.3173997269159707	7.1	22.5	7.4	0.325	32.9	1.96	-2.87	0.55	2.958
Ty Wigginton	1B	54	0	R	640	0.257679180887372	0.3078125	0.4266211604095563	0.3215320129129107	7	19.8	21.6	0.281	33.1	6	0	0.84	1.031
Tim Beckham	SS	48	5	R	633	0.229706390328152	0.280952380952381	0.3713298791018999	0.2896091649585674	6.5	32	15.2	0.304	32.3	16.28	0	0.95	1.422
Jackie Bradley Jr.	CF	69	5	L	624	0.2482394366197183	0.3076923076923077	0.3838028169014084	0.3088496331717008	7.7	22.4	12.5	0.296	34.8	4.08	1.15	2.69	4.135
David Bell	3B	56	0	R	599	0.1886446886446886	0.2483221476510067	0.2673992673992674	0.2383428712105335	6.5	17.4	9	0.21	23.3	4.17	0	2.1	-0.601
George Pinkney	3B	40	0	R	590	0.2781954887218045	0.335593220338983	0.3778195488721804	0.3205212880236488	7.8	16.7	5.1	0.321	25	16.22	0.71	0.31	1.424
Juan Uribe	SS	66	0	R	577	0.2385321100917431	0.2735191637630662	0.3944954128440367	0.2907639488233824	3.6	21.8	12.5	0.284	34.6	35.56	-0.42	0.62	1.872
Jonathan Lucroy	C	48	5	R	575	0.2524850894632207	0.3362369337979094	0.3359840954274354	0.3108416220532958	11.3	13.1	3.1	0.282	26	9.09	0	-8.35	-0.417
Dmitri Young	DH	64	5	S	573	0.2841121495327103	0.3228621291448517	0.497196261682243	0.3542124965384482	4.7	19.8	29.3	0.305	36.2	5.45	0	-0.42	2.932
Sammy Sosa	RF	43	5	R	555	0.2662721893491125	0.3243243243243243	0.5463510848126233	0.3701773706533118	7.9	29.2	34.6	0.312	47.4	21.88	-1.3	5.08	4.973
Mel Almada	CF	43	5	L	543	0.2648870636550308	0.328996282527881	0.3429158110882957	0.3083428008705715	8.7	13.3	6.6	0.294	19.4	4	-0.55	3.09	1.989
Jackie Robinson	1B	58	0	R	538	0.2608695652173913	0.3120300751879699	0.4099378881987578	0.3188410800633443	7.1	11.6	14.5	0.267	33.3	9.52	0.45	4.57	1.673
Joe Carter	RF	64	0	R	521	0.2857142857142857	0.3173076923076923	0.5346938775510204	0.3635732803436158	4.2	20.6	32.2	0.306	45	4.76	1.04	3.22	5.758
Mel Almada	CF	43	0	L	514	0.2077087794432548	0.2632612966601179	0.2826552462526767	0.2490643515097695	6.2	15.6	5.8	0.234	21.6	19.05	-1.28	0.47	-0.817
Steve Balboni	1B	43	0	R	513	0.2410901467505241	0.2884990253411306	0.4633123689727464	0.3251923791793671	5.7	34.6	33.9	0.301	41.7	0	-0.58	-3.27	0.819
Lance Johnson	CF	67	0	L	506	0.3354700854700854	0.3782178217821782	0.452991452991453	0.370136379007854	5.7	9.4	1.2	0.366	24.8	35.9	0	4.51	5.573
Henry Rodriguez	LF	47	0	L	505	0.2306034482758621	0.2871287128712871	0.4331896551724138	0.3126170435751557	7.1	37.3	30.9	0.302	38.3	2.44	0.24	-0.71	0.95
Austin Jackson	CF	48	0	R	500	0.2804347826086956	0.3245436105476673	0.4043478260869565	0.3253612233014176	5	23.3	6	0.354	32.6	11.9	-0.24	2.88	3
Darrel Chaney	SS	40	0	S	499	0.1987179487179487	0.2414486921529175	0.2777777777777778	0.2362307603916232	5.2	22.2	6	0.244	23.7	22.73	0.24	-5.41	-2.405
Blake Swihart	C	45	5	S	490	0.2183908045977012	0.290983606557377	0.2896551724137931	0.2691910999467508	8.8	26.7	6.1	0.281	22.1	0	0.24	-0.37	-0.857
Brett Butler	CF	64	0	L	481	0.2789598108747045	0.3590814196242171	0.3877068557919622	0.3381273120780791	10.6	15.6	5	0.321	22	46.15	4.74	5.49	2.994
Matt Nokes	C	57	0	L	476	0.2529274004683841	0.32	0.4426229508196721	0.3354337357256028	8.4	18.7	27.7	0.261	34.3	0	0	-2.9	2.521
Mark Bellhorn	2B	64	0	S	473	0.2608695652173913	0.3474576271186441	0.4178743961352657	0.3412778707877581	11.6	29.2	15.2	0.339	33.3	13.89	-1.4	2.03	3.425
Tony Scott	CF	41	5	S	463	0.2477064220183486	0.2766884531590414	0.3417431192660551	0.2759580700787324	3.7	18.1	3.9	0.293	26.9	20.69	-0.52	-2.98	0.907
Grady Sizemore	RF	53	5	L	453	0.2205882352941176	0.2913907284768212	0.3823529411764706	0.3008591242269707	8.6	18.1	19.9	0.233	37.8	5.88	0.53	2.91	0.795
Mickey Tettleton	C	69	0	S	450	0.2693333333333333	0.3844444444444444	0.4933333333333333	0.3878710823647466	15.8	25.6	29.3	0.304	37.6	5.26	0	-3.07	3.867
Chuck Carr	CF	47	0	S	432	0.2682291666666667	0.330188679245283	0.3385416666666667	0.3071749571384281	8.1	13	2.8	0.301	20.4	9.52	0.56	6.53	3.333
Rickey Henderson	LF	68	5	R	421	0.2246575342465753	0.3221957040572792	0.3150684931506849	0.2969966360275982	12.6	28.5	4.3	0.305	31.7	3.85	1.43	3.71	0.143
Brooks Robinson	3B	49	0	R	419	0.2021276595744681	0.2475490196078431	0.3031914893617021	0.2476307010434538	5.5	19.9	11.5	0.227	26.3	10	-0.72	-4.01	-0.143
Vince Coleman	LF	55	0	S	410	0.2621621621621621	0.3160493827160494	0.3189189189189189	0.2919972607130603	6.8	16.5	1.5	0.308	16.5	18.75	5.27	1.9	1.171
Leo Cardenas	SS	68	5	R	408	0.2826666666666667	0.3267813267813268	0.4186666666666667	0.3278024844804366	6.1	20	8.8	0.334	29.2	25.81	-0.88	2.35	3.824
Garret Anderson	LF	49	0	L	403	0.2285714285714286	0.2518703241895262	0.2935064935064935	0.2457004332361028	2.5	15.3	3	0.263	21.6	10.53	0.6	-0.3	-1.042
Yogi Berra	LF	68	0	L	389	0.2329545454545454	0.2930591259640103	0.3380681818181818	0.2862834626084573	7.2	7.4	15.4	0.224	20.7	0	0	1.85	1.234
Jelly Jackson	SS	47	5	R	384	0.2058823529411765	0.2724867724867725	0.3	0.2625589193451183	7.3	15.3	10.9	0.22	21.4	20	0	-2.66	1.406
Dave Brain	3B	68	5	R	384	0.2691218130311614	0.3177083333333333	0.5637393767705382	0.3715304957839437	6.2	19.8	39.1	0.267	52.6	8	-1.41	1.72	5.938
John Leary	1B	40	0	R	366	0.2378223495702006	0.260989010989011	0.3180515759312321	0.2595155532639655	2.2	23.5	6.6	0.297	24.1	0	-0.98	0.98	-1.475
Felipe Lopez	SS	68	5	S	361	0.2878787878787879	0.3388888888888889	0.4757575757575758	0.3548751272051046	6.9	18.2	23.3	0.313	33.7	6.25	-0.5	1.83	3.49
John Olerud	1B	68	5	L	351	0.2913907284768212	0.3742857142857143	0.423841059602649	0.3548931605765644	11.4	14.6	8.5	0.322	31.8	7.14	0	-2.39	2.393
Rick Monday	CF	69	5	L	350	0.2112211221122112	0.3085714285714286	0.3894389438943894	0.3121997324317081	11.7	28.7	20.6	0.251	42.2	11.11	0	2.06	1.886
Jackie Robinson	3B	68	0	R	347	0.2218543046357616	0.3170028818443804	0.2980132450331126	0.2854345189345986	12.4	11.3	6.9	0.237	19.4	15.38	-1.9	1.21	1.21
Maurice Archdeacon	CF	45	5	L	347	0.2193548387096774	0.2968299711815562	0.267741935483871	0.2655905444874478	8.6	31	0	0.315	16.2	36.36	-0.52	5.01	-0.865
Bob Horner	1B	44	0	R	346	0.204778156996587	0.3121387283236994	0.2866894197952218	0.2834172650243476	13	16	6.9	0.227	23.3	14.29	0	-6.59	-1.561
Johnny Neun	1B	63	0	S	344	0.3206896551724138	0.4134897360703813	0.4137931034482759	0.3785711002678226	13.4	18.3	1.7	0.385	24.7	8.7	0.7	9.59	5.058
Maurice Archdeacon	CF	45	0	L	342	0.2181208053691275	0.3167155425219941	0.2785234899328859	0.2805026958555915	12.6	26.8	0	0.298	18.5	50	1.05	2.98	-0.702
Mike Marshall	LF	56	0	R	331	0.2384105960264901	0.2978723404255319	0.3973509933774834	0.3068480414712706	7.9	24.5	21.8	0.276	33.3	0	0	-0.73	0.544
Hyun-soo Kim	LF	68	0	L	328	0.2310344827586207	0.303680981595092	0.3310344827586207	0.2874091893966787	9.1	17.2	1.8	0.272	37.3	8	0	-4.02	1.463
Giancarlo Stanton	RF	69	0	R	316	0.2269503546099291	0.3006329113924051	0.4680851063829787	0.3299420247058396	9.8	29.4	38	0.242	43.8	0	0	-3.61	3.608
Sam Rice	RF	48	0	L	311	0.2491103202846975	0.2993421052631579	0.302491103202847	0.2774832521204617	6.1	12.1	0	0.281	21.4	0	0.77	1.93	-0.386
Al Burch	CF	41	0	L	303	0.2490842490842491	0.3133333333333334	0.3076923076923077	0.2854930117030105	7.9	18.3	5.9	0.294	13.2	11.11	-1.78	2.38	1.98
Mike Trout	CF	51	0	R	303	0.2546816479400749	0.3366336633663367	0.3782771535580524	0.3255764649295841	9.6	18.4	17.8	0.28	22.1	0	0.4	1.19	1.98
Vinny Castilla	3B	63	0	R	303	0.2465277777777778	0.2805280528052805	0.4861111111111111	0.3283540031868962	3.6	22.6	35.6	0.257	45.1	3.12	-1.19	-0.79	2.178
Blake Swihart	C	45	0	S	298	0.2625899280575539	0.2972972972972973	0.381294964028777	0.2989869965091783	3.7	30.2	10.1	0.354	31.5	0	-1.41	1.41	0.201
Ron Hansen	SS	58	0	R	294	0.1877551020408163	0.301038062283737	0.273469387755102	0.2743177346390498	12.6	15.5	8.2	0.204	28.3	0	0	2.04	1.02
Henry Blanco	C	54	0	R	291	0.2296296296296296	0.2708333333333333	0.3111111111111111	0.2638816863796379	4.8	16.3	8.2	0.259	21	7.69	0	-1.24	1.031
George Hunter	RF	40	0	S	290	0.2067669172932331	0.2525951557093425	0.2368421052631579	0.2282225971110306	6.2	28.6	0	0.282	14.5	0	-1.03	-2.9	-2.897
Don Baylor	1B	64	5	R	272	0.25	0.3321033210332103	0.4322033898305085	0.3373012526878664	11	13.1	24.3	0.242	35.6	0	-2.87	7.28	2.868
Bill Buckner	LF	64	0	L	270	0.2834645669291339	0.3222222222222222	0.4133858267716535	0.3252886289766259	4.8	9.4	4.4	0.306	36.1	11.54	1.56	-1.11	0.889
Hal Lanier	SS	43	0	R	268	0.2408163265306122	0.2862595419847328	0.2571428571428571	0.2529312399233095	5.6	11.8	0	0.272	6.8	0	-1.34	3.36	0.448
Craig Reynolds	SS	68	0	L	266	0.2995951417004049	0.3307692307692308	0.3846153846153846	0.3192321530753337	4.1	13.4	2.3	0.341	17.6	46.15	-2.48	0.45	2.707
Roy McMillan	SS	47	0	R	265	0.1983471074380165	0.2613636363636364	0.2727272727272727	0.2479629097457216	7.5	28.9	11.3	0.256	16.7	0	-1.13	-1.13	0.226
Jeimer Candelario	3B	56	5	S	264	0.2297872340425532	0.2954545454545455	0.3404255319148936	0.2859364729660246	8.7	14.9	4.5	0.256	40.7	0	0	-4.55	-0.227
Jelly Jackson	SS	47	0	R	261	0.1877729257641921	0.2509803921568627	0.2314410480349345	0.2273862302202974	7.3	15.7	4.6	0.209	11.6	20	0	-2.07	-1.609
Bruno Block	C	41	5	R	258	0.2166666666666667	0.2509803921568627	0.3333333333333333	0.2581441167809543	3.9	20.8	2.3	0.266	32.7	52.94	-2.56	-5.58	0.465
Chick Fulmer	2B	41	0	R	256	0.2272727272727273	0.26171875	0.2644628099173554	0.2421356469728407	4.7	25.6	2.3	0.298	12.7	0	-0.47	-1.41	-0.703
Jorge Mateo	SS	47	5	R	255	0.1974789915966386	0.2371541501976284	0.3277310924369748	0.250365666730011	4.7	26.1	14.1	0.238	34	18.75	0.94	3.53	0.471
Jonathan Lucroy	C	48	0	R	253	0.1956521739130435	0.2569169960474308	0.2608695652173913	0.240704347575825	7.1	13.5	2.4	0.219	28.9	0	0	-1.66	-3.32
Justin Smoak	1B	69	0	S	253	0.2422907488986784	0.3122529644268774	0.4273127753303965	0.327104471450179	8.7	24.7	26.1	0.272	36.4	0	0	-4.98	1.66
Rube Foster	P	67	5	R	247	0.2288135593220339	0.2520325203252032	0.3983050847457627	0.2821797915265021	3.2	26.3	21.9	0.269	38.9	4.76	0	-0.49	0.729
Ichiro Suzuki	RF	61	0	L	244	0.2075471698113208	0.2638297872340425	0.2641509433962264	0.2441442528418923	6.6	15.6	0	0.239	22.7	20	2.21	2.46	-0.738
Tim Beckham	SS	48	0	R	244	0.2372881355932203	0.2592592592592592	0.3432203389830508	0.2676951714388168	2.5	25.4	12.3	0.298	23.2	15.38	0	-0.74	-0.246
Jackie Robinson	1B	58	5	R	243	0.3230088495575221	0.3662551440329218	0.495575221238938	0.3789566320407061	6.6	11.5	19.8	0.337	28.8	9.52	-1.48	-1.98	3.457
Austin Hedges	C	56	0	R	241	0.1936936936936937	0.2436974789915966	0.3198198198198198	0.252893448633758	5	25.7	12.4	0.236	39.5	5.88	0	-2.49	0.249
Dave Harris	LF	67	0	R	241	0.2073732718894009	0.2821576763485477	0.3271889400921659	0.2781217275094592	9.1	27.6	7.5	0.271	44.4	0	-3.73	-6.22	-1.743
Matt Davidson	1B	56	0	R	241	0.2285714285714286	0.325	0.3761904761904762	0.3200848559916069	10.4	25.7	19.9	0.27	31.2	0	0	-8.22	0.249
Jesus Alou	RF	59	0	R	240	0.2951541850220264	0.3179916317991632	0.4273127753303965	0.3252619094029204	3.3	4.4	2.5	0.301	34.3	21.74	0	2.75	2.25
Freddy Galvis	SS	58	5	S	235	0.2747747747747748	0.3021276595744681	0.5225225225225225	0.3516511060761257	3.8	21.6	25.5	0.305	54.1	6.06	0	-2.81	4.085
Cy Williams	RF	69	5	L	232	0.3045685279187818	0.3922413793103448	0.5279187817258884	0.3983744226603703	12.5	17.3	31	0.31	31.7	5.26	0	-1.29	3.879
Tom Herr	2B	58	0	S	232	0.2428571428571429	0.3	0.2952380952380952	0.2753204825695925	7.8	11	0	0.27	17.6	22.22	2.33	-5.95	-0.259
Coot Veal	SS	40	0	R	228	0.1732673267326733	0.2268518518518519	0.2128712871287129	0.2079023036596691	5.7	22.3	2.6	0.218	17.1	0	0	0.79	-4.474
Bruno Block	C	41	0	R	226	0.2046511627906977	0.2331838565022422	0.2837209302325581	0.2330127876180523	2.7	25.1	5.3	0.264	25	18.18	0	-0.8	-0.796
Darrel Chaney	SS	40	5	S	225	0.2536585365853659	0.3108108108108108	0.3219512195121951	0.2915481480613873	5.8	19.5	2.7	0.311	19.2	20	0	0.27	0
Don Bollweg	1B	50	5	L	224	0.2397959183673469	0.3348214285714285	0.3826530612244898	0.324718428160723	12.5	20.9	10.7	0.285	40.4	5.26	-1.61	-4.02	0.536
Hal Lanier	SS	43	5	R	224	0.1826923076923077	0.2046511627906977	0.1971153846153846	0.1863269440289417	1.8	13.5	0	0.21	7.9	0	0	2.95	-1.607
Tony Armas	CF	48	5	R	221	0.2598039215686275	0.2986425339366516	0.5392156862745098	0.354678630826714	5.9	28.4	43.4	0.276	47.2	0	0	2.99	3.258
Chick Fulmer	2B	41	5	R	219	0.2412060301507538	0.2949308755760369	0.3467336683417085	0.2893867574669599	6.4	15.6	5.5	0.274	29.2	21.43	0	1.64	1.096
Del Rice	C	40	0	R	218	0.1782178217821782	0.2258064516129032	0.2524752475247525	0.2196110465714991	5	34.2	5.5	0.256	30.6	0	0	-4.95	-4.128
Lou Brock	CF	51	5	L	218	0.2670157068062827	0.3532110091743119	0.387434554973822	0.3372609323023669	11	20.4	5.5	0.325	33.3	11.76	0	6.88	3.578
Tim McCarver	C	68	5	L	217	0.2261306532663317	0.2764976958525346	0.407035175879397	0.2967852838776832	6	6	22.1	0.203	37.8	17.65	-1.66	-1.11	1.935
Felipe Lopez	SS	68	0	S	214	0.2577319587628866	0.3127962085308057	0.3865979381443299	0.3115196863887935	7	19.1	14	0.294	28	7.14	0.56	4.49	1.682
Jerry Adair	2B	45	5	R	213	0.1930693069306931	0.2253521126760563	0.2722772277227723	0.2244008412282862	3.3	11.9	2.8	0.212	33.3	7.69	0	2.25	-1.127
Freddy Galvis	SS	58	0	S	213	0.2538071065989848	0.2957746478873239	0.3908629441624366	0.3037101763213981	5.6	22.8	14.1	0.3	32	6.25	0.56	-1.13	3.099
Jack Harshman	P	69	5	L	212	0.2032085561497326	0.2877358490566038	0.4117647058823529	0.3086845858561958	10.8	33.7	34	0.228	39.5	0	0	1.98	1.415
Del Rice	C	40	5	R	212	0.1884816753926702	0.2654028436018958	0.2513089005235602	0.244549785040495	9	30.9	2.8	0.267	27.8	0	-1.7	1.13	-1.981
Jimmy Crooks	C	68	0	L	206	0.1966292134831461	0.2857142857142857	0.3202247191011236	0.2763663223693803	10.2	23.6	14.6	0.226	34.3	0	0	-1.17	1.456
Derek Dietrich	2B	51	5	L	203	0.2023121387283237	0.2935323383084577	0.3468208092485549	0.2899892079019679	11.8	20.8	20.7	0.209	28.6	10	-1.77	-1.48	-0.887
Doug Flynn	2B	40	0	R	198	0.175531914893617	0.2040816326530612	0.2021276595744681	0.1885108567410271	2	13.8	0	0.202	12.1	25	-3.03	0.61	-4.848
Ty Wigginton	1B	54	5	R	196	0.264367816091954	0.3418367346938775	0.4712643678160919	0.3560171119816715	10.7	17.2	27.6	0.272	39.1	0	0	-4.29	3.367
George Pinkney	3B	40	5	R	195	0.2383720930232558	0.2989690721649484	0.313953488372093	0.2801322413931494	7.2	16.3	0	0.275	29.3	8.33	-1.85	-1.85	-0.615
Greg Briley	LF	64	5	L	194	0.1988304093567251	0.2938144329896907	0.4093567251461988	0.3118359804761165	11.3	22.8	21.6	0.216	50	29.41	0.62	4.95	1.546
Garret Anderson	LF	64	5	L	191	0.2880434782608696	0.3089005235602094	0.3804347826086957	0.3068397647849445	2.6	11.4	0	0.323	26.4	21.43	-1.57	1.88	4.084
Tim McCarver	C	68	0	L	191	0.2873563218390804	0.3403141361256545	0.4482758620689655	0.3478579104244383	6.8	10.3	12.6	0.299	34	17.65	0.63	-1.57	4.398
Charlie Eden	LF	40	0	L	190	0.2456140350877193	0.3157894736842105	0.3333333333333333	0.2979913838702705	8.9	19.9	3.2	0.299	26.2	18.18	0	-1.89	-2.211
Billy Jurges	SS	57	5	R	189	0.2424242424242424	0.3174603174603174	0.2909090909090909	0.2827210922470307	8.5	14.5	0	0.276	20	0	0	-2.54	2.54
Rafael Landestoy	2B	44	5	S	188	0.2413793103448276	0.2834224598930482	0.367816091954023	0.2883928372422829	5.9	15.5	3.2	0.277	35.7	33.33	-1.28	4.79	1.277
Vince DiMaggio	CF	46	5	R	187	0.1875	0.2311827956989247	0.3409090909090909	0.2527927003203974	5.3	26.7	16	0.226	48.5	6.25	-1.6	1.93	0
Eddie Rosario	LF	51	0	L	186	0.2701149425287356	0.3118279569892473	0.4252873563218391	0.3254173349413486	5.4	11.5	19.4	0.275	29.8	7.14	0	-0.65	2.581
Steve Balboni	1B	43	5	R	185	0.1754385964912281	0.2108108108108108	0.3742690058479532	0.2500301380540301	3.8	46.8	32.4	0.233	46.7	0	0	0.97	-2.595
Buck Rodgers	C	42	5	S	183	0.2678571428571428	0.2994350282485876	0.3809523809523809	0.3029776950352269	3.3	15.5	6.6	0.305	31.1	7.14	0	4.92	1.639
Roldy Brito	CF	69	0	S	183	0.2760736196319019	0.3442622950819672	0.3987730061349693	0.3346607946092892	8.7	16.6	9.8	0.311	28.9	7.69	-2.3	4.59	3.607
Ken Griffey Jr.	LF	50	0	L	183	0.2251655629139073	0.3442622950819672	0.4304635761589404	0.3412966458675366	15.8	29.1	29.5	0.248	38.2	0	0	-2.3	1.967
Tony Fernandez	2B	65	0	S	181	0.2469879518072289	0.2768361581920904	0.3975903614457831	0.2953245220630402	2.8	8.4	19.9	0.235	31.7	0	0	0.33	1.989
Will Venable	RF	59	5	L	178	0.2559523809523809	0.2977528089887641	0.4285714285714285	0.3191643439666601	5.1	28.6	20.2	0.325	32.6	21.43	3.03	4.04	3.371
Brooks Robinson	3B	49	5	R	178	0.1939393939393939	0.2386363636363636	0.3333333333333333	0.2535206439740674	5.6	20.6	13.5	0.219	40.6	15.38	0	-3.71	1.011
Milton Lewis	2B	67	5	L	177	0.25	0.3107344632768362	0.4743589743589743	0.3356090824145096	7.9	20.5	23.7	0.262	51.3	5	0	1.02	3.729
Buck Rodgers	C	42	0	S	176	0.2208588957055215	0.2727272727272727	0.3312883435582822	0.2727034134047628	6.2	12.3	10.2	0.234	33.3	0	0	-3.41	0
Mike Pagliarulo	3B	56	5	L	175	0.2264150943396226	0.2816091954022988	0.3396226415094339	0.27996493584265	6.3	24.5	10.3	0.277	30.6	9.09	0	0.69	-0.343
Bill Everitt	1B	42	0	L	174	0.2181818181818182	0.2543352601156069	0.2484848484848485	0.2330176551355188	4.6	28.5	0	0.305	11.1	25	0.69	0.34	-3.793
Paul DeJong	SS	68	0	R	174	0.1858974358974359	0.2413793103448276	0.2884615384615384	0.2390872959570579	7.5	21.2	10.3	0.208	34.5	0	0	5.17	-1.034
Willson Contreras	C	69	0	R	172	0.2580645161290323	0.3216374269005848	0.367741935483871	0.3128265837992512	7.6	22.6	14	0.308	22.5	0	0	1.05	1.744
Jim Hegan	C	46	0	R	171	0.2	0.2544378698224852	0.3225806451612903	0.2588162191210112	7	23.2	10.5	0.237	38.7	8.33	0	-0.7	0.702
Tom O&#39;Brien	1B	43	5	R	170	0.2	0.2411764705882353	0.30625	0.2458131382086363	4.7	18.1	10.6	0.225	31.2	10	2.47	-0.71	-1.765
Jim Hickman	CF	56	5	R	168	0.2278481012658228	0.2590361445783133	0.4430379746835443	0.2999850546897812	3.6	21.5	32.1	0.233	44.4	0	0	1.43	2.5
Jerry Adair	2B	45	0	R	167	0.3026315789473684	0.3353658536585366	0.4342105263157895	0.3366052502958361	4.8	14.5	7.2	0.336	32.6	6.67	0	-3.23	2.874
Brice Turang	2B	55	5	L	165	0.1812080536912752	0.2424242424242424	0.2416107382550336	0.225744508124567	7.3	13.4	0	0.205	33.3	0	3.27	-1.82	-0.727
Bill Buckner	LF	64	5	L	165	0.3066666666666666	0.3515151515151515	0.56	0.3870247241201431	7.3	5.3	21.8	0.288	50	13.04	2.55	1.45	5.091
Chris Cannizzaro	C	65	5	R	160	0.1865671641791045	0.3	0.2537313432835821	0.2668681678668143	13.1	20.1	0	0.227	36	0	0	-7.12	-0.75
Dustin Pedroia	2B	66	5	R	156	0.2777777777777778	0.3333333333333333	0.4375	0.3424260961966866	7.1	6.9	7.7	0.288	47.5	0	0.38	3.46	3.846
Doug Mirabelli	C	50	0	R	155	0.2153846153846154	0.326797385620915	0.3384615384615385	0.3083146332182334	14.2	23.8	11.6	0.258	32.1	11.11	0	-5.81	2.323
Esteban Quiroz	2B	56	5	L	153	0.2573529411764706	0.326797385620915	0.3970588235294117	0.3242035262970295	9.8	16.9	15.7	0.279	31.4	0	0	-3.53	2.353
Bob Horner	1B	44	5	R	153	0.2444444444444444	0.3202614379084967	0.3185185185185185	0.2927664741394106	10.5	12.6	3.9	0.269	24.2	0	0	-10.59	-1.569
John Leary	1B	40	5	R	151	0.2158273381294964	0.271523178807947	0.2949640287769784	0.2601853884605095	5.3	18	4	0.254	26.7	12.5	-1.19	3.58	-0.397
Cy Williams	RF	69	0	L	148	0.2296296296296296	0.2972972972972973	0.4740740740740741	0.3327358665824635	8.1	13.3	40.5	0.196	38.7	8.33	0	0.81	2.432
Henry Blanco	C	54	5	R	148	0.2196969696969697	0.2857142857142857	0.3257575757575757	0.2780630469450697	7.4	20.5	4.1	0.264	37.9	9.09	0	-6.89	1.622
Gates Brown	LF	58	5	L	147	0.2196969696969697	0.2993197278911565	0.4242424242424243	0.3204044215256824	7.5	13.6	24.5	0.213	44.8	15.38	-2.86	4.49	2.041
Clyde Vollmer	RF	55	5	R	147	0.2061068702290076	0.2808219178082192	0.4274809160305343	0.3102926800165011	8.8	20.6	36.7	0.188	40.7	0	0	-2.45	2.041
Tony Gwynn	CF	58	0	L	145	0.2164179104477612	0.2569444444444444	0.2985074626865671	0.2509067131196205	4.8	18.7	0	0.261	34.5	10	0	1.24	-0.828
Brett Butler	CF	64	5	L	142	0.3529411764705883	0.4388489208633093	0.4453781512605042	0.402075745230378	12.7	10.9	0	0.393	21.4	22.22	-3.8	13.52	5.915
Ketel Marte	SS	68	0	S	140	0.2945736434108527	0.3381294964028777	0.3953488372093023	0.3293418274419212	5.7	12.4	4.3	0.327	26.3	10	-2.57	4.29	3
Zack Taylor	C	40	0	R	139	0.2137404580152672	0.2446043165467626	0.2595419847328244	0.2301831278119178	4.3	9.9	4.3	0.227	14.3	0	-2.59	-5.61	-4.317
Steve Swisher	C	45	5	R	138	0.2622950819672131	0.3308823529411765	0.3524590163934426	0.3128479708706963	8.7	25.4	8.7	0.333	21.9	0	0	-5.65	2.174
Josh Phegley	C	51	0	R	136	0.2786885245901639	0.3235294117647059	0.3360655737704918	0.2995658282242268	6.6	14.8	4.4	0.308	14.7	0	0	-4.41	0
Patricio Scantlebury	P	56	5	L	136	0.2936507936507937	0.3455882352941176	0.373015873015873	0.321046762090006	7.4	11.1	0	0.33	24.3	11.11	0	-6.18	0
Joey Votto	1B	61	5	L	135	0.3089430894308943	0.3703703703703703	0.4308943089430894	0.3608990048133359	8.1	18.7	8.9	0.367	28.9	0	0	-13.33	3.111
Bunny Brief	1B	40	0	R	135	0.2644628099173554	0.3308270676691729	0.4297520661157025	0.3383723464810677	8.1	32.2	13.3	0.367	37.5	16.67	0	-1.78	0.889
Eddie Robinson	1B	67	5	L	135	0.1818181818181818	0.3208955223880597	0.3363636363636364	0.3031054143936292	16.3	20.9	22.2	0.181	30	16.67	0	-5.78	-0.444
Dustin Pedroia	2B	66	0	R	135	0.2540983606557377	0.3037037037037037	0.319672131147541	0.2806082733234477	7.4	14.8	0	0.29	25.8	0	-5.33	0	0.444
Jorge Mateo	SS	47	0	R	134	0.3103448275862069	0.3359375	0.4310344827586207	0.3344805805104882	4.5	16.4	9	0.34	19.4	42.86	1.79	7.61	4.925
Gus Zernial	LF	59	5	R	133	0.3166666666666667	0.3759398496240601	0.5333333333333333	0.3962617383458737	8.3	20.8	27.1	0.356	34.2	7.69	0	3.16	5.414
Jay Faatz	1B	41	0	R	132	0.1694915254237288	0.2384615384615385	0.2457627118644068	0.2266217373201163	7.6	15.3	9.1	0.182	25	0	3.18	8.18	-1.818
Jim Tabor	3B	54	5	R	131	0.256198347107438	0.3129770992366412	0.4628099173553719	0.3401642698886041	6.9	9.9	27.5	0.243	41.9	0	0	0.46	4.122
Tom Herr	2B	58	5	S	130	0.2583333333333334	0.3153846153846154	0.325	0.295114374046579	6.2	8.3	4.6	0.275	16.1	20	2.77	-0.92	2.308
Joe Torre	C	57	0	R	129	0.2682926829268293	0.2890625	0.3983739837398374	0.3021309902801585	3.1	23.6	9.3	0.333	33.3	9.09	0	-0.93	1.86
Eliezer Alfonzo	C	48	0	S	129	0.2457627118644068	0.3046875	0.2966101694915254	0.2798157959000593	7	14.4	0	0.287	20.7	0	0	-0.47	0.465
Babe Pinelli	3B	44	0	R	128	0.288135593220339	0.3333333333333333	0.3983050847457627	0.3286409701373098	4.7	12.7	4.7	0.324	26.5	22.22	0	1.88	4.219
Al Burch	CF	41	5	L	126	0.2327586206896552	0.288	0.2586206896551724	0.2573083843719833	7.1	17.2	0	0.281	11.1	0	3.33	0.95	-0.952
Johnny Neun	1B	63	5	S	125	0.2522522522522522	0.336	0.3063063063063063	0.3021832288048804	11.2	15.3	0	0.298	21.4	0	-0.96	-0.48	0.48
J.J. Hardy	SS	64	0	R	124	0.2072072072072072	0.2764227642276423	0.3423423423423423	0.2795049587860946	8.1	13.5	19.4	0.204	30.4	0	0	-0.97	2.903
Ed Morgan	RF	66	5	R	124	0.3119266055045872	0.3870967741935484	0.4128440366972477	0.3597070610369789	10.5	21.1	4.8	0.384	17.6	50	-1.94	6.29	2.419
Bill Shipke	3B	40	0	R	123	0.2454545454545455	0.3140495867768595	0.3454545454545455	0.300918012598449	8.1	16.4	0	0.293	29.6	37.5	0.98	5.37	2.439
David Freese	3B	55	5	R	123	0.2543859649122807	0.3008130081300813	0.3508771929824561	0.2942854736775711	5.7	20.2	9.8	0.3	24.1	0	0	-3.41	0
Aaron Boone	3B	59	5	R	122	0.2280701754385965	0.256198347107438	0.3245614035087719	0.2586370849405453	3.3	14.9	9.8	0.247	26.9	0	0.98	4.43	1.967
Andrew Benintendi	LF	59	5	L	120	0.3009708737864077	0.3916666666666667	0.4368932038834951	0.3711308392750776	12.5	19.4	10	0.354	32.3	0	0	-1	3
Tim Foli	SS	62	0	R	119	0.3076923076923077	0.3478260869565217	0.4038461538461539	0.3349734002875143	6.7	8.7	5	0.32	25	0	0	4.03	3.025
George Hunter	RF	40	5	S	117	0.2549019607843137	0.3418803418803419	0.4019607843137255	0.334603861879148	12	20.6	10.3	0.3	34.6	22.22	0	-0.51	1.538
Nick Pratto	1B	45	0	L	117	0.2233009708737864	0.2982456140350877	0.3398058252427185	0.2922352094885755	7.7	37.9	15.4	0.328	26.1	0	0	1.03	-0.513
Danny Tartabull	RF	63	0	R	117	0.2474226804123711	0.3760683760683761	0.3402061855670103	0.3383534263639004	17.1	30.9	10.3	0.338	20.8	0	0	3.59	1.538
Jung-hoo Lee	RF	69	0	L	115	0.2924528301886792	0.3217391304347826	0.4245283018867925	0.3267982679092501	5.2	20.8	10.4	0.341	29	11.11	0	7.3	3.652
Billy Bean	CF	40	0	L	115	0.1844660194174757	0.2566371681415929	0.2427184466019418	0.2371017056021465	6.1	24.3	5.2	0.234	21.1	0	0	0	-1.043
Burgess Whitehead	2B	58	0	R	114	0.1844660194174757	0.2566371681415929	0.2330097087378641	0.2331231756997718	8.8	2.9	5.3	0.182	15.8	0	0	7.37	-0.526
Sammie Haynes	C	40	0	R	113	0.2307692307692308	0.2727272727272727	0.2788461538461539	0.2543712751664727	5.3	20.2	0	0.289	20.8	0	0	-8.5	-2.124
Ken Griffey Jr.	LF	50	5	L	112	0.1683168316831683	0.25	0.2475247524752475	0.235459088850111	8.9	22.8	10.7	0.197	23.5	0	0	-2.68	-3.214
Cal McVey	1B	47	5	R	111	0.1919191919191919	0.2592592592592592	0.2424242424242424	0.2367367612647077	8.1	17.2	0	0.232	21.1	25	2.7	-2.7	-2.162
Joey Votto	1B	61	1	L	110	0.2376237623762376	0.2844036697247707	0.3663366336633663	0.2904408080330953	5.5	14.9	16.4	0.25	29.2	0	0	-1.64	0
Mule Haas	CF	69	5	L	110	0.2079207920792079	0.2636363636363636	0.2772277227722773	0.249398952730643	7.3	15.8	5.5	0.235	23.8	0	0	-5.45	-0.545
Brandon Lockridge	LF	50	0	R	107	0.2315789473684211	0.2952380952380952	0.3052631578947368	0.2771225243220354	7.5	28.4	5.6	0.309	22.7	0	-1.68	1.68	0
Kevin Newman	2B	47	5	R	107	0.2727272727272727	0.308411214953271	0.3232323232323233	0.2863425910738792	5.6	12.1	0	0.303	11.1	66.67	-2.24	1.12	0
Daulton Varsho	CF	63	5	L	107	0.2197802197802198	0.3364485981308411	0.3626373626373626	0.3222799844190822	14	19.8	11.2	0.254	40	12.5	-5.61	0	2.243
Cameron Maybin	CF	62	0	R	107	0.17	0.2169811320754717	0.25	0.2142046608399675	5.6	41	5.6	0.276	35.3	0	2.24	2.24	-2.243
Derek Dietrich	2B	51	0	L	107	0.2315789473684211	0.2897196261682243	0.3473684210526316	0.2859537730957204	6.5	25.3	16.8	0.268	22.7	0	1.12	-5.61	-0.561
Bobby Abreu	RF	46	0	L	106	0.2553191489361702	0.3269230769230769	0.3191489361702128	0.3001557055350459	9.4	23.4	5.7	0.324	12.5	33.33	3.96	2.26	2.83
Tony Armas	CF	48	0	R	106	0.2673267326732673	0.2924528301886792	0.3861386138613861	0.2962075866157443	3.8	25.7	17	0.329	22.2	0	0	-0.57	-1.132
Kody Clemens	1B	63	0	L	105	0.2021276595744681	0.2857142857142857	0.3404255319148936	0.2857032572531822	8.6	24.5	17.1	0.235	31.6	16.67	-6.29	3.43	-1.143
Duffy Lewis	LF	54	5	R	105	0.2427184466019418	0.2571428571428571	0.3106796116504854	0.2544162395935969	1.9	26.2	0	0.329	28	0	0	2.29	-1.714
Jay Faatz	1B	41	5	R	105	0.2340425531914894	0.3047619047619048	0.2978723404255319	0.2805933175848392	8.6	16	5.7	0.266	18.2	0	1.14	5.71	0
Ken Boswell	2B	57	5	L	104	0.2473118279569892	0.3269230769230769	0.3225806451612903	0.3021153865459336	9.6	18.3	5.8	0.293	17.4	25	1.15	5.77	2.308
Harry Wolter	RF	44	5	L	104	0.2906976744186047	0.3653846153846154	0.4069767441860465	0.3440545778255446	10.6	15.1	0	0.321	36	11.11	1.15	4.62	4.038
Don Padgett	RF	52	5	L	104	0.173469387755102	0.2058823529411765	0.3163265306122449	0.2303069261046601	2.9	17.3	23.1	0.169	35.3	0	0	-0.58	-0.577
Lou Brock	CF	51	0	L	104	0.2989690721649484	0.3461538461538461	0.5154639175257731	0.3742860409331642	5.8	24.7	11.5	0.38	44.8	30.77	0	7.5	3.462
Pretzels Getzien	P	64	5	R	104	0.2291666666666667	0.2884615384615384	0.3541666666666667	0.2894243880123373	6.7	29.2	5.8	0.313	36.4	25	1.15	6.92	0.577
Joe Birmingham	CF	54	5	R	101	0.3118279569892473	0.3663366336633663	0.4516129032258064	0.3654498727752907	5.9	11.8	11.9	0.338	27.6	12.5	0	-4.16	4.752
Eddie Rosario	LF	51	5	L	101	0.3541666666666667	0.3762376237623762	0.5625	0.4069619439486811	4	7.3	29.7	0.341	29.4	0	1.19	0.59	4.752
Ozzie Albies	2B	58	5	S	99	0.25	0.3333333333333333	0.4772727272727273	0.3559011706491152	7.1	12.5	18.2	0.257	50	27.27	4.24	6.06	3.636
Clyde Vollmer	RF	55	0	R	99	0.2808988764044944	0.3434343434343434	0.449438202247191	0.3503517188726072	9.1	30.3	24.2	0.356	24	16.67	0	1.82	3.636
Andre Dawson	RF	58	0	R	97	0.2150537634408602	0.2474226804123711	0.3440860215053764	0.2622802556579827	4.1	10.8	12.4	0.222	40	0	-3.71	-2.47	-1.856
Bill Gatewood	P	62	5	R	96	0.264367816091954	0.3052631578947368	0.4022988505747127	0.3122566348517995	5.2	32.2	18.8	0.345	26.1	0	0	-0.62	0.625
Luis Aparicio	SS	52	5	R	95	0.2235294117647059	0.2872340425531915	0.3529411764705883	0.2870293283079699	8.4	14.1	6.3	0.247	36.8	28.57	1.26	4.42	0.632
Frank Duncan	C	61	5	L	94	0.2650602409638554	0.3404255319148936	0.3855421686746988	0.3287398279784473	10.6	14.5	19.1	0.275	18.2	0	-1.91	3.19	3.83
Emilio Bonifacio	3B	47	0	S	94	0.2261904761904762	0.2747252747252747	0.2857142857142857	0.2574204903429934	5.3	25	0	0.297	21.1	25	0	-7.02	-0.638
Gabby Hartnett	C	66	0	R	93	0.2954545454545455	0.3225806451612903	0.5681818181818182	0.3794950891222857	4.3	21.6	45.2	0.302	38.5	0	0	0	4.516
Joe Carter	RF	64	5	R	92	0.2674418604651163	0.2934782608695652	0.5348837209302325	0.3500328947511161	3.3	19.8	32.6	0.273	56.5	0	0	2.61	5.217
Ivan De Jesus	SS	41	5	R	91	0.1518987341772152	0.2111111111111111	0.1772151898734177	0.1862989261056384	5.5	21.5	0	0.182	16.7	0	2.64	-0.66	-4.615
Ramon Webster	1B	42	5	L	90	0.2592592592592592	0.3111111111111111	0.308641975308642	0.2847868343897512	7.8	17.3	6.7	0.294	9.5	0	1.33	6	0
Rickey Henderson	LF	68	0	R	90	0.1948051948051948	0.3111111111111111	0.2597402597402597	0.2763947886490087	14.4	28.6	6.7	0.259	20	0	-2	2.67	-0.667
Donald Reeves	RF	69	5	L	89	0.275	0.3258426966292135	0.475	0.347892750303107	5.6	20	27	0.29	36.4	0	-3.37	4.72	2.697
Cam Smith	RF	55	0	R	88	0.2625	0.3218390804597701	0.325	0.2990855837952128	6.8	28.8	6.8	0.357	14.3	0	-2.05	1.36	1.364
Luisangel Acuna	SS	47	0	R	88	0.2278481012658228	0.2790697674418605	0.2911392405063291	0.2624023790370513	5.7	32.9	6.8	0.321	16.7	0	2.73	-1.36	-3.409
Bobby Thomson	LF	49	0	R	88	0.2625	0.3295454545454545	0.475	0.3534127738620472	6.8	12.5	27.3	0.258	38.1	12.5	0	-2.05	5.455
Gus Mancuso	C	58	0	R	88	0.1807228915662651	0.2045454545454546	0.2289156626506024	0.1963062263357414	3.4	7.2	6.8	0.179	13.3	0	0	-2.73	-2.727
Gates Brown	LF	58	0	L	87	0.2702702702702703	0.367816091954023	0.4864864864864865	0.3765871749923748	11.5	18.9	27.6	0.281	40	0	-6.21	1.38	2.759
Craig Reynolds	SS	68	5	L	87	0.2533333333333334	0.3214285714285715	0.32	0.2905227844176388	8	10.7	0	0.279	15.8	66.67	0	3.45	2.069
Rafael Landestoy	2B	44	0	S	86	0.1842105263157895	0.2289156626506024	0.3289473684210527	0.2440831125895007	5.8	17.1	7	0.203	50	28.57	-3.49	4.19	-4.884
Doug Flynn	2B	40	5	R	85	0.1707317073170732	0.2	0.2317073170731707	0.1971136746695115	2.4	7.3	7.1	0.173	21.4	0	0	3.53	-2.824
Joe Scott	1B	54	5	L	85	0.2531645569620253	0.3058823529411765	0.4430379746835443	0.3287256117950828	5.9	19	21.2	0.279	35	28.57	0	0	2.118
Jeimer Candelario	3B	56	0	S	85	0.2531645569620253	0.2941176470588235	0.4430379746835443	0.3207005274766667	5.9	17.7	21.2	0.27	45	0	0	1.41	2.824
Nick Gonzales	3B	66	0	R	84	0.2467532467532468	0.2891566265060241	0.3246753246753247	0.2784588863895744	4.8	15.6	7.1	0.277	21.1	0	0	1.43	0
George McBride	SS	63	0	R	84	0.2112676056338028	0.3012048192771085	0.3098591549295774	0.2829218696544016	9.5	18.3	7.1	0.237	33.3	0	0	2.86	2.143
John Bateman	C	44	0	R	83	0.2432432432432433	0.2962962962962963	0.4324324324324325	0.3180516712089138	6	20.3	21.7	0.263	33.3	33.33	0	-10.84	2.169
Jose Fernandez	1B	46	0	R	82	0.2394366197183098	0.2911392405063291	0.352112676056338	0.2876073972207061	7.3	25.4	14.6	0.283	23.5	0	1.46	-0.73	0.732
Joe DiMaggio	CF	64	0	R	82	0.2266666666666667	0.2926829268292683	0.2533333333333334	0.259226115784858	8.5	17.3	0	0.274	11.8	0	0	-0.73	0.732
Chris Singleton	CF	45	0	L	81	0.2318840579710145	0.3125	0.463768115942029	0.3365146297765931	9.9	10.1	29.6	0.2	50	0	3.7	-0.74	2.222
Jeff Frye	2B	42	0	R	81	0.217948717948718	0.225	0.2564102564102564	0.2154460039075131	1.2	24.4	0	0.283	11.8	50	0	0.74	-2.963
Rick Miller	CF	59	0	L	81	0.2567567567567567	0.3	0.3918918918918919	0.3007682795571597	6.2	20.3	7.4	0.305	36.8	14.29	-4.44	2.96	0.741
Matt Mervis	1B	50	0	L	80	0.2638888888888889	0.3205128205128205	0.5694444444444444	0.3805444564781272	6.2	31.9	52.5	0.286	42.1	0	0	-3	3
Evan Longoria	3B	69	5	R	80	0.25	0.3	0.4305555555555556	0.3127228324845918	7.5	22.2	15	0.286	50	0	0	-6.75	0.75
Chris Cannizzaro	C	65	0	R	80	0.2463768115942029	0.3164556962025317	0.2608695652173913	0.2736832251513008	10	14.5	0	0.279	5.9	0	0	3.75	-0.75
Julio Franco	2B	69	0	R	79	0.2318840579710145	0.3164556962025317	0.3043478260869565	0.2901145475064346	10.1	14.5	7.6	0.254	18.8	0	1.52	3.8	2.278
Doug Mirabelli	C	50	5	R	79	0.2714285714285714	0.3417721518987342	0.4571428571428571	0.3528838109619438	7.6	25.7	30.4	0.306	26.3	0	0	-3.8	4.557
Moises Ballesteros	C	61	0	L	78	0.2142857142857143	0.2857142857142857	0.3571428571428572	0.2905783641948065	7.7	28.6	15.4	0.271	40	0	0	-2.31	0.769
J.T. Realmuto	C	57	0	R	77	0.1690140845070423	0.2236842105263158	0.3380281690140845	0.2487004921059378	6.5	29.6	23.4	0.191	50	0	0	3.12	-1.558
Josh Phegley	C	51	5	R	77	0.2253521126760563	0.2763157894736842	0.2816901408450704	0.2581284032029851	6.5	15.5	0	0.267	25	0	0	3.9	-0.779
Gregg Zaun	C	59	0	S	77	0.2394366197183098	0.2857142857142857	0.3098591549295774	0.2712640780823924	6.5	15.5	0	0.279	29.4	0	0	-10.91	0
John Bissant	LF	48	0	R	77	0.3076923076923077	0.375	0.4307692307692308	0.3625317316934824	7.8	10.8	0	0.345	30	33.33	0	-0.78	2.338
Ralph Young	2B	68	5	S	76	0.2571428571428571	0.3157894736842105	0.4	0.3203187438702838	6.6	8.6	15.8	0.258	27.8	20	0	0.79	1.579
Akil Baddoo	LF	69	0	L	75	0.3088235294117647	0.3733333333333334	0.4558823529411765	0.3709246716923216	9.3	19.1	24	0.346	19	0	1.6	4	4.8
Lou Criger	C	51	0	R	75	0.2028985507246377	0.2533333333333334	0.3188405797101449	0.2555284093867374	6.7	20.3	0	0.25	42.9	33.33	-4	-0.8	-0.8
Jimmy Walsh	CF	51	0	R	75	0.2173913043478261	0.28	0.3188405797101449	0.2725197368312318	8	8.7	0	0.238	33.3	40	0	1.6	-1.6
Al Spohrer	C	43	0	R	75	0.2361111111111111	0.2533333333333334	0.2916666666666667	0.2447386362914971	2.7	27.8	0	0.321	23.5	0	0	-0.8	-1.6
Dexter Fowler	CF	53	0	S	75	0.2537313432835821	0.3333333333333333	0.2985074626865671	0.2973910277731287	10.7	29.9	0	0.362	11.8	50	3.2	-15.2	0
Max Carey	LF	60	5	S	74	0.1746031746031746	0.2837837837837838	0.3174603174603174	0.2778753702102867	12.2	12.7	24.3	0.151	27.3	0	0	-1.62	-0.811
Andres Galarraga	1B	59	0	R	74	0.25	0.3108108108108108	0.5882352941176471	0.3811757276430277	6.8	30.9	48.6	0.268	64.7	0	1.62	1.62	4.865
Mario Guerrero	SS	46	0	R	73	0.2857142857142857	0.3013698630136986	0.3714285714285714	0.2981986139057834	2.7	12.9	0	0.323	25	20	-4.11	2.47	1.644
Frank Malzone	3B	58	5	R	72	0.2835820895522388	0.3333333333333333	0.3880597014925373	0.3199673617719584	6.9	6	8.3	0.29	26.3	0	0	-10	1.667
Willy Adames	SS	66	0	R	71	0.2096774193548387	0.3098591549295774	0.4193548387096774	0.3250966705996756	11.3	19.4	16.9	0.229	69.2	0	0	-9.3	0
Dominic Fletcher	RF	49	0	L	71	0.2166666666666667	0.3043478260869565	0.2833333333333333	0.2773263847647505	8.5	25	8.5	0.267	15.4	0	0	-4.23	-2.535
Jim Bottomley	1B	60	5	L	71	0.3076923076923077	0.3661971830985916	0.5846153846153846	0.4092481721468105	7	21.5	25.4	0.354	55	9.09	0	0.85	4.225
Randy Jackson	3B	62	5	R	71	0.3181818181818182	0.352112676056338	0.4696969696969697	0.3607112423722842	4.2	13.6	8.5	0.351	33.3	14.29	0	-8.45	4.225
Caleb Durbin	3B	50	0	R	70	0.2333333333333333	0.3188405797101449	0.35	0.305938157442065	10	15	17.1	0.24	21.4	0	1.71	6	2.571
Lance Johnson	CF	67	5	L	68	0.2698412698412698	0.3235294117647059	0.3809523809523809	0.3161581542314879	7.4	12.7	0	0.309	23.5	75	1.76	11.47	4.412
Andy Etchebarren	C	63	0	R	68	0.2857142857142857	0.3283582089552239	0.5396825396825397	0.3751616606890534	4.4	27	44.1	0.317	33.3	0	0	-1.76	6.176
Buddy Hassett	1B	50	0	L	67	0.2833333333333333	0.3384615384615385	0.3833333333333334	0.3206703237460908	7.5	10	0	0.315	35.3	0	0	3.58	0
Jake Stephens	SS	64	5	R	67	0.3584905660377358	0.4545454545454545	0.4716981132075472	0.4147790016863832	16.4	7.5	0	0.373	26.3	20	1.79	-1.79	7.164
Mickey Mantle	1B	68	5	S	66	0.293103448275862	0.3484848484848485	0.603448275862069	0.3994461576724275	9.1	17.2	45.5	0.267	47.1	0	0	0	4.545
Duffy Dyer	C	69	0	R	65	0.2758620689655172	0.3225806451612903	0.396551724137931	0.3218059351332834	6.2	27.6	9.2	0.366	25	25	0	-3.69	4.615
Byron Buxton	CF	64	5	R	65	0.3064516129032258	0.3230769230769231	0.5806451612903226	0.382380144001729	1.5	21	27.7	0.34	47.4	22.22	3.69	4.62	7.385
Wid Conroy	3B	53	5	R	64	0.1666666666666667	0.2857142857142857	0.2777777777777778	0.2605682340045808	14.1	24.1	9.4	0.2	44.4	0	-0.94	3.75	-0.937
Jimmy Austin	3B	58	0	S	64	0.2758620689655172	0.3114754098360656	0.3275862068965517	0.2919658155526889	4.7	13.8	0	0.32	18.8	0	1.88	5.62	1.875
Joey Votto	1B	61	0	L	64	0.1346153846153846	0.296875	0.1730769230769231	0.2469970688704423	17.2	19.2	0	0.167	28.6	0	0	4.69	-1.875
Bobby Brown	CF	58	0	S	64	0.15	0.203125	0.2333333333333333	0.2007491496924422	6.2	28.3	0	0.209	44.4	25	0	0.94	-4.688
Roger Metzger	SS	43	0	S	64	0.2631578947368421	0.3333333333333333	0.2631578947368421	0.2860836500426316	7.8	22.8	0	0.341	0		1.88	0.94	0
Jordan Danks	CF	45	0	L	64	0.1964285714285714	0.265625	0.3214285714285715	0.2645593636677547	7.8	30.4	18.8	0.231	27.3	0	0	0.94	-1.875
Tony Pena Sr.	C	62	5	R	64	0.2258064516129032	0.234375	0.3870967741935484	0.2667937731142574	1.6	14.5	9.4	0.245	57.1	0	0	2.81	1.875
Ketel Marte	SS	68	5	S	63	0.2586206896551724	0.3174603174603174	0.3448275862068966	0.3029014573374301	7.9	17.2	9.5	0.298	20	0	0	0.95	0.952
Chris Sabo	3B	61	0	R	63	0.2833333333333333	0.3174603174603174	0.4166666666666667	0.3271214345554121	1.6	18.3	19	0.319	23.5	0	0	0	1.905
Tony Gwynn Jr.	LF	60	5	L	63	0.1403508771929824	0.2222222222222222	0.1578947368421053	0.190214977836993	9.5	22.8	0	0.182	12.5	0	-5.71	3.81	-2.857
Charles Zimmer	C	48	5	R	62	0.2407407407407407	0.3	0.3518518518518519	0.2936104010926865	6.5	9.3	9.7	0.245	23.1	33.33	0	-10.65	0.968
Brent Mayne	C	67	0	L	62	0.1428571428571428	0.2131147540983606	0.1785714285714286	0.1909685557879897	6.5	26.8	0	0.195	25	0	0	2.9	-3.871
Ron LeFlore	LF	48	0	R	61	0.09259259259259259	0.1967213114754098	0.1296296296296296	0.1602242318279538	11.5	25.9	0	0.125	40	0	-4.92	4.92	-5.902
Paul DeJong	SS	68	5	R	61	0.2	0.2786885245901639	0.3636363636363636	0.2810181263844646	9.8	21.8	19.7	0.22	36.4	25	0	4.92	1.967
Garret Anderson	LF	49	5	L	61	0.2280701754385965	0.2459016393442623	0.3157894736842105	0.247388231040418	3.3	19.3	9.8	0.255	23.1	0	0	4.92	0
Rick Monday	CF	69	0	L	61	0.2363636363636364	0.3114754098360656	0.2909090909090909	0.282826936701529	9.8	30.9	0	0.342	23.1	0	-4.92	7.87	-0.984
Hal Lee	LF	43	0	R	60	0.2105263157894737	0.25	0.2807017543859649	0.2424199853386206	5	29.8	10	0.282	16.7	0	0	5	-2
Otto Miller	C	40	5	R	60	0.1666666666666667	0.2333333333333333	0.2777777777777778	0.2335487485484663	6.7	16.7	10	0.178	44.4	0	0	0	-2
Bernie Carbo	LF	56	0	L	60	0.2	0.2542372881355932	0.32	0.2534375045861333	5	18	10	0.205	40	0	0	0	-1
Joey Ortiz	SS	61	0	R	59	0.2641509433962264	0.3389830508474576	0.3207547169811321	0.3078366000768803	10.2	24.5	0	0.35	21.4	0	0	5.08	3.051
Mike Pagliarulo	3B	56	0	L	59	0.2264150943396226	0.288135593220339	0.3207547169811321	0.2771702205937303	8.5	26.4	10.2	0.282	25	0	0	1.02	1.017
Al Spohrer	C	43	5	R	59	0.3035714285714285	0.3389830508474576	0.3214285714285715	0.305093437425548	5.1	14.3	0	0.354	5.9	0	0	3.05	1.017
Andy Etchebarren	C	63	5	R	59	0.24	0.3559322033898305	0.4	0.3463321188953111	10.2	18	20.3	0.256	33.3	0	0	3.05	4.068
Keibert Ruiz	C	50	0	S	58	0.1851851851851852	0.2068965517241379	0.2222222222222222	0.1942528561261075	3.4	7.4	0	0.192	20	0	0	-4.14	-4.138
Nelson Santovenia	C	49	5	R	58	0.1666666666666667	0.2068965517241379	0.2962962962962963	0.2223177178036769	5.2	25.9	10.3	0.2	55.6	0	0	0	-3.103
Don Kessinger	SS	69	0	S	56	0.1886792452830189	0.2321428571428572	0.2264150943396226	0.2141206794836307	5.4	7.5	0	0.204	20	0	0	0	-4.286
Nacho Alvarez Jr.	3B	51	0	R	55	0.1777777777777778	0.3272727272727273	0.2666666666666667	0.2835191039967318	14.5	28.9	10.9	0.226	25	0	0	-1.09	-2.182
Ed Gremminger	3B	41	0	R	55	0.1538461538461539	0.1818181818181818	0.2884615384615384	0.205012896409104	3.6	23.1	21.8	0.154	37.5	0	0	0	-3.273
Trevor Story	SS	52	0	R	54	0.1764705882352941	0.2222222222222222	0.2549019607843137	0.2193596650929713	3.7	21.6	11.1	0.205	22.2	0	0	-1.11	-2.222
Derek Bell	RF	58	5	R	54	0.2653061224489796	0.3333333333333333	0.5306122448979592	0.3734225638996736	7.4	14.3	33.3	0.256	46.2	16.67	0	2.22	5.556
Carl Reynolds	RF	59	0	R	54	0.2156862745098039	0.2452830188679245	0.3333333333333333	0.2571794087765063	3.7	17.6	11.1	0.244	36.4	0	0	-10	-2.222
Sandy Alomar Sr.	2B	65	0	S	54	0.2653061224489796	0.3018867924528302	0.3673469387755102	0.2983919714949921	5.6	12.2	11.1	0.279	23.1	0	0	6.67	3.333
Oris Hockett	CF	55	0	L	54	0.3265306122448979	0.3888888888888889	0.4081632653061225	0.3626257913538779	9.3	14.3	0	0.381	18.8	33.33	0	-5.56	2.222
Nate Eaton	RF	50	0	R	53	0.2127659574468085	0.2692307692307692	0.3191489361702128	0.265150643038273	5.7	17	0	0.25	40	25	0	1.13	2.264
Thairo Estrada	2B	50	0	R	53	0.2888888888888889	0.3653846153846154	0.4666666666666667	0.3666544035781899	11.3	13.3	11.3	0.308	46.2	0	-5.66	11.32	4.528
Mike Trout	CF	51	5	R	53	0.2083333333333333	0.2452830188679245	0.2708333333333333	0.2338807373129894	3.8	14.6	11.3	0.214	10	0	2.26	4.53	-2.264
Matt Diaz	LF	67	0	R	52	0.1666666666666667	0.2307692307692308	0.2291666666666667	0.2173065181129266	5.8	16.7	11.5	0.179	12.5	0	0	-5.77	-2.308
Swede Risberg	SS	46	0	R	52	0.2040816326530612	0.25	0.3061224489795918	0.2516351094616648	5.8	20.4	11.5	0.237	30	0	2.31	6.92	-1.154
Christian Moore	2B	52	0	R	51	0.0975609756097561	0.2745098039215687	0.1219512195121951	0.2209847003091656	17.6	41.5	0	0.167	25	0	0	5.88	-2.353
Santiago Espinal	2B	47	0	R	51	0.1914893617021277	0.2083333333333333	0.1914893617021277	0.1856945580719399	2	23.4	0	0.25	0		-5.88	-11.76	-5.882
Jim Maloney	P	41	0	L	51	0.2272727272727273	0.3137254901960784	0.3863636363636364	0.3135668905306354	11.8	27.3	23.5	0.258	30	0	0	2.35	0
Gene Richards	LF	65	0	L	51	0.2195121951219512	0.3469387755102041	0.3414634146341464	0.3205785561852078	15.7	17.1	0	0.265	33.3	66.67	5.88	3.53	3.529
Fred Odwell	LF	44	5	L	50	0.2826086956521739	0.3265306122448979	0.3260869565217391	0.2996845089386502	6	15.2	0	0.333	7.7	100	-3.6	3.6	0
Ted Easterly	C	58	5	L	50	0.3043478260869565	0.36	0.391304347826087	0.3414766743234489	8	10.9	0	0.341	28.6	0	0	2.4	3.6
Tony Gwynn Jr.	LF	60	0	L	50	0.2	0.2653061224489796	0.2666666666666667	0.2482570058017227	8	31.1	0	0.29	33.3	0	8.4	6	1.2
Nolan Arenado	3B	60	0	R	49	0.2666666666666667	0.3265306122448979	0.5333333333333333	0.3636052626773562	8.2	17.8	36.7	0.265	50	0	0	-15.92	2.449
Charlie Eden	LF	40	5	L	49	0.186046511627907	0.2857142857142857	0.2325581395348837	0.2519020960592905	12.2	11.6	0	0.211	25	0	2.45	9.8	-2.449
Wally Westlake	RF	67	5	R	49	0.125	0.2708333333333333	0.325	0.2742281631464115	16.3	22.5	12.2	0.133	80	50	0	-1.22	-1.224
Eliezer J. Alfonzo	C	48	5	R	49	0.1951219512195122	0.2978723404255319	0.3414634146341464	0.284848014068811	10.2	34.1	12.2	0.269	50	0	0	1.22	0
Dmitri Young	DH	64	0	S	49	0.4090909090909091	0.4489795918367347	0.7272727272727273	0.4985958024561067	4.1	9.1	49	0.378	33.3	0	0	-2.45	11.02
Justin Crawford	CF	60	0	L	49	0.2619047619047619	0.3673469387755102	0.2857142857142857	0.3150486693209726	14.3	21.4	0	0.333	9.1	0	2.45	-1.22	3.673
Joe Morgan	2B	65	0	L	49	0.3611111111111111	0.5306122448979592	0.6388888888888888	0.5084601268883366	24.5	11.1	36.7	0.345	30.8	0	0	0	11.02
Dave Altizer	RF	67	0	L	48	0.1818181818181818	0.2340425531914894	0.25	0.2246926854192315	4.2	9.1	0	0.2	37.5	0	0	1.25	-1.25
Jim Landis	CF	66	5	R	48	0.1777777777777778	0.2083333333333333	0.2222222222222222	0.1968090234131019	4.2	26.7	0	0.235	25	0	0	-1.25	-2.5
Freddie Patek	SS	43	0	R	48	0.186046511627907	0.25	0.2325581395348837	0.2269795399034805	8.3	14	0	0.211	25	0	0	7.5	-2.5
Charlie Gelbert	SS	48	5	R	48	0.2222222222222222	0.25	0.2444444444444444	0.227229303169574	4.2	22.2	0	0.278	10	0	0	0	1.25
Vinny Capra	3B	50	0	R	47	0.3658536585365854	0.4347826086956522	0.4634146341463415	0.40767618045684	8.5	12.2	12.8	0.4	13.3	0	0	-5.11	6.383
Willie McGee	RF	49	0	S	47	0.2045454545454546	0.2391304347826087	0.2272727272727273	0.2173280497042801	4.3	29.5	0	0.29	11.1	0	-6.38	7.66	-3.83
Lloyd Waner	CF	50	0	L	47	0.2	0.2340425531914894	0.2444444444444444	0.2209940634362295	2.1	4.4	0	0.209	22.2	0	0	5.11	-3.83
Marr Phillips	SS	42	0	R	47	0.2391304347826087	0.2553191489361702	0.3478260869565217	0.2661870479977362	2.1	19.6	12.8	0.278	18.2	50	0	0	0
Zach Dezenzo	LF	52	0	R	46	0.2727272727272727	0.3043478260869565	0.4090909090909091	0.3170801490049553	2.2	22.7	26.1	0.312	16.7	0	0	0	2.609
Yuli Gurriel	1B	41	5	R	46	0.1951219512195122	0.2826086956521739	0.3170731707317073	0.2763777815665088	10.9	22	13	0.226	37.5	0	0	0	0
Rowdy Tellez	1B	52	5	L	46	0.2142857142857143	0.2826086956521739	0.3571428571428572	0.2882361070697319	8.7	16.7	13	0.235	44.4	0	0	6.52	-1.304
Travis d&#39;Arnaud	C	55	5	R	46	0.1707317073170732	0.2608695652173913	0.1707317073170732	0.2171712138922635	10.9	29.3	0	0.241	0		0	-18.26	-3.913
Adam Lind	1B	67	5	L	46	0.2222222222222222	0.2391304347826087	0.3111111111111111	0.2448237275194457	2.2	17.8	0	0.27	40	0	0	2.61	-2.609
Sandy Thompson	CF	67	5	L	46	0.2105263157894737	0.3111111111111111	0.4736842105263158	0.3387791528158857	10.9	15.8	26.1	0.194	62.5	20	0	0	5.217
Andy Etchebarren	C	63	1	R	46	0.2564102564102564	0.3695652173913043	0.358974358974359	0.3402545166052057	13	17.9	13	0.29	20	0	0	0	5.217
Sam Haggerty	LF	60	0	S	45	0.1707317073170732	0.2444444444444444	0.2195121951219512	0.221891147769431	8.9	26.8	0	0.233	28.6	0	2.67	-6.67	-2.667
Cole Young	2B	59	0	L	44	0.2105263157894737	0.3181818181818182	0.3421052631578947	0.3067593984475213	9.1	23.7	13.6	0.25	37.5	0	0	6.82	2.727
Bill Everitt	1B	42	1	L	44	0.3571428571428572	0.3863636363636364	0.4285714285714285	0.3676342292545969	4.5	21.4	0	0.455	20	0	2.73	-8.18	4.091
Jack Harshman	P	69	0	L	44	0.1818181818181818	0.1818181818181818	0.4090909090909091	0.2482225489064954	0	38.6	40.9	0.208	50	0	0	-1.36	-2.727
Ke&#39;Bryan Hayes	3B	61	0	R	43	0.282051282051282	0.3095238095238095	0.3076923076923077	0.2820689145193678	2.3	17.9	0	0.333	9.1	0	-15.35	2.79	0
Denzel Clarke	CF	65	0	R	43	0.275	0.3255813953488372	0.425	0.3333329397939176	4.7	25	0	0.367	45.5	20	0	8.37	5.581
Max Carey	LF	60	1	S	43	0.1219512195121951	0.1627906976744186	0.1463414634146341	0.1341269720870742	4.7	14.6	0	0.143	20	0	0	2.79	-6.977
Sam Horn	DH	63	5	L	43	0.4146341463414634	0.4186046511627907	0.8780487804878049	0.5376263688862484	2.3	29.3	83.7	0.458	41.2	0	0	2.79	11.163
Monte Beville	C	40	5	L	43	0.2631578947368421	0.3095238095238095	0.4210526315789473	0.3201115427424108	7	18.4	14	0.29	40	0	-8.37	-4.19	-1.395
Al Burch	CF	41	1	L	43	0.2368421052631579	0.3255813953488372	0.3157894736842105	0.3007894791484637	9.3	23.7	14	0.286	11.1	0	0	-4.19	1.395
Owen Caissie	RF	65	0	L	43	0.358974358974359	0.4186046511627907	0.6153846153846154	0.4485196807340449	4.7	28.2	27.9	0.462	35.7	20	0	-8.37	5.581
Alex Rios	RF	68	0	R	42	0.3157894736842105	0.3571428571428572	0.5789473684210527	0.395981474255485	7.1	13.2	14.3	0.333	50	33.33	0	5.71	5.714
Rennie Stennett	2B	60	0	R	42	0.25	0.2682926829268293	0.325	0.2662810413199766	2.4	30	14.3	0.333	10	0	0	4.29	1.429
Jose Canseco	LF	65	5	R	42	0.2051282051282051	0.2619047619047619	0.3846153846153846	0.2864231735762149	4.8	33.3	28.6	0.25	37.5	0	0	2.86	-1.429
William Tenny	C	50	0	R	42	0.2631578947368421	0.3333333333333333	0.3157894736842105	0.3027345344488668	9.5	13.2	0	0.303	20	0	2.86	5.71	1.429
Steve Swisher	C	45	0	R	42	0.1578947368421053	0.2	0.1578947368421053	0.1726920596498548	4.8	28.9	0	0.222	0		0	-1.43	-5.714
Curtis Mead	3B	51	0	R	41	0.2631578947368421	0.2926829268292683	0.4473684210526316	0.3201344738028606	2.4	23.7	29.3	0.286	30	0	2.93	-11.71	0
Bill Everitt	1B	42	5	L	41	0.3076923076923077	0.3170731707317073	0.3846153846153846	0.3094170483875048	2.4	15.4	0	0.353	16.7	50	0	1.46	0
Joe Sugden	C	60	0	S	41	0.25	0.3076923076923077	0.3333333333333333	0.2937382364080652	7.3	19.4	14.6	0.286	11.1	0	0	-5.85	0
Jim Doyle	3B	56	0	R	41	0.3055555555555556	0.375	0.3611111111111111	0.3406191678148768	9.8	16.7	0	0.367	18.2	0	0	10.24	5.854
Bo Bichette	SS	69	0	R	40	0.1578947368421053	0.2	0.2105263157894737	0.1914243046068694	2.5	21.1	0	0.2	33.3	0	0	4.5	-4.5
Will Wilson	2B	41	0	R	40	0.1794871794871795	0.2	0.282051282051282	0.2136858250016427	2.5	30.8	15	0.231	28.6	0	0	6	-3
Brice Turang	2B	55	0	L	40	0.2894736842105263	0.325	0.4210526315789473	0.3316213810898478	2.5	13.2	15	0.312	18.2	50	7.5	4.5	4.5
Fred Odwell	LF	44	0	L	40	0.1891891891891892	0.2307692307692308	0.2162162162162162	0.2096732757669626	5	24.3	0	0.25	14.3	0	0	-1.5	-6
Geoff Jenkins	LF	49	5	L	40	0.1842105263157895	0.1794871794871795	0.3157894736842105	0.209820505319777	0	26.3	15	0.214	42.9	0	0	0	-3
Cando Lopez	CF	59	5	R	40	0.3157894736842105	0.35	0.5789473684210527	0.4002410501598663	5	10.5	45	0.29	33.3	0	0	-1.5	6
Bill Gatewood	P	62	0	R	40	0.2972972972972973	0.35	0.5675675675675675	0.3963447432088073	5	5.4	45	0.25	36.4	0	0	4.5	6
Phil Garner	2B	63	0	R	40	0.303030303030303	0.3947368421052632	0.5151515151515151	0.4006644663611157	7.5	24.2	0	0.4	50	40	7.5	6	7.5
MJ Melendez	RF	52	0	L	40	0.2162162162162162	0.2307692307692308	0.5405405405405406	0.3170564808719037	2.5	24.3	45	0.192	75	0	0	-1.5	3
Justin Dean	CF	47	0	R	40	0.2647058823529412	0.3333333333333333	0.3529411764705883	0.3119126483149849	10	32.4	0	0.375	33.3	0	3	-12	3
Bryson Stott	2B	65	0	L	39	0.1842105263157895	0.2051282051282051	0.3947368421052632	0.2564451216452216	2.6	15.8	30.8	0.167	57.1	0	-7.69	1.54	0
Eli White	RF	52	0	R	39	0.2631578947368421	0.282051282051282	0.5263157894736842	0.3456512394787752	0	7.9	30.8	0.242	60	0	3.08	13.85	4.615
Leo Durocher	SS	41	0	R	39	0.2222222222222222	0.282051282051282	0.2222222222222222	0.2431174078251242	5.1	25	0	0.296	0		0	0	1.538
Bunny Brief	1B	40	5	R	39	0.2222222222222222	0.2307692307692308	0.3333333333333333	0.2411818724126076	2.6	19.4	0	0.258	37.5	33.33	0	9.23	0
Tyler Tolbert	CF	47	0	R	38	0.1842105263157895	0.1842105263157895	0.3947368421052632	0.2441386144314357	0	31.6	31.6	0.208	57.1	0	3.16	1.58	0
Chandler Simpson	LF	65	0	L	38	0.2105263157894737	0.2105263157894737	0.2368421052631579	0.201026032345159	0	21.1	0	0.267	12.5	0	3.16	3.16	-1.579
Austin Wells	C	62	0	L	38	0.2903225806451613	0.4210526315789473	0.4193548387096774	0.3871531554254097	18.4	6.5	15.8	0.286	22.2	0	0	-9.47	4.737
Dave Duncan	C	49	0	R	38	0.1875	0.3157894736842105	0.375	0.3155944013399223	15.8	31.2	31.6	0.2	33.3	0	0	-1.58	1.579
Yainer Diaz	C	63	0	R	38	0.3888888888888889	0.4210526315789473	0.4722222222222222	0.4021389513910213	5.3	11.1	15.8	0.419	7.1	0	0	1.58	4.737
Cal McVey	1B	47	0	R	38	0.2285714285714286	0.2894736842105263	0.2285714285714286	0.2487265082433848	7.9	17.1	0	0.276	0		3.16	3.16	-1.579
Rollie Zeider	2B	60	0	R	38	0.1428571428571428	0.2105263157894737	0.1714285714285714	0.1863557268209287	7.9	25.7	0	0.192	20	0	0	-1.58	-4.737
Garret Anderson	LF	64	0	L	38	0.1428571428571428	0.1842105263157895	0.1428571428571428	0.1586246766363881	2.6	11.4	0	0.156	0		0	-6.32	-7.895
Javier Sanoja	3B	52	0	R	37	0.1944444444444444	0.2162162162162162	0.3888888888888889	0.2613965468356808	0	11.1	32.4	0.167	42.9	0	0	0	-1.622
Luke Raley	RF	64	0	L	37	0.2058823529411765	0.2702702702702703	0.3529411764705883	0.2798723485075287	8.1	32.4	16.2	0.273	42.9	0	-9.73	-11.35	0
Isiah Kiner-Falefa	2B	52	0	R	37	0.3428571428571429	0.3513513513513514	0.5428571428571428	0.384358204368474	0	2.9	32.4	0.303	25	0	0	1.62	4.865
Otto Miller	C	40	0	R	37	0.2162162162162162	0.2162162162162162	0.3243243243243243	0.2360339694605215	0	5.4	16.2	0.206	25	0	0	-1.62	-3.243
Ray Durham	2B	52	0	S	37	0.3243243243243243	0.3243243243243243	0.4594594594594595	0.3427385079585937	0	18.9	0	0.4	33.3	25	-8.11	0	0
Jose Canseco	LF	65	0	R	37	0.1142857142857143	0.1621621621621622	0.2571428571428571	0.1865252892373369	5.4	20	16.2	0.111	75	0	3.24	-14.59	-8.108
Toussaint Allen	1B	45	1	R	37	0.303030303030303	0.3333333333333333	0.5454545454545454	0.3727565285234242	5.4	12.1	32.4	0.286	30	33.33	0	3.24	4.865
Pumpsie Green	SS	56	1	S	37	0.1764705882352941	0.2432432432432433	0.2941176470588235	0.2463695437241199	5.4	17.6	16.2	0.185	33.3	0	0	3.24	-3.243
Kevin Brown	C	45	0	R	37	0.2058823529411765	0.25	0.2352941176470588	0.2271460487475429	5.4	20.6	0	0.259	14.3	0	0	-1.62	-3.243
Warming Bernabel	1B	43	0	R	36	0.3055555555555556	0.3055555555555556	0.3055555555555556	0.2780299700880381	0	11.1	0	0.344	0		0	0	-1.667
Andruw Monasterio	SS	63	0	R	36	0.3142857142857143	0.3142857142857143	0.4857142857142857	0.3470387989514055	0	22.9	16.7	0.385	27.3	33.33	0	-10	5
Ronny Mauricio	3B	51	0	S	35	0.1935483870967742	0.2647058823529412	0.3225806451612903	0.2672265154665062	8.6	32.3	17.1	0.25	33.3	0	3.43	5.14	-3.429
Tristan Gray	SS	50	0	L	35	0.2903225806451613	0.3428571428571429	0.5161290322580645	0.3705617470821407	2.9	16.1	34.3	0.28	33.3	0	0	5.14	3.429
Tim Elko	1B	49	0	R	35	0.1851851851851852	0.3333333333333333	0.1851851851851852	0.2695192637372081	17.1	25.9	0	0.25	0		0	-17.14	-3.429
Ken Reitz	3B	49	0	R	35	0.1764705882352941	0.2	0.4411764705882353	0.2700315023313044	2.9	26.5	34.3	0.174	83.3	0	0	0	0
Wes Schulmerich	RF	51	0	R	35	0.3870967741935484	0.4285714285714285	0.5483870967741935	0.4254162254883627	8.6	22.6	0	0.48	41.7	0	0	5.14	6.857
Marr Phillips	SS	42	5	R	35	0.303030303030303	0.3428571428571429	0.3636363636363636	0.321904733008978	5.7	15.2	0	0.357	20	0	3.43	0	3.429
Rafael Marchan	C	45	0	S	34	0.3333333333333333	0.4117647058823529	0.3666666666666666	0.3642694981061456	8.8	13.3	0	0.385	10	0	3.53	-15.88	3.529
Alexis Diaz	P	61	0	R	34	0.03333333333333333	0.09375	0.03333333333333333	0.07369065804002634	5.9	40	0	0.056	0		0	0	-19.412
Daniel Schneemann	3B	64	0	L	34	0.3636363636363636	0.3823529411764706	0.4848484848484849	0.3860878211973612	0	15.2	17.6	0.407	16.7	0	0	-1.76	5.294
Will Robertson	LF	51	0	L	34	0.25	0.2941176470588235	0.25	0.2566916152199863	5.9	31.2	0	0.364	0		0	8.82	-3.529
Ivy Olson	SS	49	0	R	34	0.375	0.3939393939393939	0.4375	0.3735284812337278	2.9	6.2	0	0.4	8.3	100	3.53	5.29	5.294
Ezequiel Tovar	SS	64	0	R	33	0.1875	0.2121212121212121	0.21875	0.1982802755575693	3	12.5	0	0.214	16.7	0	0	0	0
Jim King	RF	68	0	L	33	0.1379310344827586	0.2121212121212121	0.1379310344827586	0.1761194621296345	9.1	34.5	0	0.2	0		0	3.64	-7.273
Paddy O&#39;Connor	C	41	0	R	33	0.07142857142857142	0.1818181818181818	0.1071428571428571	0.1538139762950413	12.1	7.1	0	0.074	50	0	0	3.64	-5.455
Don Baylor	1B	64	0	R	33	0.3870967741935484	0.3939393939393939	0.6451612903225806	0.4409376082689997	3	9.7	36.4	0.37	33.3	0	12.73	-12.73	7.273
Jason Giambi	1B	58	5	L	33	0.1724137931034483	0.2727272727272727	0.3103448275862069	0.269693262299625	12.1	34.5	18.2	0.222	40	0	0	5.45	0
Joe Hewitt	SS	68	0	L	32	0.2758620689655172	0.3225806451612903	0.4137931034482759	0.3267801748342188	6.2	3.4	0	0.286	37.5	33.33	0	5.62	1.875
Joe Mack	C	51	0	L	32	0.3448275862068966	0.3870967741935484	0.5172413793103449	0.3997066092957648	3.1	31	18.8	0.474	30	0	9.38	0	5.625
Don Padgett	RF	52	0	L	31	0.2580645161290323	0.2580645161290323	0.3870967741935484	0.2812247270529057	0	12.9	0	0.296	50	0	0	-13.55	-1.935
Joe DiMaggio	CF	64	5	R	31	0.2916666666666667	0.4516129032258064	0.2916666666666667	0.3689696977607192	22.6	8.3	0	0.318	0		0	-7.74	3.871
Johnny Edwards	C	48	5	L	30	0.1111111111111111	0.2	0.1481481481481481	0.175389502923665	10	11.1	0	0.125	33.3	0	0	2	-2
Esteban Quiroz	2B	56	0	L	30	0.2857142857142857	0.3333333333333333	0.3571428571428572	0.3158934905253371	3.3	14.3	0	0.333	25	0	0	6	2
Brian Giles	SS	54	0	R	30	0.2068965517241379	0.2333333333333333	0.2758620689655172	0.2300969398858155	3.3	34.5	0	0.316	33.3	0	0	-4	-2