# CAP key=diamondcapdaily__20260527 role=hit label=Diamond Cap Daily (from 2026-05-27) type=Daily env=current variants=all_cards obsval=40-99 minIP=null minPA=30 dates=2026-07-05..2026-07-19 recordsTotal=525 rows=525
Name	POS	VAL	VLvl	Hand	PA	AVG	OBP	SLG	wOBA	BBpct	SOpct	HR600	BABIP	XBHpct	3B/XBH	wSB600	UBR600	WAR600
Honus Wagner	SS	99	0	R	4749	0.2955334413330248	0.3472192852611546	0.4887757463550104	0.3690296488210227	7.2	11.1	17.4	0.304	33.5	30.61	0.56	1.55	5.509
Rico Petrocelli	SS	99	0	R	2817	0.258235054900366	0.3411430599929002	0.4493696624644165	0.3523568086099321	11.1	17.1	23.4	0.268	38	3.73	-0.36	0.28	4.92
Paul Blair	CF	98	0	R	2738	0.2776259273721203	0.3141706334675943	0.4470909800859039	0.3371916235914373	4.9	16.8	19.5	0.301	35.2	2.4	1.27	2.28	3.462
Al Simmons	LF	99	0	R	2691	0.2954269526507487	0.3441340782122905	0.4981788749494132	0.3707618438456037	6.2	13.8	20.7	0.31	37	16.67	-0.62	0.94	3.701
Frankie Frisch	2B	94	0	S	2445	0.288641425389755	0.3338809034907598	0.4423162583518931	0.3454998660083115	6	8.9	14.2	0.293	29.9	18.04	1.77	2.63	4.712
Tyler O&#39;Neill	LF	98	0	R	2339	0.2707362534948742	0.3253527148353997	0.4603914259086673	0.3487411865436263	7.1	24.1	26.2	0.311	33.2	5.18	0.67	3.46	3.309
Matt Wieters	C	82	0	S	2134	0.2442278091328887	0.3032863849765258	0.379168804515136	0.3074671453391302	7.4	18.5	17.2	0.27	29.4	0.71	0	-2.28	2.812
Colt Emerson	SS	98	0	L	1818	0.2617702448210923	0.3452840595697739	0.4231010671688638	0.34631432252307	10.7	21.3	13.9	0.307	36.2	14.57	0.13	3.1	4.29
JJ Wetherholt	2B	96	0	L	1538	0.2817314746881878	0.3526727509778357	0.4086573734409391	0.3439656863250553	9.4	14.8	8.2	0.315	30.7	11.02	1.76	1.13	3.745
Nico Hoerner	2B	48	0	R	1497	0.2627365356622999	0.3119143239625167	0.3326055312954876	0.2938149163254493	6.3	15.7	3.2	0.303	20.2	9.59	-0.36	1	0.802
Kevin Alcantara	CF	76	0	R	1281	0.2508771929824561	0.3234142521534847	0.4210526315789473	0.3343385258029037	9.3	27.4	23.9	0.299	31.1	3.37	-0.23	1.78	2.436
Ken Griffey Jr.	CF	84	0	L	1277	0.2657894736842105	0.3364705882352941	0.406140350877193	0.3356992696873183	9.6	20.1	15.5	0.304	30.7	1.08	-0.19	0.61	2.584
Kevin Alcantara	CF	76	5	R	1244	0.2481818181818182	0.3274336283185841	0.4309090909090909	0.3394549831932104	9.9	24.5	24.6	0.282	33	10	-0.43	2.94	3.376
Tony Scott	CF	41	0	S	1213	0.2143497757847534	0.2682724252491694	0.2834080717488789	0.2546622884980766	6.6	19.3	3.5	0.258	23	14.55	0.45	1.43	-0.89
Lorenzo Cain	CF	84	0	R	1194	0.2719928186714542	0.3179530201342282	0.3877917414721723	0.3183923133488107	5.7	19.6	8.5	0.325	28.1	11.76	1.96	3.42	2.814
Carson Williams	SS	87	0	R	1159	0.2546341463414634	0.3289703315881327	0.4468292682926829	0.346776633787958	9.7	25.8	22.8	0.301	36	15.96	-0.21	1.4	4.866
Chase DeLauter	RF	99	0	L	1149	0.257936507936508	0.3391455972101133	0.4533730158730159	0.3534460966699665	10.4	16.7	23.5	0.267	40.4	1.9	-0.84	0.99	2.402
Yu Chang	SS	89	5	R	1125	0.2838773491592483	0.3437779767233662	0.4381800197823937	0.3511666407518487	7.5	20.5	17.6	0.326	30	4.65	-0.32	2.13	4.587
Carlos Delgado	1B	98	0	L	1069	0.264804469273743	0.3720712277413308	0.4346368715083799	0.3618271151832769	14.1	21.6	18.5	0.3	35.9	1.18	0	-2.97	2.694
Jason Heyward	RF	57	0	L	996	0.2630992196209587	0.318089430894309	0.3567447045707915	0.3068497470670844	7.2	16.6	6.6	0.301	23.3	12.73	-1.27	2.41	0.783
Fernando Tatis Jr.	SS	95	0	R	996	0.2564389697648376	0.3263052208835341	0.4344904815229563	0.3382481810997942	9.3	23.5	21.7	0.295	37.6	1.16	1.33	2.41	2.771
Yu Chang	SS	89	0	R	984	0.2603351955307263	0.3177189409368635	0.4167597765363129	0.3293394803497842	7.5	19.9	18.9	0.291	31.8	5.41	-0.12	0.12	3.598
Bobby Witt Jr.	SS	83	0	R	982	0.2450980392156863	0.2860061287027579	0.3714596949891067	0.2952511192518111	4.8	18.8	15.3	0.275	26.2	11.86	0.67	3.6	2.016
Willie McGee	CF	79	0	S	980	0.2694805194805195	0.303370786516854	0.4415584415584415	0.3288390242516939	4.3	17.4	14.7	0.302	35.3	26.14	1.04	2.51	2.51
Tony Phillips	LF	88	0	S	978	0.2836710369487485	0.3824130879345603	0.3885578069129916	0.3554847550909133	13.3	19	8.6	0.335	25.2	0	-1.47	2.76	3.926
Earl Webb	RF	72	0	L	972	0.2645011600928074	0.3374741200828157	0.4025522041763341	0.3336736108155804	9.5	21.9	9.3	0.321	36.8	5.95	0	4.51	1.605
Garret Anderson	LF	99	0	L	947	0.2931818181818182	0.3350951374207188	0.4738636363636364	0.3576139817471795	5.6	16	19.6	0.317	35.7	5.43	-2.41	-0.82	3.105
Prince Fielder	1B	87	0	L	944	0.2801875732708089	0.3435843054082715	0.447831184056272	0.3529782184317964	8.4	17.5	21.6	0.304	31.4	0	0	-3.69	2.097
Curtis Granderson	CF	75	0	L	919	0.255729794933655	0.3210010881392819	0.4234016887816647	0.3327015043221791	8.4	21.4	14.4	0.298	35.4	26.67	0.26	3.33	2.546
Travis Bazzana	2B	87	0	L	917	0.2771535580524345	0.3585526315789473	0.4219725343320849	0.3523002932296743	10.7	15.6	13.7	0.304	29.7	12.12	0	3.4	3.73
Ivan Rodriguez	C	76	0	R	854	0.2480417754569191	0.3145539906103286	0.3942558746736293	0.3187117347850247	8.3	20	16.2	0.279	31.6	10	0.14	-1.69	2.81
John Anderson	1B	97	0	S	853	0.2982456140350877	0.3301997649823737	0.531328320802005	0.375606573344852	4.7	11.2	23.9	0.298	39.9	24.21	0.42	3.38	4.22
Bobby Witt Jr.	SS	83	5	R	853	0.2430379746835443	0.2875586854460094	0.389873417721519	0.299877166020606	5.4	14.3	17.6	0.253	30.2	13.79	2.46	1.76	2.181
Rocky Colavito	LF	96	0	R	821	0.2296918767507003	0.3215590742996346	0.3977591036414566	0.3266971379678807	11.9	17.2	23.4	0.233	33.5	1.82	0	-1.53	0.95
Chick Hafey	LF	89	0	R	808	0.2987886944818304	0.3424317617866005	0.5383580080753702	0.3843102588209782	6.4	21.1	27.5	0.332	42.3	10.64	-0.37	3.94	4.455
Tino Martinez	1B	87	5	L	796	0.2706222865412446	0.3555276381909548	0.4500723589001447	0.3588807974804361	11.9	15.2	22.6	0.278	34.2	0	0.3	-3.54	3.015
Al Burch	CF	41	0	L	775	0.2215827338129496	0.2864583333333333	0.2719424460431655	0.2620872389422139	7	21.9	6.2	0.269	12.3	0	0.31	1.08	-1.471
Jimmy Rollins	SS	69	0	S	746	0.2801204819277108	0.3485254691689008	0.4623493975903614	0.358965581274181	9.8	15.7	19.3	0.298	35.5	10.61	0.64	2.17	5.71
Eli Willits	SS	94	5	S	745	0.2774294670846395	0.3781965006729475	0.4326018808777429	0.3683195735247215	13.4	18	14.5	0.314	32.8	8.62	1.29	0.72	5.477
Gregg Jefferies	1B	84	5	S	742	0.3058470764617691	0.3679245283018868	0.4377811094452774	0.3627964618333551	8.5	12	11.3	0.328	25	17.65	-0.73	1.86	3.72
Juan Uribe	SS	66	0	R	726	0.2594752186588921	0.2880886426592798	0.4037900874635568	0.3060154029989157	3.6	19.2	10.7	0.302	32	28.07	-1.07	1.16	3.14
John Beckwith	SS	98	0	R	722	0.2865947611710323	0.3467406380027739	0.4530046224961479	0.3564506621317634	7.9	16	19.1	0.308	31.7	5.08	-0.66	-2.24	3.989
Jackie Bradley Jr.	CF	69	0	L	716	0.250386398763524	0.3090909090909091	0.3709428129829985	0.3068882836351047	7.5	23	10.1	0.303	33.3	0	0.75	0.59	1.844
Sal Stewart	3B	97	5	R	712	0.3295454545454545	0.4078762306610408	0.5178571428571429	0.410137892162045	11.2	17	21.1	0.36	32.5	0	1.77	-1.18	5.562
Garret Anderson	LF	64	0	L	710	0.2439759036144578	0.2857142857142857	0.3253012048192771	0.2744680307540313	4.9	15.1	5.9	0.277	22.8	8.11	0.08	1.61	0.085
Edgardo Alfonzo	2B	79	0	R	706	0.246031746031746	0.3172804532577904	0.3746031746031746	0.311329114776332	9.2	18.9	12.7	0.278	32.3	2	-0.08	-2.04	3.059
Max Clark	CF	98	0	L	705	0.2374798061389338	0.3196022727272727	0.3699515347334411	0.314101338735698	10.2	20.2	8.5	0.279	34.7	21.57	-0.51	-0.09	1.447
Nico Hoerner	2B	48	5	R	693	0.2696629213483146	0.3333333333333333	0.3402889245585875	0.3076036840443293	8.5	16.4	2.6	0.314	20.8	8.57	0.26	-1.56	2.771
Al Kaline	RF	99	5	R	691	0.2843450479233227	0.3439767779390421	0.4440894568690096	0.3530372815398523	7.7	10.4	15.6	0.293	30.3	18.52	-1.22	3.56	3.213
Payton Tolle	P	99	0	L	667	0.1751700680272109	0.239938080495356	0.2908163265306122	0.2436476844511844	7.2	31.1	15.3	0.218	32	3.03	-0.99	-1.44	-3.148
Royce Lewis	3B	91	5	R	653	0.2533333333333334	0.3107692307692307	0.4083333333333333	0.3246449964077083	6.7	21.7	20.2	0.29	31.6	2.08	1.65	3.49	2.665
Buster Posey	C	96	0	R	644	0.2667814113597246	0.3239875389408099	0.3631669535283993	0.311478437767426	8.1	12.9	8.4	0.289	23.9	2.7	0	-2.7	2.609
Willie Wells	SS	91	5	R	642	0.2402135231316726	0.3260530421216848	0.3594306049822064	0.3135026824440655	10.6	17.1	9.3	0.271	30.4	14.63	0.09	1.4	3.271
Ichiro Suzuki	CF	88	0	L	632	0.3144329896907216	0.3549920760697306	0.3986254295532646	0.3401272733162479	6.2	10.7	3.8	0.342	19.1	17.14	3.04	4.18	2.753
JJ Wetherholt	2B	96	5	L	629	0.3030852994555354	0.3859649122807017	0.4754990925589836	0.3857992179790556	11.3	15.6	10.5	0.343	37.1	17.74	1.14	-0.76	5.342
Carson Benge	RF	82	0	L	629	0.2779783393501805	0.3504	0.4241877256317689	0.3480362470110133	9.7	15.2	14.3	0.302	29.2	13.33	0.38	3.72	2.862
Mickey Tettleton	C	92	5	S	629	0.2666666666666667	0.3577106518282989	0.4833333333333333	0.3718071901306187	12.7	23.3	25.8	0.296	38.9	12.5	-0.48	0.48	4.769
Jackie Robinson	SS	93	0	R	625	0.2922535211267606	0.3520900321543408	0.4595070422535211	0.3616641763438374	7.4	19.5	16.3	0.338	34.3	7.02	0.1	1.82	5.952
Jonathan Schoop	2B	67	0	R	607	0.2590673575129533	0.2932454695222405	0.385146804835924	0.3050004571573797	4.6	21.8	18.8	0.302	23.3	0	0	-2.27	1.384
Chase Utley	2B	73	5	L	606	0.2634508348794063	0.3371900826446281	0.3970315398886827	0.3330803303541062	9.1	18.7	15.8	0.296	24.6	14.29	-0.79	1.09	3.366
Honus Wagner	SS	99	5	R	603	0.288354898336414	0.3577371048252912	0.4584103512014787	0.3655682056773965	9.1	10.4	16.9	0.296	31.4	18.37	0.4	-3.58	4.776
Smokey Joe Williams	P	94	0	R	601	0.2220183486238532	0.2838063439065108	0.3559633027522936	0.2904395087766151	7.5	26.2	17	0.267	29.8	8.33	0	-2.8	-1.098
Lance Blankenship	2B	83	0	R	593	0.2222222222222222	0.3276740237691002	0.3095238095238095	0.2990396276894352	13.3	19.2	5.1	0.264	25.9	17.24	0.51	2.33	1.922
Dock Ellis	P	85	0	S	592	0.1337209302325581	0.1570093457943925	0.1531007751937984	0.1446735975244132	2	43.6	0	0.234	14.5	0	0.2	-1.11	-6.081
Trea Turner	SS	98	0	R	581	0.2681564245810056	0.3149741824440619	0.5065176908752328	0.3594094633412929	6.4	20.1	31	0.282	42.4	11.48	-0.72	2.79	4.647
Buster Posey	C	96	5	R	572	0.2695984703632887	0.3234265734265734	0.3594646271510517	0.3099255147057655	7.2	12.8	6.3	0.297	24.1	2.94	-0.31	-0.31	2.413
Hank Aaron	1B	98	0	R	570	0.266	0.3427065026362039	0.454	0.3542409841107226	10.4	18.6	25.3	0.279	33.8	2.22	0	-0.32	3.579
John Donaldson	P	89	0	L	560	0.2470817120622568	0.2773722627737226	0.3988326848249028	0.2975941246004684	4.1	20.8	18.2	0.276	33.1	4.76	0.32	-0.21	0.536
Robin Yount	SS	83	5	R	553	0.2485089463220676	0.3056057866184448	0.4254473161033797	0.3249168441604942	7.6	16.7	15.2	0.27	38.4	27.08	0	3.04	4.123
Bruno Block	C	41	5	R	549	0.192	0.2458715596330275	0.278	0.2336644264235603	5.6	28.4	1.1	0.261	27.1	57.69	0	-4.04	-1.639
Luis Castillo	2B	73	0	S	549	0.2689075630252101	0.3295454545454545	0.3487394957983193	0.3070924535044695	8.4	13.9	4.4	0.301	18	30.43	-1.64	-0.11	1.311
Mark Bellhorn	2B	64	0	S	547	0.2435897435897436	0.347985347985348	0.3931623931623932	0.3373259017881396	13	28	18.6	0.301	29.8	5.88	0	1.65	2.523
Sandy Alomar Jr.	C	91	0	R	546	0.332046332046332	0.3553113553113553	0.6003861003861004	0.4160280988859394	3.8	11.8	34.1	0.326	44.2	1.32	0	0.66	7.692
Ken Henderson	LF	85	0	S	537	0.2281449893390192	0.3127340823970037	0.3411513859275053	0.3015793166506354	10.6	18.8	11.2	0.258	30.8	0	0.78	-0.11	1.006
Bill Buckner	LF	64	0	L	532	0.274703557312253	0.2962264150943396	0.4110671936758893	0.3139444482895005	3.4	10.3	11.3	0.287	33.8	4.26	-0.56	4.29	1.241
Ken Berry	LF	55	0	R	525	0.2254697286012526	0.2769230769230769	0.3235908141962422	0.271461294904177	6.3	20.3	10.3	0.262	25	7.41	0.23	1.14	-0.114
Hank Aaron	1B	98	5	R	522	0.2920353982300885	0.3773946360153257	0.5110619469026548	0.3943036500163584	11.7	16.8	28.7	0.301	35.6	4.26	0	0.23	4.828
John Leary	1B	40	0	R	520	0.2222222222222222	0.2447013487475915	0.2888888888888889	0.2410165017253408	3.1	23.4	4.6	0.277	20.9	8.7	-0.69	-0.69	-2.423
Tino Martinez	1B	87	0	L	520	0.2414529914529915	0.3096153846153846	0.3739316239316239	0.3076285418857048	9.2	14.7	17.3	0.253	27.4	3.23	0.35	-2.31	0.808
Al Kaline	RF	99	0	R	518	0.2963752665245202	0.3527131782945737	0.44136460554371	0.3556032203028595	7.7	14.3	12.7	0.324	30.9	6.98	0	4.4	3.938
Spoony Palm	C	79	0	R	508	0.2662473794549266	0.2964426877470356	0.440251572327044	0.3252125033981569	3.5	19.1	21.3	0.291	34.6	6.82	-0.59	-0.59	3.189
Jo Adell	RF	92	5	R	492	0.2217194570135747	0.2967479674796748	0.3846153846153846	0.3074840461773008	9.1	21	23.2	0.238	33.7	3.03	0	-0.85	0.854
George Harper	RF	97	0	L	488	0.2494226327944573	0.3264887063655031	0.4041570438799076	0.3283579464567816	10.5	19.6	18.4	0.277	32.4	5.71	-0.74	-0.61	0.984
George Hunter	RF	40	0	S	483	0.1832579185520362	0.2505175983436853	0.2420814479638009	0.2315039416430527	7.5	29.2	0	0.258	32.1	0	0	0.12	-2.609
Vic Power	1B	76	5	R	479	0.3066666666666666	0.3382045929018789	0.4888888888888889	0.3627046831460829	4.2	10.2	16.3	0.316	34.1	19.15	-0.63	1.38	4.134
David Ross	C	88	0	R	477	0.255421686746988	0.3487394957983193	0.3855421686746988	0.3342447448499302	12.2	22.4	7.5	0.315	37.7	5	0	-3.27	3.396
Evan Longoria	3B	69	5	R	475	0.2191780821917808	0.2742616033755274	0.3835616438356164	0.2955052786518459	6.7	18.7	17.7	0.238	44.8	2.33	0	0	1.642
Duke Snider	CF	73	0	L	472	0.251207729468599	0.3333333333333333	0.4492753623188406	0.3478236271286731	9.5	21.3	28	0.266	35.6	2.7	0.38	0.89	2.924
Coot Veal	SS	40	0	R	471	0.2206572769953052	0.2737068965517241	0.2769953051643192	0.2514274541173129	6.4	19.7	5.1	0.262	16	6.67	0	-2.04	-1.529
Bryce Eldridge	1B	97	0	L	468	0.25	0.344017094017094	0.4803921568627451	0.3675703602480052	11.8	22.3	30.8	0.265	45.1	0	0	-3.59	3.718
Willy Adames	SS	59	0	R	460	0.1901408450704225	0.2434782608695652	0.323943661971831	0.2575107357939908	5.9	29.3	17	0.234	35.8	6.9	-0.65	1.96	0.13
Jackie Robinson	2B	79	0	R	459	0.2613908872901679	0.3054945054945055	0.3621103117505995	0.3005200889157856	6.3	12	5.2	0.283	25.7	21.43	0.65	4.44	1.961
Ethan Holliday	SS	95	5	L	456	0.2750642673521851	0.3793859649122807	0.4601542416452442	0.3723568815393893	14	24.2	19.7	0.327	38.3	2.44	-0.66	0	5
Wilson Redus	LF	99	5	R	454	0.2621359223300971	0.3259911894273128	0.4733009708737864	0.3489444508687626	7.9	19.4	18.5	0.294	40.7	34.09	0	2.64	2.247
Elston Howard	C	95	5	R	454	0.3099273607748184	0.3612334801762114	0.5423728813559322	0.3946455121378604	7.3	19.4	27.8	0.338	38.3	10.2	0	-3.3	6.211
Brian Dozier	2B	88	5	R	452	0.2432432432432433	0.3075221238938053	0.4643734643734644	0.339801136976404	8.4	18.9	29.2	0.246	43.4	6.98	1.46	2.92	4.115
Yoenis Cespedes	LF	98	0	R	451	0.2494172494172494	0.2793791574279379	0.4242424242424243	0.309381409711518	4	21	16	0.288	33.6	41.67	-0.8	2.39	0.798
Cedric Mullins	CF	96	0	L	449	0.2676767676767677	0.3340807174887893	0.4545454545454545	0.3501428552944881	9.6	16.4	21.4	0.28	34	16.67	0.53	5.35	4.143
Rogers Hornsby	2B	83	0	R	445	0.2906666666666667	0.3832199546485261	0.4346666666666666	0.3701835646317042	12.8	17.1	13.5	0.322	31.2	0	0	-0.67	3.91
Jelly Jackson	SS	47	0	R	442	0.1532663316582915	0.2232346241457859	0.2010050251256282	0.1987543287356237	7.9	21.6	5.4	0.183	14.8	22.22	0	-0.54	-2.308
George Lombard Jr.	SS	86	5	R	434	0.2186666666666667	0.3194444444444444	0.3813333333333334	0.3209160123151936	12.4	28	19.4	0.265	37.8	6.45	0	0.55	3.318
Dan Pasqua	LF	79	0	L	429	0.2442159383033419	0.31002331002331	0.4190231362467866	0.3265358050149488	8.9	29.8	21	0.308	40	0	0	-1.68	0.28
Willie Keeler	RF	77	0	L	422	0.2631578947368421	0.2962085308056872	0.3634085213032581	0.2963109507387952	4	7.5	2.8	0.278	24.8	38.46	0.71	-1.14	0.142
Chick Fulmer	2B	41	0	R	420	0.2271604938271605	0.25	0.2864197530864198	0.2422291306855483	2.9	22.5	1.4	0.289	20.7	15.79	-2	1.14	-1.571
Ron Santo	3B	93	5	R	419	0.2341597796143251	0.3221957040572792	0.4214876033057851	0.3309686174615824	10.7	21.2	27.2	0.242	34.1	3.45	0	-0.72	3.294
Max Clark	CF	98	5	L	418	0.2534059945504087	0.3349282296650718	0.3405994550408719	0.3119613144272378	11.2	19.3	4.3	0.303	24.7	13.04	0.57	0.86	2.01
Bill Robinson	LF	47	0	R	411	0.2114882506527415	0.2536585365853659	0.3394255874673629	0.267103957940245	4.9	29.2	16.1	0.265	29.6	12.5	0.44	1.75	-0.438
Lance Johnson	CF	67	0	L	411	0.273936170212766	0.3292682926829268	0.3484042553191489	0.3084431695406882	6.8	13	1.5	0.311	20.4	23.81	-1.02	3.36	1.898
Braden Montgomery	RF	74	5	S	406	0.2630057803468208	0.3645320197044335	0.4393063583815029	0.3625889945191067	12.1	19.9	17.7	0.295	36.3	12.12	0.74	2.81	3.842
Dick Groat	SS	89	0	R	394	0.275	0.3333333333333333	0.3833333333333334	0.3255849638670278	6.6	10.6	1.5	0.304	32.3	15.62	0.46	5.03	3.807
Ken Boyer	3B	96	0	R	394	0.2543352601156069	0.33248730964467	0.3901734104046243	0.3276148626503915	10.2	21.1	12.2	0.296	29.5	19.23	-1.52	-0.15	3.046
J.J. Hardy	SS	64	0	R	389	0.2427745664739884	0.3098958333333333	0.3439306358381503	0.2977549698078177	9	14.5	10.8	0.264	25	0	0	-1.39	0.925
Riley Greene	LF	99	0	L	387	0.2349570200573066	0.3038961038961039	0.3409742120343839	0.2962017564509697	8	24.6	7.8	0.297	29.3	12.5	0.93	-3.1	0.155
Buster Adams	CF	57	5	R	386	0.2414772727272727	0.2953367875647668	0.3664772727272727	0.293328006606236	7.3	21.9	12.4	0.283	30.6	7.69	-0.78	1.87	0.466
Frankie Pytlak	C	81	0	R	383	0.2478386167146974	0.2984293193717277	0.270893371757925	0.2650576218749407	7	12.7	0	0.277	9.3	0	0.78	2.35	1.097
Tony Scott	CF	41	5	S	380	0.2357954545454546	0.2849604221635884	0.3210227272727273	0.2768542434767534	5.8	22.2	3.2	0.296	26.5	18.18	0.32	2.05	0.632
Sal Stewart	3B	97	0	R	379	0.2366863905325444	0.3156498673740053	0.3905325443786982	0.3206030754450005	9.8	20.1	20.6	0.261	31.2	4	0.47	-1.58	1.583
Red Schoendienst	2B	94	0	S	377	0.3023255813953488	0.3502673796791444	0.4098837209302326	0.3418937689973595	6.9	10.8	6.4	0.327	25	11.54	-0.8	1.11	3.82
Willie Keeler	RF	77	5	L	373	0.2557471264367816	0.289544235924933	0.3591954022988506	0.2888267936007573	4.6	5.5	3.2	0.261	23.6	52.38	0.64	0.32	0
Torii Hunter	CF	73	0	R	365	0.2239263803680982	0.2884615384615384	0.4233128834355828	0.3155277919653212	8.5	24.2	21.4	0.25	49.3	8.33	0.49	1.32	1.808
Masataka Yoshida	LF	94	0	L	364	0.2508038585209003	0.3406593406593407	0.3729903536977492	0.3260910258488387	11.8	13.2	13.2	0.26	24.4	15.79	-0.82	-0.33	0
Don Newcombe	P	95	0	L	363	0.1346153846153846	0.1899109792284867	0.1666666666666667	0.1716919224587863	5.5	37.2	3.3	0.203	14.3	0	0	-1.82	-5.124
Eddie Joost	SS	89	5	R	362	0.2452229299363057	0.3342541436464088	0.3885350318471338	0.3292317937877767	11.6	25.5	16.6	0.294	29.9	8.7	0.33	1.66	3.149
Eddie Mathews	3B	98	0	L	362	0.2698412698412698	0.3535911602209945	0.4603174603174603	0.3620230958801554	11	19.7	23.2	0.292	34.1	10.34	0	1.99	4.144
Morgan Ensberg	3B	95	0	R	360	0.2175324675324675	0.325	0.3798701298701299	0.3228512835943149	13.1	25.3	15	0.26	43.3	10.34	0.5	-2.33	2.833
John Beckwith	SS	98	5	R	354	0.2421383647798742	0.3050847457627119	0.3522012578616352	0.2981770716141219	7.9	18.6	10.2	0.275	28.6	4.55	0	1.69	1.186
Aaron Robinson	C	98	0	L	353	0.2793650793650794	0.3569405099150141	0.4698412698412698	0.369478496337503	10.2	18.4	27.2	0.299	31.8	0	0	-3.23	4.249
Lonny Frey	2B	88	0	L	353	0.2467948717948718	0.3276353276353277	0.3012820512820513	0.2956506614640197	10.2	14.1	3.4	0.281	16.9	0	1.19	4.08	2.72
Mike Easler	1B	87	0	L	350	0.2633228840125392	0.3094555873925501	0.438871473354232	0.3273663574005685	6.6	29.8	24	0.324	31	7.69	0	1.2	1.886
Andy Seminick	C	66	5	R	346	0.2373417721518987	0.2936046511627907	0.3987341772151899	0.3112106618818041	6.9	23.7	22.5	0.27	30.7	8.7	-0.87	1.04	2.254
Jimmy Ryan	CF	99	0	R	337	0.2724358974358974	0.3234421364985163	0.4326923076923077	0.3370995840929075	7.1	19.2	14.2	0.314	35.3	13.33	0.89	0.89	2.315
Giancarlo Stanton	RF	69	0	R	337	0.25	0.2967359050445104	0.391025641025641	0.3067672355640267	6.2	35.6	19.6	0.347	28.2	0	0	-1.78	0.89
Munetaka Murakami	1B	99	5	L	335	0.2627737226277372	0.3843843843843844	0.4963503649635037	0.3930684432369548	16.4	31.4	32.2	0.312	37.5	3.7	-1.61	0	4.657
Royce Lewis	3B	91	0	R	334	0.2402597402597403	0.2994011976047904	0.3668831168831169	0.3009217628049742	6.9	22.4	12.6	0.289	33.8	0	0.54	1.62	1.617
Brent Mayne	C	67	0	L	331	0.2302631578947368	0.2909090909090909	0.3026315789473684	0.275099136312044	7.3	22	1.8	0.292	28.6	0	0	-0.54	0.544
Dave Harris	LF	67	5	R	326	0.2491103202846975	0.343558282208589	0.3879003558718861	0.330528161079034	12.3	26	12.9	0.309	31.4	13.64	-0.92	-0.55	1.472
Eduardo Quintero	CF	88	5	R	325	0.3154121863799283	0.4	0.5197132616487455	0.4045948688835984	12.6	21.9	22.2	0.362	33	13.79	-1.66	0.92	5.723
Chris Cannizzaro	C	65	0	R	318	0.2526690391459075	0.3249211356466877	0.3167259786476868	0.2944103128954006	9.4	19.6	0	0.309	18.3	38.46	0	-3.58	0.943
John Bateman	C	44	0	R	317	0.1872909698996655	0.2302839116719243	0.294314381270903	0.2382379126208694	4.4	22.7	9.5	0.225	28.6	37.5	0	-1.14	-1.136
Josh Donaldson	3B	95	0	R	316	0.2508710801393728	0.3142857142857143	0.4146341463414634	0.3260895042564246	7.9	19.5	24.7	0.269	26.4	10.53	0	-3.23	3.038
Tim McCarver	C	68	0	L	316	0.2756183745583039	0.3291139240506329	0.392226148409894	0.3230513895115005	8.2	13.1	5.7	0.3	25.6	35	0	2.66	3.987
Henry Blanco	C	54	0	R	315	0.2090592334494774	0.2571428571428571	0.2996515679442509	0.2529685645607654	6.3	16	9.5	0.226	20	33.33	0	-0.57	-0.19
Carlos Correa	SS	99	0	R	314	0.2258064516129032	0.2980769230769231	0.4193548387096774	0.3214009086518678	9.2	17.9	28.7	0.221	38.1	0	0	0.38	3.057
Sid Gordon	3B	89	5	R	313	0.2	0.3194888178913738	0.3660377358490566	0.314437503995416	14.4	18.1	21.1	0.203	41.5	0	0	-4.6	-0.383
George Strickland	SS	80	0	R	311	0.1899641577060932	0.2645161290322581	0.2437275985663082	0.2397173438330424	8.7	21.9	5.8	0.23	15.1	12.5	0	1.54	0.193
Zack Cozart	SS	83	0	R	311	0.2666666666666667	0.3536977491961415	0.4185185185185185	0.3495534536067415	10.9	10.4	13.5	0.273	33.3	12.5	-1.54	-1.16	3.666
Mike Hegan	RF	91	0	L	310	0.2689393939393939	0.3709677419354839	0.3712121212121212	0.3430323108029222	12.9	21.2	13.5	0.315	16.9	8.33	-1.16	-2.32	1.742
Mike Easler	1B	87	5	L	306	0.3094339622641509	0.3980263157894737	0.4792452830188679	0.3929542651441992	12.1	29.8	15.7	0.416	32.9	7.41	0.39	-0.59	4.118
Brian Dozier	2B	88	0	R	299	0.2272727272727273	0.302013422818792	0.4204545454545455	0.3238231089784018	8	22.7	28.1	0.237	38.3	0	1.2	2.01	3.01
Gary Sheffield	3B	99	5	R	297	0.2546125461254612	0.3131313131313131	0.4391143911439114	0.3344885970891253	8.1	11.1	24.2	0.247	36.2	4	0	-0.4	3.434
Eddie Collins	2B	98	0	L	294	0.2884615384615384	0.3506944444444444	0.4192307692307692	0.3472774274158446	8.2	13.5	10.2	0.315	26.7	20	0.61	1.02	3.265
Home Run Baker	3B	99	0	L	293	0.3297101449275363	0.3608247422680412	0.5434782608695652	0.3986274474730223	4.4	12.3	22.5	0.345	36.3	12.12	1.23	1.02	5.734
Tony Fernandez	2B	65	5	S	287	0.2761194029850746	0.3087719298245614	0.3880597014925373	0.312967145213221	4.2	13.8	10.5	0.301	27	0	0	3.55	2.718
Jason Kendall	C	91	0	R	287	0.3227091633466135	0.397212543554007	0.4860557768924303	0.3926548276116374	11.1	14.7	12.5	0.355	35.8	0	0.42	3.55	6.272
Prince Fielder	1B	99	0	L	287	0.3187250996015936	0.397212543554007	0.5577689243027888	0.4189461241598752	11.1	22.3	29.3	0.361	37.5	6.67	0	-0.42	5.854
Jeff Bagwell	1B	99	5	R	280	0.2479338842975207	0.3357142857142857	0.4132231404958678	0.3338081492761412	11.8	22.3	17.1	0.283	38.3	4.35	0	-3.86	1.714
Ray Brown	P	85	0	S	280	0.1891891891891892	0.2401433691756272	0.2471042471042471	0.2216792896223855	6.4	29.3	6.4	0.253	18.4	0	0	-1.29	-3
Ron Santo	3B	93	0	R	280	0.2570281124497992	0.3321428571428571	0.429718875502008	0.3402910466530828	9.6	18.9	23.6	0.275	31.2	5	0	-2.36	1.929
Jim Thome	3B	64	5	L	278	0.2510288065843622	0.3453237410071943	0.4609053497942387	0.3612034260773361	12.6	27.2	30.2	0.288	37.7	0	0	2.16	4.101
Charlie Condon	1B	79	0	R	277	0.1914893617021277	0.2996389891696751	0.2978723404255319	0.2808475887624441	13.7	30.6	10.8	0.247	31.1	7.14	-1.08	1.52	0.217
Tony Conigliaro	RF	95	0	R	276	0.3149606299212598	0.3659420289855073	0.5669291338582677	0.4060273074563985	6.9	16.9	34.8	0.327	38.8	3.23	0	-1.74	4.13
Mickey Vernon	1B	83	0	L	275	0.3145161290322581	0.3666666666666666	0.4475806451612903	0.3638820409975997	6.9	18.5	4.4	0.378	29.5	26.09	0	-2.18	3.055
John Olerud	1B	68	0	L	275	0.2458333333333333	0.3309090909090909	0.3541666666666667	0.3128007240444803	10.9	20.4	13.1	0.282	23.7	0	0	-4.15	1.091
Rick Monday	CF	69	5	L	274	0.200836820083682	0.2883211678832117	0.3598326359832636	0.2928613020670361	11.3	33.1	17.5	0.256	39.6	15.79	0	0.88	0
Robby Thompson	2B	97	0	R	273	0.2420634920634921	0.2967032967032967	0.3333333333333333	0.2888761869027007	6.6	26.2	8.8	0.311	24.6	0	0.44	2.2	1.099
Jim Ray Hart	3B	94	0	R	271	0.2560975609756098	0.3173431734317343	0.3983739837398374	0.3212296080363373	7.7	18.7	13.3	0.291	31.7	15	0	-1.11	1.55
Willie Stargell	1B	89	0	L	270	0.2418032786885246	0.3074074074074074	0.389344262295082	0.312220808524988	7.8	25	15.6	0.292	37.3	0	0	-0.89	-0.222
Mickey Tettleton	C	69	0	S	270	0.152073732718894	0.3111111111111111	0.2442396313364055	0.2753436182816007	17.8	37.8	13.3	0.206	24.2	0	0	-3.78	0
Dick Allen	3B	79	5	R	269	0.2246696035242291	0.3382899628252788	0.3568281938325991	0.3224427427395254	14.5	30.4	15.6	0.288	29.4	6.67	0.67	3.35	2.454
Steve Carlton	P	96	5	L	268	0.1464435146443515	0.1639344262295082	0.1715481171548117	0.1547253665208087	1.5	41.4	0	0.25	17.1	0	0	-4.25	-6.94
Byron Buxton	CF	64	0	R	267	0.2122448979591837	0.2593984962406015	0.3591836734693877	0.2732457707238691	5.6	26.5	11.2	0.263	46.2	8.33	1.57	2.02	0.674
Javier Baez	SS	52	0	R	260	0.2398373983739837	0.2730769230769231	0.3536585365853658	0.2788663335063931	4.2	17.9	13.8	0.268	27.1	0	-1.38	-3	0.231
Colt Emerson	SS	98	5	L	257	0.2595744680851064	0.31640625	0.4340425531914894	0.3352093735811136	6.6	23.4	14	0.314	41	16	-0.23	-1.63	4.202
Steve Finley	CF	89	5	L	257	0.2640692640692641	0.3241106719367589	0.3896103896103896	0.3234113432186405	7	16	11.7	0.295	24.6	26.67	3.74	4.44	3.268
Ketel Marte	SS	68	0	S	256	0.25	0.3254901960784314	0.3392857142857143	0.3059780409595826	9.8	14.7	4.7	0.28	28.6	0	0.47	0.47	2.109
Mark Trumbo	1B	49	5	R	256	0.2605042016806723	0.30859375	0.3739495798319328	0.3049793233573413	5.9	24.8	14.1	0.322	24.2	0	0.7	0.94	0.703
Bob Fothergill	LF	86	5	R	255	0.3474576271186441	0.3843137254901961	0.5677966101694916	0.4179588834795991	5.5	13.1	23.5	0.364	36.6	6.67	0	3.53	6.588
Mel Almada	CF	43	5	L	252	0.2387387387387387	0.2995951417004049	0.2837837837837838	0.2699073419664713	7.1	14.9	2.4	0.271	13.2	14.29	0	-6.19	-1.429
Roger Maris	RF	82	5	L	252	0.2409090909090909	0.3373015873015873	0.4909090909090909	0.3676870913883842	12.7	15.9	38.1	0.219	43.4	0	0	0.71	2.857
Tsung-Che Cheng	2B	44	0	L	251	0.2304347826086957	0.2908366533864542	0.2739130434782608	0.2644832769626875	8	21.3	4.8	0.283	11.3	0	-0.24	2.87	-0.717
Charlie Eden	LF	40	0	L	249	0.1948051948051948	0.2379032258064516	0.2554112554112554	0.2273122533943601	4.4	22.1	2.4	0.242	22.2	20	0.72	-1.45	-2.892
Gerardo Parra	LF	77	0	L	249	0.2444444444444444	0.3117408906882591	0.4177777777777778	0.3259846079994231	8.4	24	16.9	0.293	34.5	31.58	3.37	3.37	3.133
Roy Campanella	C	86	5	R	249	0.2385321100917431	0.3172690763052209	0.4495412844036697	0.3391845896125179	10.8	21.1	28.9	0.244	40.4	4.76	0	-2.65	4.337
Mel Almada	CF	43	0	L	248	0.2252252252252252	0.2955465587044535	0.2747747747747748	0.2684262182888204	7.7	19.8	4.8	0.27	14	0	0	1.94	-0.726
Beals Becker	LF	93	0	L	247	0.2456140350877193	0.2995951417004049	0.412280701754386	0.3183165752480255	5.7	17.5	24.3	0.257	30.4	5.88	0	-0.49	1.215
Melvin Mora	LF	95	5	R	246	0.2590909090909091	0.3265306122448979	0.4	0.3272916834500592	8.9	25.9	19.5	0.312	24.6	7.14	0	0.98	1.707
Garret Anderson	CF	80	0	L	246	0.2606837606837607	0.2886178861788618	0.4358974358974359	0.3211136850315556	3.7	18.8	24.4	0.28	34.4	0	0	-2.68	0.732
Marcus Stroman	P	98	0	R	244	0.02702702702702703	0.05240174672489083	0.03603603603603604	0.04595813246372379	2	56.8	0	0.062	33.3	0	0	-1.48	-11.066
Juan Pierre	CF	70	5	L	240	0.2522935779816514	0.3083333333333333	0.3119266055045872	0.2856709685832477	7.1	8.7	2.5	0.269	14.5	37.5	4.5	7	1
Steve Carlton	P	96	0	L	240	0.1273584905660377	0.1704035874439462	0.2169811320754717	0.1788009028355759	4.2	37.7	7.5	0.186	44.4	8.33	0	-1	-5.75
Juan Pierre	CF	70	0	L	235	0.2641509433962264	0.3217391304347826	0.3443396226415094	0.3054262089153751	7.7	11.3	2.6	0.294	21.4	25	3.06	4.09	1.277
Herb Souell	3B	74	0	S	235	0.2018348623853211	0.2260869565217391	0.2844036697247707	0.2293014012691765	3	15.1	5.1	0.225	27.3	16.67	0.77	1.53	-1.021
Joe Judge	1B	74	0	L	234	0.2585365853658537	0.3376623376623377	0.3560975609756097	0.3191042204805752	9.8	16.1	2.6	0.302	28.3	20	0	0.26	1.026
Vic Harris	LF	79	0	L	234	0.2450980392156863	0.3304721030042919	0.4019607843137255	0.3252762808815317	10.7	19.6	15.4	0.275	36	11.11	0	3.33	2.308
Austin Hedges	C	56	0	R	232	0.2325581395348837	0.2751091703056768	0.2697674418604651	0.252976979275214	4.7	20.5	2.6	0.287	12	0	-1.29	-0.78	-0.259
Ryan Lavarnway	C	64	0	R	231	0.1739130434782609	0.2467532467532468	0.2608695652173913	0.2372351530368637	8.2	26.6	7.8	0.217	30.6	9.09	0	-3.12	-2.078
Darrel Chaney	SS	40	0	S	231	0.1904761904761905	0.2597402597402597	0.2380952380952381	0.2360879060043927	7.8	23.3	2.6	0.242	17.5	14.29	-1.56	-3.38	-1.818
George Pinkney	3B	40	0	R	231	0.186046511627907	0.2294372294372294	0.2279069767441861	0.2125682514346355	5.2	22.3	0	0.235	20	12.5	-0.78	1.56	-2.597
Hilton Smith	P	88	0	R	231	0.2453703703703704	0.2813852813852814	0.2962962962962963	0.2606215551432462	3.9	17.6	0	0.293	20.8	0	0	2.34	-1.299
Felipe Lopez	SS	68	5	S	229	0.270935960591133	0.3493449781659388	0.4039408866995074	0.3431497789566376	9.6	24.6	13.1	0.336	30.9	0	0	-2.1	2.62
Dan Bankhead	P	74	0	R	229	0.1343283582089552	0.1889400921658986	0.1990049751243781	0.183128599478864	4.8	34.8	7.9	0.185	22.2	16.67	0	0	-6.55
Luis Arraez	2B	80	0	L	228	0.2522935779816514	0.2699115044247787	0.3073394495412844	0.2610385184503763	2.2	7.3	2.6	0.266	16.4	11.11	0	4.74	-0.526
Cy Williams	RF	69	0	L	220	0.2272727272727273	0.3045454545454546	0.3686868686868687	0.3085475085638101	8.6	14.6	21.8	0.23	26.7	0	0	0	0
Mark Trumbo	1B	49	0	R	219	0.2178217821782178	0.2648401826484018	0.297029702970297	0.2508507650988791	6.4	24.3	8.2	0.268	22.7	0	0	0	-1.918
Tsung-Che Cheng	2B	44	5	L	218	0.2391304347826087	0.337962962962963	0.2826086956521739	0.2916152329555171	12.4	21.2	2.8	0.293	13.6	0	-1.38	-1.38	-0.275
Ernie Banks	SS	83	0	R	216	0.2474747474747475	0.3009259259259259	0.3838383838383838	0.3066850666711374	7.4	24.2	16.7	0.295	28.6	7.14	0	0.83	2.778
Blake Swihart	C	45	5	S	214	0.2526315789473684	0.3271028037383177	0.3	0.2879472997882647	9.3	26.3	2.8	0.333	14.6	0	0.56	2.52	1.402
Michael Barrett	C	76	0	R	213	0.2578947368421053	0.3286384976525822	0.4315789473684211	0.3412997131844192	8	20	19.7	0.286	36.7	5.56	0.56	-0.56	3.944
Devin Mesoraco	C	82	5	R	207	0.2582417582417583	0.3429951690821256	0.445054945054945	0.3492792575862724	11.1	20.3	23.2	0.283	38.3	0	0	1.45	4.058
Jim Greengrass	LF	74	0	R	204	0.2198952879581152	0.2598039215686275	0.3717277486910995	0.2803618334941441	4.9	23	20.6	0.246	35.7	0	-5	2.35	-0.294
Masataka Yoshida	LF	94	5	L	203	0.3	0.374384236453202	0.5277777777777778	0.3995083059442153	10.3	16.1	29.6	0.31	37	5	-1.48	-1.48	2.66
Matt Davidson	1B	56	5	R	203	0.1813186813186813	0.2512315270935961	0.3296703296703297	0.2617285826127516	8.4	28	17.7	0.211	45.5	0	0	-4.14	-0.887
Chick Fulmer	2B	41	5	R	202	0.2074468085106383	0.2425742574257426	0.2765957446808511	0.2354671654608541	3.5	22.3	0	0.26	23.1	44.44	0	1.78	-2.079
Nap Lajoie	2B	99	0	R	199	0.2688172043010753	0.3080808080808081	0.3978494623655914	0.3165981594006411	4.5	10.8	6	0.291	36	11.11	0	1.81	3.317
Austin Jackson	CF	48	0	R	199	0.2459016393442623	0.303030303030303	0.3551912568306011	0.2984737573980962	6.5	27.9	9	0.326	28.9	7.69	3.32	-1.81	0.905
Bill Shipke	3B	40	0	R	194	0.2023121387283237	0.2604166666666667	0.2716763005780347	0.2428690838688453	7.2	20.2	0	0.246	28.6	20	0	3.4	-1.237
Bryce Eldridge	1B	97	5	L	192	0.2424242424242424	0.34375	0.4545454545454545	0.3584330529902194	13	29.1	25	0.291	47.5	0	0	-6.87	2.812
Bill Everitt	1B	42	0	L	191	0.2556818181818182	0.3089005235602094	0.3011363636363636	0.2832031071441611	6.3	22.7	3.1	0.324	13.3	0	0.63	0.63	0.314
Chris Hoiles	C	97	0	R	191	0.1942857142857143	0.2526315789473684	0.3257142857142857	0.2611503026311104	7.3	24	18.8	0.219	32.4	0	0	-2.2	0
Yasmani Grandal	C	79	5	S	189	0.3207547169811321	0.4126984126984127	0.5408805031446541	0.42087276822887	13.8	17	28.6	0.333	31.4	6.25	0.63	-3.49	7.302
Jonathan Lucroy	C	48	5	R	187	0.2235294117647059	0.2887700534759358	0.3588235294117647	0.2935973137633408	8	12.4	9.6	0.238	36.8	21.43	0	-0.96	0.321
Bruno Block	C	41	0	R	186	0.2093023255813954	0.2540540540540541	0.313953488372093	0.2484971557712367	5.9	30.8	3.2	0.292	27.8	60	0	0	-0.645
Leo Cardenas	SS	68	0	R	186	0.2576687116564417	0.3369565217391304	0.4417177914110429	0.3491321500519895	10.8	20.9	19.4	0.29	38.1	12.5	0	-0.65	4.516
Yoenis Cespedes	LF	98	5	R	182	0.2514285714285714	0.2802197802197802	0.4514285714285714	0.3226932441594749	3.3	22.3	19.8	0.292	43.2	21.05	0	2.64	2.308
Phil Garner	2B	63	0	R	182	0.2705882352941176	0.3093922651933702	0.4058823529411765	0.3154156313317298	4.9	15.3	6.6	0.308	34.8	18.75	-0.33	4.62	3.297
Wilson Ramos	C	68	0	R	182	0.1952662721893491	0.2472527472527473	0.2899408284023668	0.2466180493038943	6.6	25.4	9.9	0.242	30.3	0	0	1.32	-0.33
Del Rice	C	40	0	R	180	0.2035928143712575	0.25	0.2634730538922156	0.2355517698047012	3.3	28.1	6.7	0.267	17.6	0	0	1.67	-2
Matt Davidson	1B	56	0	R	180	0.1790123456790123	0.2611111111111111	0.2901234567901235	0.257534759993672	9.4	25.3	13.3	0.214	34.5	0	0	-6.33	-3.333
Ernie Banks	SS	83	5	R	180	0.2335329341317365	0.2833333333333333	0.3532934131736527	0.2887842472868788	6.1	14.4	16.7	0.245	23.1	11.11	0	1	2
Vince DiMaggio	CF	46	0	R	179	0.1686746987951807	0.2191011235955056	0.3012048192771085	0.2363527680790425	5	27.1	16.8	0.197	39.3	9.09	0	4.02	-2.682
Felipe Alou	1B	92	5	R	176	0.2545454545454545	0.2914285714285714	0.4121212121212121	0.3140310686191174	4.5	12.7	20.5	0.259	31	7.69	0	1.36	1.023
Woodie Held	SS	79	0	R	175	0.2802547770700637	0.3485714285714286	0.4777070063694268	0.368658901761363	8.6	22.9	27.4	0.316	31.8	7.14	0	-0.69	4.457
Jackie Robinson	LF	87	5	R	174	0.1677018633540373	0.2254335260115607	0.2484472049689441	0.2151457451130401	6.3	9.3	6.9	0.174	29.6	12.5	0	1.03	-2.069
Avisail Garcia	RF	78	5	R	173	0.2699386503067485	0.2947976878612717	0.4478527607361963	0.326067881803058	4	16.6	20.8	0.286	31.8	21.43	0	0.69	2.428
Jelly Jackson	SS	47	5	R	171	0.2397260273972603	0.3470588235294118	0.3561643835616438	0.3274381862230753	12.3	17.1	10.5	0.271	28.6	10	0	1.75	5.614
Carl Crawford	LF	81	5	L	171	0.3006134969325153	0.3214285714285715	0.5276073619631901	0.3720975233283554	2.3	15.3	17.5	0.331	42.9	28.57	-2.81	5.96	3.86
Dave Harris	LF	67	0	R	170	0.1292517006802721	0.2352941176470588	0.2448979591836735	0.2267508287857062	11.2	27.2	14.1	0.143	47.4	0	0	3.88	-4.588
Buck Martinez	C	63	0	R	170	0.2026143790849673	0.2764705882352941	0.3006535947712418	0.2652739750216049	8.2	28.8	10.6	0.262	25.8	12.5	0	-1.06	0.706
Muddy Ruel	C	78	0	R	168	0.2550335570469799	0.3333333333333333	0.348993288590604	0.3069187831835163	10.1	11.4	0	0.286	34.2	7.69	0	0.36	1.786
Pete Donohue	P	96	0	R	167	0.1897810218978102	0.2466666666666667	0.2335766423357664	0.2256462951843619	4.8	21.9	0	0.239	19.2	20	0	2.16	-3.593
Paul Goldschmidt	1B	99	0	R	167	0.2937062937062937	0.3832335329341318	0.4335664335664335	0.3641235202271666	12.6	24.5	18	0.352	23.8	0	-1.8	1.8	3.593
Gene Tenace	C	98	0	R	165	0.2482758620689655	0.3333333333333333	0.4275862068965517	0.3410640358771106	11.5	28.3	25.5	0.296	33.3	0	0	-4.36	3.636
Jim Greengrass	LF	74	5	R	165	0.1986754966887417	0.2606060606060606	0.3642384105960265	0.2800437580530811	6.1	24.5	25.5	0.213	36.7	0	-1.82	-0.36	-0.364
Craig Reynolds	SS	68	0	L	164	0.2484076433121019	0.274390243902439	0.2993630573248408	0.261534474258787	3.7	14.6	3.7	0.284	15.4	0	-1.83	-5.12	-0.366
Al Burch	CF	41	5	L	164	0.2137931034482759	0.2901234567901235	0.296551724137931	0.2714698015628159	8.5	26.2	11	0.267	19.4	0	0	4.76	-0.732
Bobby Bonilla	RF	84	0	S	164	0.2411347517730496	0.3414634146341464	0.4893617021276596	0.3696447924636287	12.8	19.1	40.2	0.221	35.3	8.33	0	-4.76	2.927
Lennie Pearson	LF	93	0	R	163	0.2066666666666667	0.2638036809815951	0.3133333333333334	0.2645575178049006	5.5	20	11	0.237	29	11.11	-1.84	5.52	-1.472
Bill Mazeroski	2B	82	0	R	160	0.2112676056338028	0.2597402597402597	0.2887323943661972	0.2516261596861695	6.2	17.6	7.5	0.239	23.3	0	0	-3.38	0
Chuck Carr	CF	47	0	S	157	0.2340425531914894	0.2993630573248408	0.3120567375886525	0.2769771538672832	8.3	15.6	7.6	0.261	21.2	0	-3.06	4.97	-0.382
Muddy Ruel	C	78	5	R	156	0.3053435114503817	0.4038461538461539	0.3587786259541985	0.3555231753787963	14.1	13	0	0.345	17.5	0	0	1.92	5.769
Howard Johnson	3B	84	5	S	155	0.267175572519084	0.3806451612903226	0.4809160305343512	0.3873768332092021	14.8	33.6	23.2	0.358	45.7	0	0	-0.39	5.419
Mo Vaughn	1B	90	0	L	155	0.2340425531914894	0.3032258064516129	0.4468085106382979	0.3354619151997577	8.4	24.8	31	0.255	42.4	0	0	1.16	0
Tommie Agee	CF	82	0	R	154	0.2638888888888889	0.3071895424836601	0.5	0.3563717778603762	5.8	24.3	35.1	0.29	39.5	6.67	0	0	3.896
Chris Cannizzaro	C	65	5	R	154	0.2408759124087591	0.3181818181818182	0.3284671532846715	0.2964887787071573	9.7	18.2	3.9	0.286	27.3	11.11	0	-3.9	1.558
Jesse Petty	P	97	5	R	153	0.078125	0.1240875912408759	0.1171875	0.1173956911170522	3.9	43	3.9	0.122	30	0	0	-1.18	-7.451
Jose Vidro	2B	77	5	S	152	0.3333333333333333	0.3815789473684211	0.463768115942029	0.3759782361996748	7.2	13	11.8	0.361	23.9	9.09	0	-1.58	4.342
Chick Hafey	LF	89	5	R	151	0.2937062937062937	0.3311258278145696	0.4335664335664335	0.3383484123091682	5.3	21.7	15.9	0.352	28.6	0	-4.37	2.38	3.179
Wilson Redus	LF	99	0	R	150	0.2569444444444444	0.2751677852348993	0.4305555555555556	0.3102642189716362	2.7	19.4	16	0.292	35.1	30.77	0	0.8	1.6
Yuli Gurriel	1B	41	0	R	149	0.1605839416058394	0.2214765100671141	0.2481751824817518	0.2124366198960443	6.7	19	12.1	0.174	27.3	0	0	0.4	-3.624
Matty Alou	CF	69	0	L	149	0.2592592592592592	0.3129251700680272	0.3777777777777778	0.3124358098014874	6	11.1	4	0.283	37.1	7.69	-1.21	1.21	0.805
Tommy Clarke	C	75	0	R	148	0.2945736434108527	0.3851351351351351	0.3720930232558139	0.3443529484403406	12.2	14	8.1	0.33	15.8	0	-1.62	-2.43	2.838
Jesus Alou	RF	59	0	R	144	0.223021582733813	0.2430555555555556	0.316546762589928	0.2508307991938062	1.4	8.6	4.2	0.236	29	22.22	0	1.67	-1.667
Justin Smoak	1B	69	0	S	142	0.1968503937007874	0.2676056338028169	0.4015748031496063	0.2983918257415114	8.5	25.2	29.6	0.2	44	9.09	0	-0.42	0
Steve Trout	P	68	0	L	141	0.09523809523809523	0.1297709923664122	0.1031746031746032	0.1136368165024404	2.8	50	0	0.19	8.3	0	0	-1.7	-8.085
David Bell	3B	56	0	R	141	0.2384615384615385	0.2907801418439716	0.4076923076923077	0.3127475833996002	6.4	20.8	21.3	0.263	38.7	0	0	1.7	3.404
Pablo Sandoval	3B	84	0	S	140	0.2307692307692308	0.2785714285714286	0.4769230769230769	0.3284542464134834	5	14.6	30	0.219	50	20	0	-4.71	3
Gregg Jefferies	1B	84	0	S	140	0.2619047619047619	0.3214285714285715	0.2936507936507937	0.2867011908756406	8.6	11.9	4.3	0.286	6.1	0	2.14	6.43	1.286
Rennie Stennett	2B	60	0	R	139	0.162962962962963	0.1798561151079137	0.1851851851851852	0.1679275014199711	1.4	13.3	0	0.186	13.6	0	0	0.86	-3.885
Rocky Colavito	LF	96	5	R	139	0.2100840336134454	0.316546762589928	0.3781512605042017	0.3127227947821123	13.7	15.1	25.9	0.198	32	0	0	0	1.295
Brad Miller	SS	71	5	L	138	0.2203389830508475	0.3188405797101449	0.3474576271186441	0.3030103595922687	13	30.5	8.7	0.293	30.8	37.5	0	-1.74	1.304
Pretzels Getzien	P	64	0	R	138	0.2540983606557377	0.3333333333333333	0.360655737704918	0.3171029605766538	7.2	29.5	13	0.333	19.4	16.67	-1.3	5.22	0.87
Jerry Adair	2B	45	0	R	138	0.1640625	0.2058823529411765	0.21875	0.1940032448211399	3.6	18.8	4.3	0.192	23.8	0	0	0.43	-5.652
Maurice Archdeacon	CF	45	0	L	138	0.2184873949579832	0.3088235294117647	0.2773109243697479	0.2776764053559405	10.9	28.6	4.3	0.294	15.4	25	-3.91	-3.04	-2.174
Noah Schultz	P	92	5	L	137	0.1578947368421053	0.2125984251968504	0.1666666666666667	0.1825499813461084	5.8	39.5	0	0.247	5.6	0	0	3.07	-3.504
Lenny Webster	C	49	0	R	137	0.2030075187969925	0.2262773722627737	0.2857142857142857	0.2320872628446471	2.2	19.5	8.8	0.238	25.9	0	-2.19	-5.26	-3.066
Red Faber	P	98	0	S	136	0.07339449541284404	0.1512605042016807	0.08256880733944955	0.1243231786498595	6.6	61.5	0	0.19	12.5	0	0	-1.76	-8.382
Kevin Youkilis	1B	94	0	R	135	0.25	0.3333333333333333	0.375	0.3213597392518223	11.1	22.5	8.9	0.308	30	22.22	0	-7.56	0.444
George Hunter	RF	40	5	S	135	0.2109375	0.2388059701492537	0.2890625	0.2390975607854854	3.7	22.7	4.4	0.263	29.6	0	0	-14.22	-4.444
Andy Seminick	C	66	0	R	134	0.2032520325203252	0.2556390977443609	0.2357723577235772	0.2304167657878908	6.7	28.5	0	0.281	12	33.33	-2.24	0.45	-1.343
Vinny Castilla	3B	63	0	R	131	0.304	0.3282442748091603	0.56	0.3881752160108575	3.1	25.6	32.1	0.356	44.7	5.88	0	-10.08	4.122
Bob Horner	1B	44	0	R	130	0.25	0.3076923076923077	0.375	0.3109734164559117	6.9	10	18.5	0.25	23.3	0	0	0.92	0
Jorge Mateo	SS	47	5	R	128	0.1951219512195122	0.2265625	0.3008130081300813	0.2371601649012124	3.9	30.1	4.7	0.271	33.3	37.5	0	0	-1.406
Eddie Mathews	1B	65	5	L	128	0.2123893805309734	0.2992125984251969	0.3451327433628318	0.2970605608855751	10.9	24.8	14.1	0.256	37.5	0	0	-3.28	-0.469
Shane Bieber	P	94	5	R	128	0.07017543859649122	0.08620689655172414	0.07894736842105263	0.07832743099129502	1.6	58.8	0	0.17	12.5	0	0	-6.56	-8.906
Michael Young	SS	59	0	R	128	0.1794871794871795	0.2421875	0.2478632478632479	0.2254780557169708	7	23.1	4.7	0.222	23.8	20	0	0.47	-1.875
Jay Bell	SS	82	0	R	128	0.2389380530973451	0.296	0.2654867256637168	0.2590014363885705	7.8	20.4	0	0.293	11.1	0	0	-1.88	0
Mark Fidrych	P	84	0	R	128	0.05217391304347826	0.07627118644067797	0.06086956521739131	0.06813860848442752	0.8	52.2	0	0.109	16.7	0	0	1.41	-8.906
Teoscar Hernandez	LF	75	0	R	126	0.1965811965811966	0.232	0.3076923076923077	0.2429200945464897	4.8	29.1	14.3	0.244	30.4	0	0	-0.95	-3.81
Blake Swihart	C	45	0	S	126	0.1754385964912281	0.224	0.2192982456140351	0.2021350867794924	6.3	30.7	0	0.244	20	25	-2.38	2.38	-3.81
Jake Peavy	P	83	5	R	125	0.07547169811320754	0.1081081081081081	0.07547169811320754	0.09114600452242681	3.2	51.9	0	0.154	0		0	-0.48	-7.68
Jack Harshman	P	69	5	L	125	0.1478260869565217	0.192	0.2608695652173913	0.2012252820594942	5.6	27.8	19.2	0.159	29.4	0	0	-6.72	-5.28
Melky Cabrera	LF	78	0	S	125	0.2155172413793103	0.272	0.3103448275862069	0.2683017829801503	7.2	21.6	14.4	0.25	20	0	0.96	-3.36	-0.48
Tony Fernandez	2B	65	0	S	124	0.2393162393162393	0.2661290322580645	0.3675213675213675	0.2821014255191798	4	10.3	14.5	0.24	32.1	0	0	1.94	2.419
Doug Flynn	2B	40	0	R	122	0.1916666666666667	0.1885245901639344	0.2416666666666667	0.1906710548798659	0	18.3	4.9	0.222	13	33.33	0	2.95	-3.443
Roldy Brito	CF	69	0	S	122	0.1858407079646018	0.2231404958677686	0.2920353982300885	0.2309796121688459	4.9	22.1	4.9	0.225	33.3	42.86	0.98	0.49	-1.967
Satchel Paige	P	87	0	R	122	0.1858407079646018	0.1982758620689655	0.2035398230088496	0.1836411981622899	1.6	25.7	0	0.247	9.5	0	0	-2.46	-3.934
Nolan McLean	P	87	0	R	121	0.2035398230088496	0.2479338842975207	0.3451327433628318	0.2633920302666227	5	33.6	19.8	0.264	34.8	0	0	1.98	0
Tom Young	C	91	0	L	121	0.2831858407079646	0.3305785123966942	0.4778761061946903	0.3596459599955585	6.6	17.7	24.8	0.307	34.4	9.09	1.98	-0.99	4.959
Dave Stieb	P	89	0	R	120	0.08490566037735849	0.09345794392523364	0.08490566037735849	0.08316390692041035	0.8	51.9	0	0.176	0		0	0	-8.5
Moises Alou	LF	74	0	R	119	0.2543859649122807	0.2857142857142857	0.3596491228070176	0.2917064849874196	3.4	7	10.1	0.26	27.6	0	0	6.05	-0.504
Willie Wells	SS	91	0	R	118	0.2169811320754717	0.2905982905982906	0.2452830188679245	0.2557946320936321	8.5	29.2	0	0.307	13	0	1.02	3.56	0
Al Leiter	P	90	0	L	118	0.1142857142857143	0.1308411214953271	0.1619047619047619	0.133860510555874	1.7	42.9	5.1	0.186	25	0	0	-5.08	-7.119
Joey Meneses	1B	78	0	R	117	0.2201834862385321	0.264957264957265	0.2844036697247707	0.2533639429505394	5.1	21.1	10.3	0.259	12.5	0	0	-3.59	-1.538
Jeff Bagwell	1B	99	0	R	115	0.2222222222222222	0.3304347826086956	0.4343434343434344	0.3456119718772899	13.9	25.3	26.1	0.246	50	0	0	-2.09	2.087
Kyle Schwarber	LF	97	0	L	114	0.2755102040816326	0.3684210526315789	0.5	0.3861350463973023	13.2	18.4	31.6	0.28	37	0	0	-7.89	2.105
Francisco Lindor	SS	66	5	S	114	0.2285714285714286	0.2767857142857143	0.4476190476190476	0.3214408864031171	6.1	14.3	31.6	0.214	45.8	0	0	0.53	1.053
Robin Yount	SS	83	0	R	113	0.2523364485981308	0.2743362831858407	0.4299065420560748	0.309025783329738	3.5	21.5	21.2	0.28	37	10	1.06	3.19	2.655
Curry Foley	RF	72	5	L	110	0.2772277227722773	0.3119266055045872	0.3762376237623762	0.3092179129353368	5.5	18.8	10.9	0.317	21.4	0	-2.73	3.27	1.091
Jakie May	P	72	5	R	108	0.09782608695652174	0.1530612244897959	0.1630434782608696	0.1526787607577741	2.8	45.7	11.1	0.146	22.2	0	0	-6.67	-5.556
Edouard Julien	2B	90	5	L	106	0.2	0.2735849056603774	0.3578947368421053	0.2869598496092013	8.5	18.9	22.6	0.203	36.8	0	1.13	0.57	-0.566
Josh Phegley	C	51	5	R	103	0.2446808510638298	0.3106796116504854	0.4468085106382979	0.3392749213632971	7.8	20.2	29.1	0.257	39.1	0	0	-1.17	4.078
Joe Mack	C	74	5	L	103	0.1724137931034483	0.2912621359223301	0.2758620689655172	0.2702451664474154	14.6	25.3	11.7	0.203	26.7	25	0	0.58	1.748
Tom O&#39;Brien	1B	43	0	R	102	0.25	0.28	0.34375	0.2830460283629408	3.9	15.6	17.6	0.269	12.5	0	0	-1.76	-1.176
Alberto Castillo	C	51	0	R	102	0.1827956989247312	0.2549019607843137	0.2258064516129032	0.2254866417067112	7.8	17.2	5.9	0.211	11.8	0	0	-5.29	-2.941
Vince Coleman	LF	55	0	S	101	0.2261904761904762	0.34	0.2619047619047619	0.2923739196183198	11.9	19	5.9	0.265	5.3	0	-2.38	4.75	0
Yainer Diaz	C	63	0	R	99	0.2826086956521739	0.3163265306122449	0.3695652173913043	0.2932100165670251	5.1	13	12.1	0.304	15.4	0	0	-2.42	-0.606
Ethan Holliday	SS	95	0	L	99	0.2954545454545455	0.3636363636363636	0.4431818181818182	0.3620981169162875	10.1	21.6	12.1	0.353	30.8	12.5	0	1.21	4.848
Duke Snider	CF	73	5	L	99	0.3483146067415731	0.404040404040404	0.5168539325842697	0.4095137888848107	8.1	20.2	18.2	0.406	25.8	12.5	0	4.85	7.879
Hugh Daily	P	93	0	R	99	0.1494252873563219	0.1956521739130435	0.1609195402298851	0.171699063893982	4	31	0	0.217	7.7	0	0	3.03	-4.848
Aaron Boone	3B	59	0	R	98	0.1935483870967742	0.2346938775510204	0.2580645161290323	0.217834092939189	4.1	19.4	6.1	0.23	22.2	0	0	1.22	-2.449
Carlos Ruiz	C	68	5	R	98	0.3012048192771085	0.3979591836734694	0.4698795180722892	0.3861257434485243	14.3	18.1	12.2	0.343	36	11.11	1.22	6.73	4.286
Alejandro Oms	CF	99	0	L	98	0.2022471910112359	0.2653061224489796	0.3370786516853932	0.2699333052181346	8.2	20.2	24.5	0.206	22.2	0	0	-0.61	-0.612
Sammy Sosa	RF	43	0	R	98	0.1739130434782609	0.2040816326530612	0.3043478260869565	0.2272194624343303	3.1	38	24.5	0.218	25	0	-1.84	1.22	-3.061
Cal McVey	1B	47	0	R	97	0.2234042553191489	0.2474226804123711	0.2765957446808511	0.2384546280605093	2.1	9.6	0	0.247	14.3	66.67	0	-1.86	-2.474
Sandy Koufax	P	93	0	R	97	0.1235955056179775	0.1505376344086022	0.1235955056179775	0.1305092414905945	3.1	38.2	0	0.196	0		0	1.86	-13.608
Walt Wilmot	CF	94	0	S	96	0.3253012048192771	0.4166666666666667	0.5060240963855421	0.4148482371658404	12.5	13.3	25	0.338	25.9	0	-4.38	5.62	6.875
Buck Rodgers	C	42	0	S	95	0.2261904761904762	0.3052631578947368	0.2738095238095238	0.2647983932088374	8.4	13.1	6.3	0.247	10.5	0	0	-1.26	-0.632
Sandy Alomar Sr.	2B	65	0	S	95	0.2696629213483146	0.3052631578947368	0.3595505617977528	0.2999472498059826	5.3	11.2	6.3	0.291	20.8	20	4.42	1.89	3.789
Julio Franco	SS	98	0	R	93	0.1428571428571428	0.2903225806451613	0.1948051948051948	0.2472146629566692	16.1	18.2	6.5	0.161	18.2	0	1.29	5.81	-1.935
Dave Barnhill	P	99	0	S	93	0.3287671232876712	0.3902439024390244	0.3835616438356164	0.3539758431794973	8.6	26	0	0.436	12.5	33.33	0	-2.58	2.581
Jack Burdock	2B	87	0	R	93	0.2674418604651163	0.3225806451612903	0.5	0.362074114360119	7.5	17.4	19.4	0.294	47.8	27.27	-3.23	-1.94	4.516
Dennis Martinez	P	85	0	R	92	0.06578947368421052	0.07692307692307693	0.1052631578947368	0.08293190083679564	1.1	48.7	6.5	0.103	20	0	0	-0.65	-7.826
Steve Balboni	1B	43	0	R	91	0.1951219512195122	0.2747252747252747	0.4024390243902439	0.3054994541632438	8.8	32.9	33	0.22	43.8	0	0	-3.3	1.319
Bob Friend	P	99	0	R	91	0.101123595505618	0.1	0.1573033707865168	0.1121034681272845	0	40.4	0	0.167	44.4	25	0	-2.64	-7.912
Ed Gremminger	3B	41	5	R	91	0.2048192771084337	0.2555555555555555	0.3012048192771085	0.2550293355096827	5.5	21.7	13.2	0.234	23.5	0	0	-0.66	-1.978
Madison Bumgarner	P	88	5	R	89	0.2222222222222222	0.2840909090909091	0.5308641975308642	0.3573013542001109	6.7	34.6	53.9	0.222	50	0	0	-8.09	4.045
Julio Teheran	P	79	5	R	88	0.05128205128205128	0.06172839506172839	0.05128205128205128	0.05369238837469936	1.1	48.7	0	0.095	0		0	-3.41	-10.227
Bob Miller	P	69	0	R	88	0.06756756756756757	0.1012658227848101	0.06756756756756757	0.08453182227930861	3.4	55.4	0	0.143	0		0	2.05	-10.909
Mike Trout	CF	51	0	R	88	0.2345679012345679	0.2954545454545455	0.3209876543209876	0.2847932820441945	8	16	13.6	0.258	15.8	0	0	2.73	-0.682
Keith Hernandez	1B	94	0	L	88	0.2535211267605634	0.375	0.4225352112676056	0.360549660548074	17	19.7	13.6	0.281	38.9	14.29	0	-7.5	3.409
Kyle Stowers	LF	93	0	L	88	0.2564102564102564	0.3409090909090909	0.4615384615384616	0.3563157089196407	9.1	26.9	27.3	0.302	35	14.29	0	5.45	4.091
Chase DeLauter	RF	99	5	L	87	0.1645569620253164	0.2413793103448276	0.2658227848101266	0.2331966772790653	6.9	22.8	13.8	0.186	30.8	0	0	-3.45	-2.759
Johnny Pesky	SS	97	0	L	86	0.1558441558441558	0.1851851851851852	0.1948051948051948	0.1760119045128976	3.5	19.5	7	0.177	8.3	0	0	2.79	-2.093
Ken Boswell	2B	57	5	L	85	0.24	0.3095238095238095	0.3733333333333334	0.3083458483296371	9.4	14.7	7.1	0.266	33.3	33.33	0	2.12	0.706
Carter Jensen	C	89	5	L	84	0.1714285714285714	0.2857142857142857	0.3714285714285714	0.2975557379420602	13.1	22.9	21.4	0.17	58.3	14.29	0	-4.29	-0.714
Hayden Senger	C	44	0	R	83	0.2375	0.2650602409638554	0.35	0.2771007205529012	3.6	27.5	14.5	0.304	26.3	0	0	2.17	0.723
Dave Henderson	CF	89	0	R	83	0.3421052631578947	0.3703703703703703	0.5657894736842105	0.4107799253220343	4.8	18.4	28.9	0.373	34.6	0	0	5.06	7.952
Old Hoss Radbourn	P	89	5	R	81	0.1891891891891892	0.2051282051282051	0.2027027027027027	0.1864785576096171	2.5	12.2	0	0.209	7.1	0	-3.7	0.74	-4.444
Chien-Ming Wang	P	68	0	R	81	0.04054054054054054	0.05263157894736842	0.04054054054054054	0.04525253344636836	1.2	54.1	0	0.086	0		0	0	-9.63
Dave Nilsson	C	83	5	L	81	0.2941176470588235	0.3950617283950617	0.3823529411764706	0.341291606730333	13.6	19.1	7.4	0.345	20	0	0	-2.96	1.481
Roy McMillan	SS	47	0	R	81	0.1690140845070423	0.2405063291139241	0.2112676056338028	0.2168020425229317	7.4	21.1	7.4	0.196	8.3	0	0	-3.7	-2.963
Johnny Niggeling	P	78	0	R	81	0.05263157894736842	0.07692307692307693	0.06578947368421052	0.07024020836505587	1.2	46.1	0	0.098	25	0	0	-4.44	-11.111
Harlond Clift	3B	92	5	R	79	0.208955223880597	0.3291139240506329	0.6119402985074627	0.4062514772216514	15.2	23.9	60.8	0.14	78.6	0	0	1.52	5.316
Sam Jones	P	92	0	R	78	0.1323529411764706	0.2	0.1764705882352941	0.1814610965142785	7.7	27.9	0	0.18	33.3	0	-3.85	2.31	-3.846
Roger Clemens	P	79	0	R	76	0.05633802816901409	0.05555555555555555	0.07042253521126761	0.05593581588882687	0	54.9	0	0.121	25	0	0	0.79	-9.474
Eguy Rosario	3B	44	0	R	76	0.1884057971014493	0.2533333333333334	0.2608695652173913	0.2346152016734769	7.9	31.9	7.9	0.261	23.1	0	0	-4.74	-2.368
Tommy Troy	2B	83	5	R	76	0.3384615384615385	0.4266666666666667	0.6	0.4460960665093057	13.2	26.2	15.8	0.435	50	18.18	-0.79	7.89	8.684
Randy Arozarena	LF	91	0	R	75	0.2535211267605634	0.2933333333333333	0.3943661971830986	0.3086402967009096	5.3	16.9	16	0.281	27.8	20	0	-0.8	-0.8
Jose Tartabull	CF	46	0	L	75	0.2222222222222222	0.24	0.2777777777777778	0.2343309762252827	2.7	9.7	8	0.231	12.5	0	0	-3.2	-4.8
Tony Phillips	3B	75	0	S	75	0.2647058823529412	0.3243243243243243	0.4558823529411765	0.3483348071398522	8	27.9	24	0.326	33.3	16.67	1.6	-4.8	3.2
Jed Lowrie	SS	80	0	S	73	0.2428571428571429	0.2638888888888889	0.3	0.2560895205235676	2.7	17.1	0	0.293	23.5	0	0	1.64	-1.644
Jerry Lynch	LF	94	0	L	72	0.2333333333333333	0.3472222222222222	0.3833333333333334	0.3298104756657159	15.3	23.3	16.7	0.267	35.7	0	0	6.67	1.667
Charlie Eden	LF	40	5	L	70	0.265625	0.3285714285714286	0.34375	0.3048319784454296	7.1	6.2	8.6	0.271	17.6	0	0	2.57	2.571
Connie Ryan	2B	69	5	R	70	0.2857142857142857	0.3285714285714286	0.4603174603174603	0.3475772469565153	7.1	14.3	25.7	0.283	27.8	0	0	2.57	4.286
John Olerud	1B	68	5	L	69	0.2982456140350877	0.4202898550724637	0.4912280701754386	0.4114080423048941	17.4	3.5	26.1	0.269	29.4	0	0	-7.83	5.217
Pete Donohue	P	96	5	R	69	0.2857142857142857	0.2923076923076923	0.3174603174603174	0.2748182529984866	1.4	15.9	0	0.333	11.1	0	0	-0.87	0
Judy Johnson	3B	79	5	R	69	0.21875	0.2753623188405797	0.28125	0.2539858049838706	2.9	15.6	8.7	0.245	14.3	0	0	1.74	0.87
Dutch Leonard	P	97	0	R	69	0.1451612903225807	0.171875	0.2580645161290323	0.1939890733187874	2.9	22.6	17.4	0.152	33.3	0	0	0.87	-3.478
Kevin Brown	C	45	0	R	68	0.1	0.2058823529411765	0.1166666666666667	0.1694605723235464	11.8	33.3	0	0.15	16.7	0	0	1.76	-5.294
Van Kelly	3B	40	0	L	67	0.1	0.1791044776119403	0.1	0.1455042116061925	7.5	35	0	0.15	0		0	0	-5.373
Starling Marte	CF	93	0	R	67	0.1694915254237288	0.2686567164179104	0.2033898305084746	0.2248663313538281	11.9	16.9	0	0.204	20	0	-2.69	0.9	-2.687
Leroy Matlock	P	86	5	L	67	0.253968253968254	0.2835820895522388	0.2857142857142857	0.2611158525451813	3	12.7	0	0.286	12.5	0	0	-18.81	-0.896
Hal Lanier	SS	43	0	R	66	0.293103448275862	0.3384615384615385	0.4137931034482759	0.3360208398846652	4.5	10.3	9.1	0.302	29.4	0	0	3.64	3.636
Kevin Brown	C	45	1	R	66	0.2096774193548387	0.2575757575757576	0.3548387096774194	0.2752194535836373	6.1	29	9.1	0.279	46.2	16.67	0	-0.91	1.818
Trea Turner	SS	98	5	R	65	0.1636363636363636	0.2461538461538462	0.1818181818181818	0.2093555034002856	7.7	16.4	0	0.184	11.1	0	0	0	-3.692
Chris Singleton	CF	45	0	L	65	0.1355932203389831	0.2	0.1694915254237288	0.1707055403399683	6.2	27.1	0	0.182	25	0	4.62	0	-4.615
Jackie Robinson	LF	87	0	R	65	0.2631578947368421	0.34375	0.4035087719298245	0.3412871586822215	9.2	7	18.5	0.255	26.7	0	1.85	5.54	1.846
Mark Clark	P	68	4	R	65	0.1694915254237288	0.1833333333333333	0.2203389830508475	0.1834032019161347	0	35.6	0	0.263	30	0	0	-4.62	-3.692
Marvin Williams	2B	96	0	R	65	0.1875	0.2	0.328125	0.2334200353505733	1.5	17.2	18.5	0.196	33.3	25	0	1.85	-2.769
Bobby Bonds	RF	87	5	R	65	0.1754385964912281	0.2769230769230769	0.2280701754385965	0.2459197137832554	12.3	24.6	9.2	0.214	10	0	0	4.62	-0.923
Randy Arozarena	LF	79	0	R	64	0.2666666666666667	0.3125	0.4	0.3217404964213432	6.2	20	18.8	0.304	25	0	0	0	0.937
Jake Peavy	P	83	0	R	64	0.1896551724137931	0.2033898305084746	0.2413793103448276	0.2021700637937283	1.6	44.8	9.4	0.323	9.1	0	0	0	-3.75
Irv Hall	SS	40	0	R	64	0.2666666666666667	0.296875	0.2833333333333333	0.2667910799851169	4.7	13.3	0	0.302	6.2	0	0	-10.31	0
Bunny Brief	1B	40	0	R	64	0.2542372881355932	0.3015873015873016	0.4067796610169492	0.3165949882784837	6.2	23.7	9.4	0.318	33.3	40	0	-4.69	2.813
Walt Wilmot	CF	94	5	S	64	0.3571428571428572	0.421875	0.5714285714285714	0.4353989068014587	9.4	10.7	18.8	0.367	30	33.33	1.88	-4.69	6.562
Matt Nokes	C	57	0	L	64	0.2372881355932203	0.296875	0.3389830508474576	0.2849160496176004	7.8	18.6	9.4	0.277	28.6	0	0	1.88	-0.938
Jesus Aguilar	1B	85	0	R	64	0.1818181818181818	0.28125	0.3272727272727273	0.2807832100465971	12.5	23.6	18.8	0.195	40	0	0	-5.62	1.875
Ossie Bluege	3B	89	5	R	63	0.2156862745098039	0.3278688524590164	0.2549019607843137	0.2743431429737224	14.3	7.8	0	0.229	18.2	0	-4.76	-11.43	0
Double Duty Radcliffe	CF	57	0	R	63	0.2068965517241379	0.253968253968254	0.293103448275862	0.2491404057006447	6.3	13.8	0	0.235	41.7	0	0	2.86	-0.952
Dutch Leonard	P	97	5	R	63	0.1379310344827586	0.1525423728813559	0.1379310344827586	0.1354007987128349	1.6	41.4	0	0.235	0		0	-4.76	-8.571
Charlie Gelbert	SS	48	5	R	62	0.2321428571428572	0.2903225806451613	0.2678571428571428	0.2604088298178449	6.5	10.7	0	0.255	7.7	100	0	-3.87	0.968
Sam Jethroe	CF	94	0	S	62	0.2807017543859649	0.3387096774193548	0.543859649122807	0.3893624571947611	6.5	17.5	38.7	0.279	43.8	0	-2.9	0.97	4.839
Dan Bankhead	P	74	5	R	62	0.3	0.3518518518518519	0.6	0.4157400408515716	6.5	26	38.7	0.333	40	16.67	0	-5.81	2.903
Victor Scott II	CF	62	0	L	61	0.1454545454545454	0.2033898305084746	0.2545454545454545	0.2130330882400956	4.9	25.5	19.7	0.154	25	0	0	5.9	-3.934
Jonathan Lucroy	C	48	0	R	61	0.1	0.2333333333333333	0.1	0.1822522119321603	14.8	8	0	0.106	0		0	-6.89	-5.902
Jim Thome	1B	79	5	L	60	0.2264150943396226	0.3050847457627119	0.3584905660377358	0.3047975019026866	10	20.8	20	0.25	25	0	0	-1	1
Jorge Mateo	SS	47	0	R	59	0.1551724137931035	0.1694915254237288	0.2413793103448276	0.1829214972790084	0	24.1	0	0.205	33.3	66.67	-2.03	-1.02	-5.085
Larry Corcoran	P	68	5	S	59	0.2115384615384615	0.288135593220339	0.3269230769230769	0.2825660319509778	8.5	21.2	10.2	0.244	36.4	0	0	-10.17	-2.034
Noah Schultz	P	92	0	L	59	0.2244897959183673	0.2307692307692308	0.3061224489795918	0.2374647454867239	0	40.8	10.2	0.333	18.2	0	0	0	-2.034
Konnor Griffin	SS	77	0	R	59	0.2830188679245283	0.3389830508474576	0.4150943396226415	0.3390373825236343	8.5	28.3	20.3	0.351	20	0	0	2.03	1.017
Barney Brown	P	93	5	L	58	0.2444444444444444	0.3	0.3777777777777778	0.3059724991089119	5.2	17.8	20.7	0.25	18.2	0	0	-1.03	-2.069
John McGuinness	1B	40	1	S	58	0.2727272727272727	0.293103448275862	0.4	0.3067171728880592	3.4	25.5	10.3	0.341	26.7	25	0	0	0
Irvin Brooks	CF	78	5	R	57	0.2692307692307692	0.3214285714285715	0.4807692307692308	0.3552906011634026	7	15.4	21.1	0.286	42.9	16.67	0	4.21	5.263
Tom Young	C	91	5	L	57	0.3673469387755102	0.4285714285714285	0.5918367346938775	0.446449028067343	10.5	18.4	31.6	0.395	22.2	25	0	4.21	7.368
Jakie May	P	72	0	R	56	0.09615384615384616	0.1296296296296296	0.1538461538461539	0.1329297788502611	3.6	34.6	10.7	0.121	20	0	0	2.14	-4.286
Tim Beckham	SS	48	5	R	56	0.2407407407407407	0.25	0.5370370370370371	0.3364851324618283	1.8	24.1	32.1	0.256	69.2	11.11	0	-1.07	4.286
Deacon McGuire	C	61	3	R	55	0.1372549019607843	0.2	0.1764705882352941	0.1723285902349496	5.5	15.7	0	0.163	28.6	0	0	1.09	-3.273
Julio Franco	1B	47	0	R	55	0.1666666666666667	0.1818181818181818	0.2407407407407407	0.1908375819866471	1.8	33.3	10.9	0.229	22.2	0	-5.45	-7.64	-7.636
Ian Happ	LF	79	0	S	54	0.1875	0.2777777777777778	0.2083333333333333	0.2382642593552551	9.3	33.3	0	0.281	11.1	0	0	-7.78	-4.444
Jackie Robinson	3B	68	0	R	54	0.2391304347826087	0.3333333333333333	0.3695652173913043	0.3205521527172611	13	10.9	11.1	0.244	27.3	33.33	2.22	-8.89	1.111
Connelly Early	P	96	5	L	53	0.148936170212766	0.1428571428571428	0.1702127659574468	0.1378990100668467	0	42.6	0	0.241	14.3	0	0	1.13	-9.057
Brad Radke	P	82	0	R	53	0.02040816326530612	0.02	0.08163265306122448	0.04239209613838822	0	44.9	11.3	0	100	0	0	0	-11.321
Warren Spahn	P	84	0	L	53	0.2708333333333333	0.2857142857142857	0.4166666666666667	0.3138298467072593	0	37.5	22.6	0.393	23.1	0	0	-3.4	2.264
Gus Bell	CF	70	0	L	52	0.2826086956521739	0.3653846153846154	0.4565217391304348	0.3698940375259251	11.5	17.4	11.5	0.324	46.2	0	0	-6.92	1.154
Jose Altuve	2B	69	0	R	51	0.2	0.2	0.26	0.2061724610951856	0	22	11.8	0.237	10	0	0	4.71	-2.353
Luis Aparicio	SS	52	0	R	51	0.2558139534883721	0.36	0.3953488372093023	0.346563668749752	9.8	16.3	0	0.306	45.5	20	0	3.53	5.882
Elmer Rodriguez	P	89	5	L	51	0.08888888888888889	0.1276595744680851	0.08888888888888889	0.1083174717911794	2	40	0	0.148	0		0	-1.18	-8.235
Satchel Paige	P	94	5	R	51	0.125	0.1428571428571428	0.125	0.1258952100245704	2	60.4	0	0.316	0		0	-2.35	-4.706
Brett Baty	3B	62	0	L	50	0.25	0.34	0.3181818181818182	0.3085872814284838	12	36.4	0	0.393	27.3	0	0	-12	0
Lennie Pearson	LF	93	5	R	50	0.1914893617021277	0.24	0.3617021276595745	0.2702527112667072	6	19.1	24	0.194	44.4	0	2.4	1.2	-2.4
Steve Swisher	C	45	5	R	50	0.2653061224489796	0.28	0.3265306122448979	0.2749563119336655	2	18.4	12	0.308	7.7	0	0	-1.2	0
Billy Bean	CF	40	0	L	50	0.2083333333333333	0.24	0.2083333333333333	0.200172019528787	4	29.2	0	0.294	0		0	-6	-4.8
Javier Baez	2B	78	0	R	49	0.1666666666666667	0.1836734693877551	0.2916666666666667	0.2114654336615672	2	25	12.2	0.2	50	0	-6.12	0	-3.673
Don Padgett	RF	52	0	L	49	0.1304347826086956	0.163265306122449	0.2173913043478261	0.1617998804163674	4.1	15.2	12.2	0.128	33.3	0	0	0	-4.898
Garret Anderson	LF	49	5	L	49	0.25	0.2448979591836735	0.3541666666666667	0.2625561946196233	0	25	12.2	0.306	16.7	50	0	-4.9	0
Charles Zimmer	C	48	0	R	48	0.1463414634146341	0.25	0.1951219512195122	0.2185853002292084	12.5	36.6	0	0.222	33.3	0	0	3.75	-1.25
Johnny Evers	2B	93	0	L	48	0.3111111111111111	0.3404255319148936	0.3777777777777778	0.3251526838787041	4.2	11.1	0	0.35	14.3	50	2.5	2.5	2.5
John Jaha	1B	82	5	R	48	0.3	0.3958333333333333	0.475	0.3891379515097357	12.5	30	12.5	0.393	41.7	0	0	1.25	3.75
Johnny Neun	1B	63	0	S	48	0.3181818181818182	0.3617021276595745	0.3863636363636364	0.3424492189181599	2.1	11.4	0	0.359	21.4	0	0	1.25	1.25
Brandon Lowe	2B	77	0	L	47	0.2857142857142857	0.3191489361702128	0.4047619047619048	0.3205300499002829	4.3	26.2	12.8	0.344	25	0	0	2.55	0
Howie Pollet	P	91	5	L	47	0.1	0.119047619047619	0.1	0.1035496061512059	2.1	50	0	0.19	0		0	-2.55	-7.66
Freddie Patek	SS	43	0	R	47	0.25	0.3478260869565217	0.325	0.3155002080512911	10.6	17.5	0	0.303	20	50	0	1.28	0
Jeff Blauser	SS	88	0	R	47	0.3421052631578947	0.4680851063829787	0.4210526315789473	0.4132760412305446	19.1	15.8	12.8	0.387	7.7	0	0	-8.94	5.106
Mario Guerrero	SS	46	0	R	47	0.5476190476190477	0.574468085106383	0.7857142857142857	0.5908207716110877	6.4	7.1	25.5	0.553	26.1	0	0	-1.28	14.043
Joe Torre	C	57	0	R	47	0.1914893617021277	0.1914893617021277	0.2127659574468085	0.1824858154495488	0	38.3	0	0.31	11.1	0	0	0	-3.83
Yasmani Grandal	C	79	0	S	46	0.1395348837209302	0.1956521739130435	0.3720930232558139	0.252279600570853	6.5	14	39.1	0.088	66.7	0	0	-2.61	0
Carson Williams	SS	87	5	R	46	0.175	0.2826086956521739	0.375	0.3003249896473049	10.9	27.5	26.1	0.185	42.9	33.33	3.91	0	2.609
Johnny Edwards	C	48	0	L	45	0.15	0.2444444444444444	0.25	0.2356549651235955	11.1	25	13.3	0.172	33.3	0	-6.67	-2.67	-4
Tubby Scales	2B	92	5	R	45	0.2564102564102564	0.3333333333333333	0.3846153846153846	0.3251522705457184	11.1	10.3	13.3	0.257	30	0	0	0	1.333
Dom DiMaggio	CF	96	5	R	44	0.125	0.2045454545454546	0.325	0.2396320496009977	9.1	20	27.3	0.1	60	33.33	0	0	0
Marvin Williams	2B	96	5	R	44	0.1818181818181818	0.1818181818181818	0.3181818181818182	0.2204217070999712	0	15.9	27.3	0.171	25	0	0	2.73	-1.364
George Lombard Jr.	SS	86	0	R	44	0.1388888888888889	0.2727272727272727	0.1388888888888889	0.2048040311162209	15.9	33.3	0	0.2	0		4.09	4.09	-2.727
Biff Pocoroba	C	44	0	S	44	0.07692307692307693	0.1428571428571428	0.07692307692307693	0.1156721935050494	6.8	20.5	0	0.097	0		0	0	-8.182
Jim Hickman	CF	56	0	R	43	0.1951219512195122	0.2325581395348837	0.3658536585365854	0.2675676692087381	4.7	22	27.9	0.2	37.5	0	-6.98	0	-1.395
Jeff Frye	2B	42	0	R	43	0.1842105263157895	0.2619047619047619	0.1842105263157895	0.2199912740179397	7	18.4	0	0.226	0		0	5.58	-2.791
Aaron Robinson	C	98	5	L	43	0.282051282051282	0.3095238095238095	0.5128205128205128	0.3573979209960369	4.7	15.4	27.9	0.281	45.5	0	0	-1.4	1.395
David Wells	P	99	0	L	43	0.05128205128205128	0.0975609756097561	0.07692307692307693	0.0884545486934222	4.7	30.8	0	0.074	50	0	0	2.79	-9.767
Ad Lankford	P	80	0	R	43	0.1515151515151515	0.2432432432432433	0.1515151515151515	0.1996630743975519	9.3	42.4	0	0.263	0		0	2.79	-5.581
Owen Caissie	RF	78	0	L	43	0.282051282051282	0.3255813953488372	0.5384615384615384	0.3756817722881975	7	15.4	41.9	0.258	36.4	0	0	-4.19	1.395
Tuffy Rhodes	CF	81	0	L	43	0.3333333333333333	0.3488372093023256	0.5	0.3780287321370142	2.3	26.2	27.9	0.414	21.4	0	2.79	2.79	4.186
Bobby Byrne	3B	69	0	R	43	0.2439024390243902	0.2790697674418605	0.2926829268292683	0.262641369910057	4.7	17.1	0	0.294	20	0	2.79	2.79	1.395
Elmer Rodriguez	P	89	0	L	43	0.1025641025641026	0.1463414634146341	0.1282051282051282	0.1328394714459418	4.7	41	0	0.174	25	0	0	0	-4.186
Tom Cheney	P	78	0	R	43	0.05714285714285714	0.1081081081081081	0.05714285714285714	0.08753571400382118	4.7	60	0	0.143	0		0	0	-6.977
Julio Lugo	SS	73	0	R	43	0.25	0.3333333333333333	0.3055555555555556	0.2979106516104266	11.6	11.1	0	0.273	22.2	0	0	-1.4	2.791
Spencer Horwitz	1B	91	0	L	42	0.2424242424242424	0.3809523809523809	0.2424242424242424	0.3084591826801318	19	15.2	0	0.276	0		0	1.43	-1.429
Byron Buxton	CF	94	0	R	42	0.375	0.3902439024390244	0.55	0.4165872252405705	2.4	15	14.3	0.424	26.7	25	2.86	0	7.143
Ichiro Suzuki	RF	61	0	L	42	0.2368421052631579	0.2926829268292683	0.2631578947368421	0.2498968227854219	7.1	5.3	0	0.25	11.1	0	0	0	-2.857
Billy Bryan	C	48	0	L	42	0.3157894736842105	0.3809523809523809	0.4473684210526316	0.3644166018055984	7.1	21.1	0	0.4	25	66.67	0	1.43	4.286
Darren Daulton	C	93	0	L	42	0.2894736842105263	0.3571428571428572	0.5526315789473685	0.3909874277343593	9.5	23.7	28.6	0.333	36.4	50	0	4.29	5.714
Jackson Merrill	CF	65	0	L	41	0.2564102564102564	0.2682926829268293	0.4102564102564102	0.2971119044456121	2.4	25.6	14.6	0.31	40	0	0	2.93	0
Josh Jung	3B	69	0	R	41	0.3333333333333333	0.3658536585365854	0.4444444444444444	0.3571897400935032	7.3	13.9	14.6	0.344	16.7	0	0	0	1.463
Double Duty Radcliffe	CF	57	5	R	41	0.2162162162162162	0.275	0.2702702702702703	0.2553908697278483	4.9	13.5	0	0.25	25	0	0	-1.46	-4.39
Piper Davis	2B	97	5	R	41	0.3333333333333333	0.3414634146341464	0.5128205128205128	0.3742766967186575	2.4	23.1	29.3	0.379	23.1	0	0	5.85	5.854
Ramon Webster	1B	42	0	L	41	0.2631578947368421	0.3170731707317073	0.2894736842105263	0.2832996004996968	7.3	26.3	0	0.357	10	0	0	2.93	-4.39
Roger Maris	RF	82	0	L	41	0.1666666666666667	0.2682926829268293	0.1666666666666667	0.2204698142675819	9.8	13.9	0	0.194	0		0	-1.46	-2.927
Wilmer Flores	1B	59	5	R	40	0.282051282051282	0.3	0.4358974358974359	0.3261302585767692	2.5	7.7	0	0.306	54.5	0	0	-3	3
Miller Huggins	2B	71	0	S	40	0.3235294117647059	0.425	0.4117647058823529	0.3865420498653734	12.5	26.5	0	0.44	27.3	0	0	3	3
Dom DiMaggio	CF	96	0	R	40	0.2222222222222222	0.275	0.3333333333333333	0.2751303919531756	7.5	25	15	0.259	25	0	0	4.5	0
Vic Power	1B	76	0	R	40	0.3	0.3	0.475	0.3419916300192072	0	12.5	15	0.324	41.7	0	0	0	7.5
Jac Caglianone	RF	66	0	L	39	0.1714285714285714	0.2564102564102564	0.1714285714285714	0.2127544786957967	10.3	31.4	0	0.25	0		0	1.54	-4.615
Derek Bell	RF	58	5	R	39	0.1842105263157895	0.2051282051282051	0.3157894736842105	0.2324128270436209	2.6	23.7	15.4	0.214	42.9	0	0	0	-1.538
Michael Young	SS	59	5	R	39	0.1714285714285714	0.2564102564102564	0.1714285714285714	0.2127544786957967	10.3	14.3	0	0.2	0		0	-10.77	0
Trey Yesavage	P	97	5	R	39	0.05405405405405406	0.05405405405405406	0.05405405405405406	0.04918329277981903	0	48.6	0	0.105	0		0	-10.77	-9.231
Lefty Gomez	P	96	5	L	38	0.1212121212121212	0.1176470588235294	0.1212121212121212	0.1070459901678414	0	51.5	0	0.235	0		0	0	-7.895
Yuli Gurriel	1B	41	5	R	38	0.2432432432432433	0.2368421052631579	0.3513513513513514	0.2563231200261993	0	8.1	0	0.257	44.4	0	0	-1.58	-1.579
Al Leiter	P	80	0	L	38	0.125	0.1470588235294118	0.125	0.1279142193632544	2.6	56.2	0	0.267	0		0	0	-7.895
Andrew McCutchen	CF	83	0	R	38	0.2222222222222222	0.2631578947368421	0.3055555555555556	0.2584955432562943	5.3	22.2	0	0.286	25	50	0	9.47	0
Joe Carter	RF	64	0	R	38	0.2162162162162162	0.2368421052631579	0.3243243243243243	0.2522677919168142	2.6	24.3	15.8	0.259	25	0	0	0	-1.579
Tyler Anderson	P	95	0	L	38	0.08571428571428572	0.08571428571428572	0.08571428571428572	0.07799064997942733	0	51.4	0	0.176	0		0	3.16	-7.895
Old Hoss Radbourn	P	89	0	R	37	0.1290322580645161	0.2058823529411765	0.1290322580645161	0.1696506777540802	8.1	22.6	0	0.167	0		0	-9.73	-4.865
Dave Altizer	RF	67	0	L	37	0.08823529411764706	0.1621621621621622	0.2352941176470588	0.1839133693636161	8.1	20.6	16.2	0.077	66.7	50	0	6.49	-4.865
Hyun-soo Kim	LF	68	0	L	37	0.2352941176470588	0.2972972972972973	0.3823529411764706	0.3079197501734039	8.1	14.7	16.2	0.25	37.5	0	0	-9.73	1.622
Jim Maloney	P	41	0	L	37	0.2058823529411765	0.2702702702702703	0.2352941176470588	0.2410251025513069	5.4	23.5	0	0.269	14.3	0	0	3.24	0
Maurice Archdeacon	CF	45	5	L	37	0.1935483870967742	0.2777777777777778	0.2258064516129032	0.2412566596506944	10.8	29	0	0.261	16.7	0	0	3.24	-3.243
Bill Everitt	1B	42	5	L	36	0.2903225806451613	0.3888888888888889	0.3870967741935484	0.3596203083764674	13.9	12.9	16.7	0.308	11.1	0	0	-3.33	1.667
Luis Robert Jr.	CF	71	0	R	35	0.2258064516129032	0.3142857142857143	0.3225806451612903	0.2855149906885718	11.4	29	17.1	0.286	14.3	0	0	-1.71	-1.714
Jackie Bradley Jr.	CF	69	5	L	35	0.2058823529411765	0.2285714285714286	0.2941176470588235	0.2354914697856395	2.9	17.6	0	0.25	42.9	0	3.43	1.71	0
Carl Pavano	P	79	0	R	35	0.06060606060606061	0.08823529411764706	0.06060606060606061	0.07439122427933365	2.9	69.7	0	0.2	0		0	-8.57	-10.286
Howie Pollet	P	91	0	L	35	0.03225806451612903	0.09090909090909091	0.03225806451612903	0.0715529825728932	2.9	48.4	0	0.062	0		0	-30.86	-13.714
Monte Beville	C	40	0	L	35	0.2758620689655172	0.3714285714285714	0.3448275862068966	0.3203775487813891	14.3	17.2	0	0.32	25	0	0	3.43	1.714
Frank Duncan	C	61	5	L	35	0.09375	0.1714285714285714	0.25	0.1955307478366482	8.6	34.4	17.1	0.1	100	0	0	0	-3.429
Randy Johnson	P	77	0	R	35	0	0.0303030303030303	0	0.02150059977709212	2.9	40.6	0	0			0	0	-12
Dick Allen	3B	79	0	R	35	0.3103448275862069	0.4285714285714285	0.4482758620689655	0.4012475992138798	17.1	37.9	17.1	0.471	22.2	0	0	0	5.143
Rickie Weeks Jr.	2B	68	5	R	34	0.125	0.1470588235294118	0.15625	0.1393205451952816	2.9	25	0	0.16	25	0	0	1.76	-7.059
Doug Mirabelli	C	50	0	R	34	0.3	0.3823529411764706	0.3	0.312653867447636	11.8	30	0	0.429	0		0	3.53	1.765
Xavier Edwards	2B	80	0	S	33	0.3103448275862069	0.3939393939393939	0.4137931034482759	0.3708124639063269	12.1	13.8	18.2	0.333	11.1	0	0	10.91	7.273
Shane Reynolds	P	81	5	R	33	0.1379310344827586	0.1612903225806452	0.1379310344827586	0.1402930147855048	3	48.3	0	0.25	0		0	-3.64	-7.273
Satchel Paige	P	94	0	R	33	0.03125	0.03125	0.03125	0.02843409113833287	0	71.9	0	0.111	0		0	0	-10.909
Tim Beckham	SS	48	0	R	33	0.2580645161290323	0.303030303030303	0.2903225806451613	0.2763121187327566	3	29	0	0.364	12.5	0	0	0	0
Bob Horner	3B	84	0	R	33	0.1428571428571428	0.2727272727272727	0.1428571428571428	0.217792806937176	15.2	28.6	0	0.2	0		0	0	-3.636
Ketel Marte	2B	82	0	S	32	0.2580645161290323	0.28125	0.3225806451612903	0.2738836650198471	3.1	25.8	0	0.348	25	0	0	1.88	0
Eugenio Suarez	3B	74	0	R	32	0.2	0.25	0.3666666666666666	0.2769915353412064	6.2	26.7	18.8	0.238	50	0	0	-5.62	0
Steve Brady	RF	75	0	S	32	0.25	0.34375	0.2857142857142857	0.3008577683450748	9.4	14.3	0	0.292	14.3	0	0	-3.75	-1.875
Slim Sallee	P	80	0	R	32	0.2413793103448276	0.2666666666666667	0.2758620689655172	0.248885709530651	3.1	41.4	0	0.412	14.3	0	0	-7.5	-3.75
Terry Steinbach	C	60	0	R	32	0.1851851851851852	0.3125	0.2592592592592592	0.2633278680415249	15.6	29.6	0	0.263	40	0	0	1.88	-1.875
Del Rice	C	40	5	R	32	0.2	0.25	0.2666666666666667	0.2391879762633077	6.2	33.3	0	0.3	33.3	0	0	-11.25	-1.875
Madison Bumgarner	P	88	0	R	32	0.2307692307692308	0.2758620689655172	0.2307692307692308	0.2371856925464825	6.2	26.9	0	0.3	0		0	-3.75	-7.5
Ted Easterly	C	58	0	L	32	0.25	0.25	0.40625	0.2856449908500019	0	15.6	0	0.296	37.5	66.67	0	-3.75	0
Jesse Petty	P	97	0	R	32	0.03448275862068965	0.06666666666666667	0.06896551724137931	0.06690752624532062	3.1	41.4	0	0.059	100	0	0	-3.75	-7.5
Jose Trevino	C	50	0	R	31	0.3	0.3225806451612903	0.3333333333333333	0.2995597780249301	3.2	23.3	0	0.391	11.1	0	0	7.74	0
Troy Glaus	3B	58	0	R	31	0.2666666666666667	0.2580645161290323	0.3666666666666666	0.2723410505251612	0	20	0	0.32	37.5	0	-9.68	1.94	0
Jack Taylor	P	72	0	R	31	0.125	0.1923076923076923	0.125	0.1608088560676454	3.2	12.5	0	0.143	0		-9.68	-5.81	-7.742
Sam Thompson	P	73	0	R	31	0.1538461538461539	0.2413793103448276	0.2307692307692308	0.2267610732209422	6.5	30.8	0	0.222	50	0	0	5.81	0
Jose Mendez	P	95	0	R	31	0.07692307692307693	0.1071428571428571	0.07692307692307693	0.09033220091061943	3.2	30.8	0	0.105	0		0	-13.55	-9.677
Eggie Dallard	1B	67	0	L	31	0.24	0.3666666666666666	0.28	0.3142359154419927	12.9	24	0	0.316	16.7	0	0	5.81	1.935
Brooks Robinson	3B	49	0	R	31	0.1612903225806452	0.1612903225806452	0.2580645161290323	0.1857796281492264	0	19.4	19.4	0.167	20	0	0	-1.94	-3.871
Sam Rice	RF	48	0	L	31	0.2068965517241379	0.2580645161290323	0.2413793103448276	0.2343935536173199	6.5	13.8	0	0.24	16.7	0	0	1.94	-1.935
Early Wynn	P	72	0	S	31	0.3333333333333333	0.3793103448275862	0.4444444444444444	0.3714311402756802	6.5	22.2	0	0.429	33.3	0	0	-7.74	0
Anthony Santander	RF	75	0	S	30	0.24	0.3	0.36	0.293253958899493	10	24	20	0.25	16.7	0	0	2	2
Babe Pinelli	3B	44	0	R	30	0.2068965517241379	0.2333333333333333	0.3103448275862069	0.2459526393898904	3.3	20.7	20	0.227	16.7	0	0	-4	-2
Jack Lynch	P	91	5	R	30	0.1111111111111111	0.2	0.1111111111111111	0.1619410709070692	10	18.5	0	0.136	0		0	0	-4
Milton Lewis	2B	67	0	L	30	0.2222222222222222	0.3	0.2222222222222222	0.2529301625497344	10	14.8	0	0.261	0		0	-2	0
Robert Poindexter	P	82	5	R	30	0.1428571428571428	0.1724137931034483	0.2857142857142857	0.2034601300519432	3.3	28.6	0	0.2	100	0	0	-8	-6
Bill Holland	P	87	5	S	30	0.25	0.3333333333333333	0.45	0.344814288701961	10	15	20	0.235	40	0	0	0	-4
Don Newcombe	P	95	5	L	30	0.3076923076923077	0.3214285714285715	0.6923076923076923	0.42711911493566	3.3	34.6	40	0.375	75	0	0	-8	6