# CAP key=silverquick__20260313 role=hit label=Silver Quick type=Quick env=current variants=all_cards obsval=49-79 minIP=null minPA=30 dates=2026-07-05..2026-07-19 recordsTotal=360 rows=360
Name	POS	VAL	VLvl	Hand	PA	AVG	OBP	SLG	wOBA	BBpct	SOpct	HR600	BABIP	XBHpct	3B/XBH	wSB600	UBR600	WAR600
Willie McGee	CF	79	0	S	22464	0.2778375344900154	0.3039857492763304	0.4367955852780246	0.3137469164780375	3.2	16.3	10.8	0.313	33.6	29.51	2.65	4.93	2.655
Edgardo Alfonzo	2B	79	0	R	22164	0.2549551326299181	0.3071632200552061	0.3946849423133813	0.3027878840943813	6.6	19.5	13.7	0.291	34.4	2.59	-0.5	0.69	3.108
Jackie Robinson	2B	79	0	R	18126	0.2578503499013099	0.3001728656666481	0.3958370715951911	0.2993325682006951	5.2	14.1	11.6	0.28	33.4	11.54	-0.64	3.81	1.963
Kevin Alcantara	CF	76	0	R	17772	0.2430281342546891	0.30069377855491	0.4051085883514314	0.3030985310069654	7	26	21	0.288	32.7	7.14	-0.2	2.88	1.28
Owen Caissie	RF	78	0	L	17047	0.2341561909724484	0.3023324129017096	0.4081287044877223	0.3061629442161187	8.5	27.6	22.8	0.278	37.4	2.01	-0.4	-0.73	0.285
Woodie Held	SS	79	0	R	13524	0.2397942521227956	0.3022979985174203	0.4045558458523841	0.3035531622768874	7.8	29.4	19.7	0.3	35.2	9.58	-0.11	-2.08	2.01
Earl Webb	RF	72	0	L	13318	0.2628895650028781	0.3176832932692308	0.4117260093742291	0.3135225504703155	7.1	21.7	11.6	0.313	38.5	5.19	-0.69	3.2	1.252
Dan Pasqua	LF	79	0	L	12473	0.2372775800711744	0.3056134723336006	0.3951957295373665	0.303654615426652	8.5	29.8	20.7	0.296	34.2	0.33	-0.14	-4.03	-0.212
Luis Castillo	2B	73	0	S	12436	0.2686461647225168	0.3201199740596627	0.355072463768116	0.2945516138751469	6.6	11.2	5.1	0.292	21.8	15.84	-0.79	2.18	2.461
Spoony Palm	C	79	0	R	11476	0.2535459349216649	0.2834107440189291	0.4412719013627515	0.3061376255502148	3.8	15.1	22.4	0.26	38.6	10.62	-0.02	-0.01	2.619
Kevin Alcantara	CF	76	5	R	11174	0.2547513540128016	0.3151053339309727	0.4293451501723289	0.3190800090903203	7.8	23.7	22.5	0.293	34	6.37	-0.5	2.6	2.223
Duke Snider	CF	73	0	L	10413	0.2443111294993794	0.2883429672447014	0.4273893256102607	0.3046427945238926	5.5	26.9	23.2	0.291	37.5	9.03	-0.47	3.22	1.89
Josh Bell	1B	78	0	S	10121	0.2539786352735993	0.3147489126136813	0.4435360802267277	0.3242845396450417	7.8	17.2	23.2	0.266	39	5.28	-0.04	-3.09	1.281
Javier Baez	2B	78	0	R	9939	0.2597961970795252	0.2815964523281597	0.4110725916587877	0.294554264859242	2.5	18.6	13.3	0.296	35.6	13.41	0.09	2.62	2.813
Charlie Condon	1B	79	0	R	9572	0.2170514670514671	0.3100555730313516	0.3599086099086099	0.2947098252422821	11.4	28.8	16.2	0.27	36.2	2.91	-0.26	-2.34	0.439
Andre Dawson	CF	77	0	R	9052	0.2530640831096067	0.2837240159221583	0.4169487568577098	0.2980377226786594	3.6	21.2	20.2	0.286	32.5	13.07	0.81	3.36	1.346
Gus Bell	CF	70	0	L	8296	0.275898105813194	0.3209117221418235	0.4617896799477466	0.3325706578861428	6	13.5	22.3	0.282	34.7	9.97	-0.54	-0.25	1.331
Ivan Rodriguez	C	76	0	R	8210	0.2479138627187079	0.3077580940745266	0.3685060565275908	0.2940596415919348	7.6	18.5	10.9	0.283	30.7	5.84	-0.34	-0.04	2.602
Dan Pasqua	LF	79	5	L	7901	0.2549381838851784	0.3268329745472964	0.4456444507602672	0.3307978100924693	9.4	27.8	25.5	0.302	36.9	1.21	-0.2	-4.56	1.83
Curtis Granderson	CF	75	0	L	7811	0.2401635876463122	0.2996906419180201	0.4084050204484558	0.3040736867589132	7.4	24.6	16.7	0.287	36.9	20.35	-0.02	3.25	1.344
Ozzie Smith	SS	79	0	S	7694	0.2476669059583632	0.2949382223993623	0.3262024407753051	0.2720282468353069	5.9	8.2	3	0.263	23.5	16.01	0.73	3.08	2.293
Jackie Robinson	2B	79	5	R	7028	0.2637023313262313	0.3090545558411882	0.4071329319129227	0.307179278483276	5.9	13.7	12	0.284	34	11.7	-0.45	3.59	2.783
Andre Dawson	CF	77	5	R	6979	0.2656036446469248	0.2975490898667049	0.4387243735763098	0.3117076328531906	4	19.2	18.8	0.296	34.6	16.03	1.2	3.91	2.45
Jimmy Rollins	SS	69	0	S	6630	0.2515702479338843	0.30631038647343	0.4061157024793389	0.3063772505450972	7.1	13.9	17.4	0.262	33.8	7.2	0.47	2.55	3.955
Muddy Ruel	C	78	0	R	6140	0.2388627308946034	0.2989826058418116	0.3071350959797175	0.2686605454460115	7.6	10.9	1.8	0.262	23.9	8.25	-0.5	-1.86	1.173
Braden Montgomery	RF	74	5	S	5899	0.2515805132019338	0.3091032608695652	0.4077724060989215	0.3086139013226595	7.3	20.5	17.6	0.285	34.7	5.11	-0.13	0.97	1.526
Garry Templeton	SS	78	0	S	5861	0.279971413257102	0.3000171438367907	0.4205824548865464	0.3061190823918226	2.5	16.3	7.5	0.32	32.2	27.18	-0.21	1.75	3.276
Willie McGee	CF	79	5	S	4976	0.2878883956880152	0.3163819095477387	0.4546607482561826	0.3268240905298809	3.7	14.1	10.4	0.318	34.4	31.56	2.73	5.97	3.521
Maury Wills	SS	78	5	S	4696	0.2541116516099143	0.2913402959094865	0.3249942089413945	0.2690134996395664	4.5	10.5	1.4	0.279	20.1	29.09	3.55	4.24	2.07
Maury Wills	SS	78	0	S	4622	0.2501735709326545	0.2806245876402023	0.309881971765795	0.2578722511125972	3.6	12.2	1.6	0.28	17	27.17	4.84	4.69	1.701
Julio Franco	1B	78	0	R	4621	0.2617289830912122	0.321498159774843	0.4096213384139081	0.314490641078002	7.6	20.8	18	0.298	29.6	5.54	0.82	0.09	1.454
Duke Snider	CF	73	5	L	4603	0.248454588682834	0.3041585020683649	0.4457917261055635	0.318594549481938	7	25.5	24.4	0.288	40.1	8.83	-0.07	3.52	2.75
Josh Bell	1B	78	5	S	4236	0.2516573853089366	0.3247520075578649	0.4531954388756298	0.331343925579639	9.5	17	24.5	0.259	41.7	4.55	0	-1.76	1.785
Arky Vaughan	LF	75	5	L	4154	0.2852901484480432	0.3515530941488081	0.4224021592442645	0.3343970828961111	9	11.3	12.1	0.3	30.7	4.62	-0.3	0.03	2.773
Herb Souell	3B	74	0	S	4124	0.2834867075664622	0.3064594463331715	0.4102760736196319	0.3053580291085272	3	13.1	4.9	0.314	31.7	21.94	-0.17	1.28	2.735
Moises Alou	LF	74	0	R	4109	0.2478498827208757	0.2848780487804878	0.4112587959343237	0.2967279732027804	4.7	17.3	16.1	0.271	38.1	12.43	-0.26	2.29	0.307
Vic Power	1B	76	5	R	4077	0.2670425422860072	0.2839960726558665	0.4341363403382881	0.3029859665287075	2.1	7.4	14.1	0.265	38.4	15	0.07	0.19	1.545
Melky Cabrera	LF	78	0	S	4013	0.2782116886614597	0.3210184722915627	0.4209534069485591	0.3165445799113055	5.7	12.6	11.4	0.298	30.2	21.15	0.13	1.15	1.48
Darrell Porter	C	74	0	L	3965	0.2164772727272727	0.2974747474747474	0.3659090909090909	0.290282586351142	9.8	29.3	17.3	0.27	37.4	4.56	-0.45	-0.62	1.801
Owen Caissie	RF	78	5	L	3851	0.23157588115351	0.3077122825240197	0.4118846489950481	0.3095079251785593	9.6	27.1	22.3	0.273	41	2.15	-0.56	-1.32	0.639
Jim Greengrass	LF	74	0	R	3813	0.2482329657902177	0.2906365071015255	0.4308736217133164	0.3074191939434368	5.1	24	23.9	0.282	36.7	6.21	-0.28	1.4	0.913
Jesse Williams	2B	79	0	R	3752	0.2421265530193586	0.2875536480686695	0.3484542039872869	0.2763458621282205	5.8	16.7	7	0.277	28.9	15.7	-0.19	1.41	1.855
Willie Keeler	RF	77	0	L	3747	0.3022209727298285	0.3260347129506008	0.4281698060163059	0.3216180193303319	3.3	6.5	6.6	0.311	24.7	37.59	-0.51	2.39	1.585
Braden Montgomery	RF	74	0	S	3660	0.2527537957725514	0.3036935704514364	0.4334623399821376	0.3144988939238316	6.5	20.7	21.1	0.28	38.3	7.38	0.03	1.02	1.885
Edgardo Alfonzo	2B	79	5	R	3535	0.2817730936143831	0.3342776203966006	0.4612523248605084	0.3393527396918997	7.2	18	17.8	0.312	39.2	3.65	-0.78	1.92	4.905
Ken Griffey	RF	77	0	L	3523	0.2625506704084815	0.3194997157475838	0.3760523854069224	0.3020835194637269	7.5	17.4	7.7	0.303	29.2	11.38	-0.54	-1.33	0.017
Dick Allen	3B	79	0	R	3469	0.2258064516129032	0.2940328624963967	0.354519322900032	0.2836130706641176	8.4	27.8	16.6	0.279	29.3	1.93	0.28	0.71	0.138
Joe Mack	C	74	0	L	3463	0.2049984182220816	0.2639211136890952	0.347674786459981	0.2666569705991631	6.8	26.9	21	0.238	31.3	2.96	-0.4	0.38	2.027
Ken Griffey Jr.	RF	78	0	L	3358	0.2383333333333333	0.3109719737626714	0.3726666666666666	0.2988236829700179	9.2	20	18.4	0.263	27.3	1.03	-0.52	-1.88	-0.143
Willie Keeler	RF	77	5	L	3314	0.3085241730279898	0.3283041641520821	0.4621501272264631	0.3337169178535569	3	5.7	9.1	0.31	30.2	30.72	0.33	2.93	2.408
Charlie Condon	1B	79	5	R	3214	0.2405559515324305	0.3306351183063512	0.409479686386315	0.3219053674750413	11.5	27.3	20.2	0.291	36.7	4.03	-0.06	-3.77	1.96
Miguel Sano	3B	77	0	R	3051	0.2315827862873815	0.3016393442622951	0.4150255288110868	0.3078187267445232	8.7	35.7	24.2	0.308	37.8	7.08	-0.1	-2.34	1.16
Tex Erwin	C	77	5	L	3046	0.2370343316289262	0.304962208347026	0.3703433162892623	0.2933538778987877	8.7	16	14.8	0.255	31	6.97	-0.35	0.59	0.355
Damion Easley	2B	73	0	R	2975	0.2455089820359281	0.2731247897746384	0.4163437830221909	0.2932355980672899	3.5	21.9	22.8	0.275	36.3	2.37	0.12	2.6	2.339
Otto Lopez	SS	79	0	R	2925	0.2597684515195369	0.2869505019037729	0.3730101302460203	0.2846088224191692	3.3	15.7	11.5	0.289	25.3	10.44	0	0.33	0.697
Joey Meneses	1B	78	0	R	2640	0.2699167657550535	0.2893939393939394	0.4058660325009909	0.2966733519352982	2.5	13.3	19.3	0.279	24.7	2.98	0	-3.86	0.159
Trent Grisham	CF	79	0	L	2615	0.2136089577950043	0.2885802469135803	0.3341946597760551	0.2750139209707201	9	22.2	15.6	0.244	27.8	4.35	-0.57	-0.57	-1.354
Joey Meneses	1B	78	5	R	2479	0.2885106382978723	0.3075060532687651	0.4391489361702128	0.3168281947310027	2.5	13	23.2	0.292	23.6	1.25	-0.24	-3.29	1.017
Vic Power	1B	76	0	R	2435	0.2625267665952891	0.2785331685208076	0.411134903640257	0.2918048450040466	1.9	7.8	11.8	0.265	35.2	16.2	-0.64	0.37	1.133
Adrian Beltre	3B	78	0	R	2433	0.2405119152691968	0.281005356407087	0.3795233892321271	0.2843385568047232	4.7	20.1	15.3	0.272	33.8	3.8	-0.15	-0.67	1.8
Cristian Guzman	SS	71	0	S	2314	0.2615454961133973	0.2807017543859649	0.4101508916323731	0.2923078648597732	2.3	17.1	9.1	0.298	34.6	28.79	0.7	4.36	2.437
Jose Vidro	2B	77	5	S	2296	0.2878141299193931	0.3364035087719298	0.4267425320056899	0.3285887094832132	6.4	13	12.8	0.311	31.3	2.63	-0.13	-5.07	2.195
Ian Happ	LF	79	0	S	2291	0.2190569744597249	0.2932628797886394	0.3536345776031434	0.283950431121257	8.6	28.5	15.5	0.274	33.9	3.31	-0.52	-0.81	-1.074
Phil Masi	C	79	0	R	2153	0.2508763144717076	0.2921348314606741	0.3615423134702053	0.2834886605402648	4.8	12.8	11.7	0.268	25.3	7.87	-0.53	-0.78	0.279
Shanty Hogan	C	74	0	R	2085	0.2547411583803178	0.292647765497357	0.3495643259866735	0.2781576554623806	4.3	13.8	11.2	0.276	20.5	4.9	-0.43	-2.47	1.64
Ivan Rodriguez	C	76	5	R	2060	0.2600849256900212	0.3169902912621359	0.3726114649681528	0.2989458129182452	7.3	16.9	9.3	0.296	28.8	4.96	-0.67	-0.26	2.971
Gerardo Parra	LF	77	0	L	2032	0.2505387931034483	0.3069698467622343	0.3636853448275862	0.2926039358486892	6.6	21.4	8.3	0.303	27.1	22.22	3.1	4.1	1.24
Julio Lugo	SS	73	0	R	2028	0.2816593886462882	0.3400990099009901	0.3739082969432315	0.3112074689703925	7.8	10.7	5	0.305	23.6	10.66	3.08	3.52	3.639
David Dahl	CF	75	0	L	1943	0.2784880489160645	0.3230293663060278	0.4496942745969983	0.3299763273027529	5.7	21.5	18.2	0.323	34.7	9.2	-0.43	1.91	2.285
Bill Dahlen	SS	77	5	R	1938	0.2487423141419788	0.2946058091286307	0.4108440469536054	0.3009439763388747	5.6	18.6	14.6	0.279	33.5	31.54	1.02	2.26	2.663
Dick Allen	3B	79	5	R	1935	0.2455331412103746	0.3150259067357513	0.3930835734870317	0.3079246920510774	8.8	26.6	19.2	0.297	30.3	2.33	0.31	-0.22	1.457
Felipe Lopez	SS	68	5	S	1923	0.2605187319884726	0.3239729589183568	0.4351585014409222	0.3249129257292369	8.3	19.4	19.7	0.288	35.8	9.26	-0.47	1.37	2.902
Tom Tresh	SS	77	5	S	1909	0.2626436781609195	0.3209033613445378	0.4114942528735632	0.3156645744615491	7.2	14.8	18.9	0.277	28.4	6.92	-0.53	0.88	2.609
Judy Johnson	3B	79	0	R	1907	0.2363534046145188	0.2697822623473181	0.3590320765334834	0.2706561591445697	4.4	16.9	11	0.264	32.4	8.82	-0.28	0.85	0.975
Deacon White	3B	72	5	L	1899	0.2954168967421314	0.3191153238546603	0.4279403644395361	0.3191947141457025	3.3	9.6	13.6	0.305	26.4	9.22	-0.16	-0.76	1.769
Byron Buxton	CF	76	0	R	1899	0.2454495311638169	0.272008434370058	0.4087148372862658	0.2897985745276765	3.3	24.9	16.1	0.298	40.4	7.78	0.98	5.21	1.106
Jim Greengrass	LF	74	5	R	1607	0.261219022103148	0.3042394014962593	0.4467515070328199	0.3197824774102859	5.4	22.4	24.3	0.294	35.6	5.76	-0.41	0.52	1.979
Dave Harris	LF	67	0	R	1538	0.214760147601476	0.2940793754066363	0.3608856088560886	0.2839693286964809	9.8	23.2	16.4	0.244	37.5	4.59	0.51	-0.16	-0.351
Hunter Dozier	3B	79	0	R	1531	0.2427459306440198	0.288235294117647	0.3963198867657466	0.2923903817462619	6.1	25.3	18	0.289	32.7	11.61	-0.59	0.67	-0.078
Adrian Beltre	3B	78	5	R	1465	0.2521865889212828	0.2916666666666667	0.4037900874635568	0.2981976140172842	4.8	17.1	16.4	0.276	33.8	9.4	-0.66	-0.74	2.212
Casey Candaele	2B	71	5	S	1429	0.2480739599383667	0.3071528751753156	0.3721109399075501	0.2946445813172223	7.3	15.8	10.9	0.274	27.3	23.86	-1.05	0.17	1.302
Chuck Essegian	LF	74	5	R	1405	0.2460815047021944	0.3038516405135521	0.4404388714733543	0.3178180609381587	7.3	25.2	28.2	0.275	36.9	0	-0.43	-2.35	0.854
Judy Johnson	3B	79	5	R	1382	0.2605304212168487	0.3001464128843338	0.4071762870514821	0.3038093622510189	5.1	16.2	13.5	0.288	34.4	9.57	-0.74	1.69	2.996
Lee May	1B	71	5	R	1377	0.2409162717219589	0.2904865649963689	0.4233807266982623	0.3025244192400081	6.3	29.5	24.4	0.292	36.1	8.18	-0.44	-2.53	1.002
Bill Dahlen	SS	77	0	R	1373	0.2376470588235294	0.2766740250183959	0.3796078431372549	0.2807659862473454	4.9	20.3	12.2	0.275	31	32.98	1.44	3.32	1.355
Chuck Essegian	LF	74	0	R	1355	0.2221324717285945	0.2841328413284133	0.3804523424878837	0.2883268685689933	7.7	26.7	23.5	0.258	32.4	1.12	0	0.44	-0.62
Joe Judge	1B	74	0	L	1344	0.2451882845188285	0.3208955223880597	0.3782426778242678	0.3045752374770291	9.7	17.8	7.6	0.284	31.7	34.41	-0.54	2.05	1.339
Dave Brain	3B	68	0	R	1336	0.249802371541502	0.281437125748503	0.4561264822134387	0.3117478364534592	3.6	21.1	27.8	0.268	39.9	8.73	-0.09	0.49	3.009
Emmet Heidrick	CF	79	0	L	1307	0.26131850675139	0.2790161414296695	0.3995234312946783	0.2882606322380384	2.1	14	10.6	0.287	30.7	26.73	0.6	4.41	0.872
Jonathan Schoop	2B	67	0	R	1286	0.2738589211618258	0.312597200622084	0.4514522821576764	0.3254489359959967	5.1	19.2	24.7	0.298	32.4	0.93	-0.23	-2.24	3.126
Tim McCarver	C	68	0	L	1269	0.2678571428571428	0.3130914826498423	0.3928571428571428	0.3046516439497083	5.8	8.8	9	0.278	27.6	25.29	-0.57	-1.04	2.27
Muddy Ruel	C	78	5	R	1220	0.2552607502287283	0.3145695364238411	0.3238792314730101	0.2823715013343451	7.3	9.6	2	0.276	22.9	4.69	-0.89	0.84	1.967
Justin Turner	3B	78	0	R	1211	0.2738853503184713	0.3270024772914946	0.4003639672429481	0.3137338296257532	7.5	14.2	16.8	0.288	23.6	0	-0.25	-2.33	2.081
Chase Utley	2B	73	5	L	1205	0.2779291553133515	0.3278008298755187	0.4196185286103542	0.3209158281470452	6.9	14.4	13.9	0.299	29.7	9.89	-0.45	3.34	3.535
Jerry Coleman	2B	77	0	R	1165	0.2290874524714829	0.2847161572052402	0.3098859315589353	0.2627153940240174	6.6	20.1	5.7	0.274	23.7	10.53	-0.31	0.98	1.648
Victor Martinez	C	74	5	S	1155	0.2549952426260704	0.3168831168831169	0.3986679352997146	0.3108117307866463	7.8	15.9	15.6	0.277	34	0	0	-4.62	2.442
Ken Griffey Jr.	RF	78	5	L	1152	0.2429816069699903	0.3095652173913043	0.3765730880929332	0.2976792010513425	8.3	17.9	17.2	0.264	28.7	0	0.26	-2.4	-0.156
Bill Buckner	LF	64	5	L	1142	0.2727272727272727	0.3003502626970228	0.4150596877869605	0.3062749592064397	3.7	7	12.1	0.275	35.7	2.83	0.47	2.84	1.681
Ozzie Smith	SS	79	5	S	1121	0.2692692692692693	0.3263445761166819	0.3683683683683684	0.3029456016517917	7.1	6.4	3.7	0.28	26	21.43	1.66	4.76	3.854
Branch Rickey	C	78	5	L	1121	0.2784090909090909	0.3076923076923077	0.4166666666666667	0.3089647426838547	3.6	13.7	12.8	0.3	26.9	24.05	-1.02	0.37	0.856
Johnny Lindell	CF	79	0	R	1081	0.2306143001007049	0.2789179104477612	0.3877139979859013	0.2858021887244234	6.1	19.4	16.1	0.256	34.5	24.05	-0.56	0	-0.111
Jerry Browne	3B	77	0	S	1024	0.2527716186252771	0.3326810176125244	0.3070953436807095	0.2869704736580129	10.4	8.1	2.3	0.269	15.8	13.89	0.23	0.06	-0.234
Dave Harris	LF	67	5	R	971	0.2588235294117647	0.3353973168214655	0.4847058823529412	0.3444786532601653	9.8	21.6	25.3	0.28	44.1	13.4	0.25	-3.15	1.916
Justin Turner	3B	78	5	R	931	0.2723004694835681	0.3297529538131042	0.4201877934272301	0.3236592085177385	7.2	13.4	18	0.286	29.7	1.45	-0.32	-4	2.449
Joe Mack	C	74	5	L	918	0.2188264058679707	0.2958515283842795	0.3447432762836186	0.2826154296806024	8.6	27.6	15	0.271	29.1	9.62	-1.31	-0.85	2.876
Yasmani Grandal	C	79	5	S	915	0.2055837563451777	0.307103825136612	0.3312182741116751	0.2844024989228381	12.7	21.3	17.7	0.225	27.8	0	-0.33	-2.69	1.77
Hunter Dozier	3B	79	5	R	881	0.2356608478802993	0.2973893303064699	0.3902743142144638	0.2972916120411332	7	23.3	13.6	0.281	37	20	-0.34	0.89	0.817
Junior Spivey	2B	78	0	R	879	0.235	0.2937142857142857	0.3625	0.28487282956248	7.3	17.2	11.6	0.263	32.4	11.48	-0.34	1.77	1.775
Wade Boggs	3B	74	0	L	863	0.2875816993464052	0.3607888631090487	0.392156862745098	0.3301371530352547	9.3	8.9	4.9	0.306	27.3	10	-0.42	-4.1	3.268
Casey Candaele	2B	71	0	S	831	0.2393048128342246	0.3	0.3382352941176471	0.2781521122906036	7.3	19.4	5.8	0.285	24	34.88	-0.43	2.74	1.661
Rafael Palmeiro	1B	77	5	L	804	0.2741721854304636	0.300498753117207	0.3947019867549669	0.2971768494985084	3.6	7.5	4.5	0.285	37.2	2.6	-0.3	-0.52	0.299
Arky Vaughan	LF	75	0	L	797	0.2691256830601093	0.3232704402515723	0.3633879781420765	0.3003110142586471	6.9	14.9	5.3	0.307	25.9	7.84	-1.05	0.08	0.828
Bingo DeMoss	2B	79	0	R	791	0.1772334293948127	0.2590206185567011	0.2204610951008646	0.2218350876125575	9.4	18.3	2.3	0.211	19.5	0	-0.38	0.83	-1.441
Lee Thomas	1B	77	0	L	785	0.2342465753424658	0.2793367346938775	0.3767123287671233	0.2823679366413905	5.6	15.6	19.1	0.245	30.4	3.85	-0.15	-1.38	0.153
Lou Whitaker	2B	77	5	L	758	0.2374821173104435	0.2845744680851064	0.3419170243204578	0.2724643461084725	5.8	18.2	5.5	0.279	26.5	34.09	0.63	-0.79	0.633
Jordan Walker	RF	77	0	R	742	0.2247838616714697	0.2675675675675676	0.3371757925072046	0.2632420072257732	5.5	26.5	12.9	0.281	28.8	2.22	-0.08	-1.78	-1.86
Jose Vidro	2B	77	0	S	722	0.2786144578313253	0.3212795549374131	0.4307228915662651	0.3206797271718809	6.2	13.6	18.3	0.291	29.2	5.56	0	-1.91	2.244
Fred Hartman	3B	70	0	R	710	0.2645739910313901	0.2976022566995769	0.4409566517189836	0.3129858115025221	4.4	14.5	19.4	0.277	35	16.13	0.85	0.17	2.704
Fernando Tatis	3B	73	5	R	706	0.2173228346456693	0.2865248226950355	0.3653543307086614	0.2831949350415731	8.5	27.1	18.7	0.26	36.2	0	0.59	0.93	0.595
Will Clark	1B	78	0	L	700	0.260596546310832	0.3171428571428571	0.3767660910518054	0.3020017137049415	7.9	20.3	10.3	0.306	29.5	2.04	-0.09	1.11	1.457
Rafael Devers	1B	79	0	L	679	0.2331768388106416	0.2728613569321534	0.3849765258215962	0.2823474518259734	5	27.2	16.8	0.29	38.9	1.72	0	-2.03	-0.177
Sammy Hughes	2B	78	0	R	643	0.2261904761904762	0.2801251956181534	0.2993197278911565	0.2564989143868471	6.5	18.7	3.7	0.269	25.6	2.94	-0.09	0.56	-0.747
Kyle Tucker	RF	79	0	L	631	0.1989708404802744	0.2503987240829346	0.2847341337907376	0.2367212119117159	6.2	18	8.6	0.227	26.7	3.23	1.05	0.57	-3.138
Eric Hosmer	1B	73	0	L	622	0.2720848056537102	0.3327974276527331	0.411660777385159	0.3231409824787246	8.2	16.4	15.4	0.3	30.5	0	-0.48	-4.05	1.35
Joe Cronin	SS	77	5	R	621	0.2214285714285714	0.2822185970636215	0.3410714285714286	0.2719533612138225	7.6	16.4	8.7	0.248	37.1	6.52	-0.48	-2.13	1.063
Fred Hartman	3B	70	5	R	617	0.2797927461139896	0.3104575163398693	0.4438687392055268	0.3199674220188189	3.9	13.8	13.6	0.302	36.4	13.56	1.07	-3.7	2.723
Yasmani Grandal	C	79	0	S	603	0.1802973977695167	0.2553897180762852	0.275092936802974	0.2354897705067633	9.1	26.2	12.9	0.214	25.8	0	0	-1	-0.498
Jorge Posada	C	78	0	S	599	0.2435897435897436	0.3055091819699499	0.36996336996337	0.2946036456757484	7.8	22	15	0.285	29.3	0	-0.5	-2.1	0.401
J.J. Hardy	SS	64	0	R	598	0.2607913669064748	0.2908163265306122	0.3794964028776979	0.2875764321461456	3.5	16.2	15.1	0.284	24.1	2.86	0	-0.7	1.706
Curry Foley	RF	72	5	L	588	0.2870201096892139	0.3299319727891156	0.4570383912248629	0.3357216776453883	5.8	11.3	16.3	0.298	35.7	8.93	0.92	3.98	2.653
Vic Harris	LF	79	0	L	585	0.2347504621072089	0.2822719449225473	0.3567467652495379	0.2780069249678923	5.3	16.8	14.4	0.257	26.8	11.76	-0.51	2.15	-0.821
Carlos Correa	SS	77	0	R	582	0.2152380952380952	0.2717770034843205	0.3276190476190476	0.261853489301942	6.7	19.2	12.4	0.242	30.1	2.94	0	1.24	-0.412
Howard Easterling	SS	77	0	S	581	0.2504672897196262	0.2939130434782609	0.3663551401869159	0.2858618930051498	5.5	16.4	9.3	0.282	28.4	15.79	0.21	2.69	1.652
Ollie Brown	RF	74	0	R	572	0.258364312267658	0.2937062937062937	0.4572490706319702	0.3182157829877468	4.4	21	25.2	0.283	42.4	0	0	0.63	1.678
CJ Abrams	SS	73	0	L	571	0.2348484848484849	0.2771929824561403	0.3731060606060606	0.2797253176209838	5.3	21.8	15.8	0.268	31.5	10.26	-0.11	3.26	0.63
Deacon White	3B	72	0	L	571	0.3259668508287293	0.3485113835376533	0.4825046040515654	0.3521574788023087	3.5	10.5	16.8	0.338	28.2	6	1.47	-0.53	3.678
Rafael Palmeiro	1B	77	0	L	566	0.291588785046729	0.3256637168141593	0.3925233644859813	0.3111929499735487	4.4	11.4	4.2	0.322	29.5	0	-0.21	3.39	1.696
Juan Pierre	CF	70	0	L	563	0.2495088408644401	0.2769516728624535	0.3320235756385069	0.2629870214076046	3.4	10	2.1	0.27	22.8	31.03	3.62	1.6	-0.533
Wilbert Robinson	C	77	0	R	561	0.2580037664783427	0.2823741007194245	0.3314500941619586	0.2665759736798612	2.5	13.4	5.3	0.287	19	11.54	-0.32	-0.96	-0.107
Dave Brain	3B	68	5	R	560	0.2607879924953096	0.2910714285714286	0.4803001876172608	0.3261266409395452	3.6	16.9	30	0.266	38.8	12.96	0.64	-0.75	3.321
Tex Erwin	C	77	0	L	552	0.2158415841584158	0.2753623188405797	0.3069306930693069	0.2575779091545756	7.4	18.6	9.8	0.246	24.8	3.7	-1.74	1.09	-1.522
Dante Bichette	LF	78	0	R	550	0.2570356472795497	0.2672727272727273	0.4671669793621013	0.3085211022547798	1.5	23.5	31.6	0.28	38.7	1.89	-1.09	1.53	1.2
Victor Martinez	C	74	0	S	545	0.2874251497005988	0.3412844036697248	0.4111776447105788	0.3267875017515889	6.6	16	15.4	0.318	23.6	0	0	-7.05	1.982
Matty Alou	CF	69	0	L	544	0.272	0.3149171270718232	0.358	0.291127981744838	6.4	8.4	0	0.292	26.5	19.44	-0.66	4.63	0.441
Sandy Leon	C	72	0	S	543	0.2428571428571429	0.3018518518518519	0.3387755102040816	0.2812668204268615	7.6	19.6	8.8	0.283	23.5	10.71	0	-3.54	-0.11
Donald Reeves	RF	69	5	L	532	0.2505050505050505	0.2913533834586466	0.4	0.2968522968877752	4.5	18.4	19.2	0.272	28.2	14.29	0.34	-1.47	-0.113
Earl Taborn	C	71	0	R	519	0.2652631578947369	0.3191489361702128	0.3389473684210526	0.2896353701738086	7.3	19.8	0	0.328	27	2.94	0	-3.01	1.503
Sal Stewart	1B	79	0	R	517	0.2302904564315353	0.2810077519379845	0.3817427385892116	0.2870504062875143	6.6	24.5	18.6	0.273	36	2.5	-0.58	0	0.464
Tony Phillips	3B	75	0	S	515	0.2366071428571428	0.3281553398058252	0.3772321428571428	0.3102432049689088	10.7	23	19.8	0.268	27.4	0	0.23	2.91	1.515
Hyun-soo Kim	LF	68	0	L	509	0.2185430463576159	0.2919132149901381	0.3002207505518764	0.2636701884427172	9.4	18.5	1.2	0.263	32.3	9.38	0	-2.48	-1.886
Michael Barrett	C	76	5	R	487	0.2339955849889625	0.2839506172839506	0.3708609271523179	0.2841937011104537	6.2	16.1	14.8	0.255	34	5.56	-1.85	3.45	2.341
Will Clark	1B	78	5	L	487	0.3033175355450237	0.3880903490759753	0.4265402843601896	0.3552930369225752	11.5	18.5	11.1	0.351	25	6.25	-1.36	1.97	3.573
Emmet Heidrick	CF	79	5	L	481	0.2781456953642384	0.3097713097713098	0.4525386313465783	0.3233619559923299	4.2	11.7	13.7	0.292	38.9	16.33	-1	5.61	1.372
Julio Lugo	SS	73	5	R	481	0.2725225225225225	0.3222453222453223	0.3716216216216216	0.3022647568172934	6.7	10.6	5	0.295	25.6	16.13	2	5.11	3.867
Joe Harris	1B	79	0	R	473	0.2004773269689737	0.2841880341880342	0.3770883054892601	0.288186695047705	9.9	34.1	19	0.264	42.9	22.22	0.25	-2.16	0.127
Clyde Sukeforth	C	75	5	L	471	0.3071593533487298	0.3447537473233405	0.4226327944572748	0.3295079872952415	5.3	10.4	5.1	0.331	31.6	0	-0.38	-1.02	2.293
Greg Myers	C	77	0	L	448	0.214975845410628	0.2662192393736018	0.3164251207729469	0.2558927771608195	6.2	23.4	12.1	0.257	27	0	0	-1.88	-0.67
Gavin Lux	LF	79	0	L	446	0.2525	0.3220720720720721	0.35	0.2955084127182426	9.4	18.5	5.4	0.299	29.7	3.33	-0.67	0.67	0.673
Tom Tresh	SS	77	0	S	438	0.26	0.3089244851258581	0.39	0.3015889043270011	6.2	15.2	11	0.285	31.7	9.09	-0.68	0	2.055
Juan Uribe	SS	66	0	R	437	0.2576832151300236	0.2745995423340961	0.3947990543735225	0.2848095483838586	1.8	24.3	11	0.321	29.4	31.25	-0.41	2.06	3.158
Greg Myers	C	77	5	L	434	0.227154046997389	0.3087557603686636	0.3368146214099217	0.2854499123911883	10.4	21.4	13.8	0.261	25.3	0	0	-3.46	0.276
Bobby Lowe	2B	78	0	R	432	0.2461928934010152	0.2900943396226415	0.3781725888324873	0.2884111484540525	5.8	12.7	15.3	0.255	26.8	15.38	0.42	-1.94	1.667
Phil Masi	C	79	5	R	428	0.2447368421052632	0.3138173302107728	0.3473684210526316	0.2908800978790916	8.6	11.1	11.2	0.253	22.6	9.52	0	-3.93	0.421
Reggie Jefferson	1B	78	0	L	419	0.183206106870229	0.2243436754176611	0.2849872773536896	0.2215108812495063	4.8	26	11.5	0.223	33.3	0	0	-2.29	-3.437
Chase Utley	2B	73	0	L	416	0.2076923076923077	0.2524038461538461	0.3128205128205128	0.2467887654354237	5.3	17.2	8.7	0.235	32.1	11.54	0	4.76	-0.721
Tony Fernandez	2B	65	0	S	413	0.2657894736842105	0.3056234718826406	0.3605263157894737	0.2876325059038181	5.1	8.7	8.7	0.275	23.8	0	-0.73	2.32	1.017
Bobby Wallace	3B	78	0	R	397	0.263013698630137	0.2959183673469388	0.4219178082191781	0.3030175038167085	4.8	15.3	10.6	0.288	36.5	25.71	1.66	-4.08	0.605
Frankie Frisch	2B	72	0	S	397	0.2338709677419355	0.2727272727272727	0.3037634408602151	0.2523335975179979	4.8	9.7	1.5	0.254	20.7	33.33	0.3	4.23	0
Sandy Leon	C	72	5	S	391	0.2457142857142857	0.3161953727506427	0.36	0.2890857168034392	8.7	21.4	9.2	0.295	30.2	7.69	0	-10.28	-1.074
Hunter Goodman	C	79	0	R	387	0.2166666666666667	0.2616580310880829	0.3805555555555555	0.2735186587427411	5.7	33.6	18.6	0.287	43.6	2.94	-0.78	-3.72	-1.705
Del Crandall	C	72	0	R	370	0.2521739130434782	0.2783783783783784	0.4463768115942029	0.3043405938549612	3.8	21.4	24.3	0.272	40.2	5.71	0	-1.78	2.919
Jim Thome	1B	79	0	L	368	0.1926605504587156	0.2771739130434783	0.3119266055045872	0.2631626677877431	9.5	29.4	17.9	0.234	27	0	0	-3.75	-1.304
Jackie Bradley Jr.	CF	69	5	L	363	0.2638036809815951	0.3333333333333333	0.3803680981595092	0.3110375000796262	9.4	21.2	5	0.324	34.9	6.67	4.3	2.48	2.645
Johnny Lindell	CF	79	5	R	350	0.2149532710280374	0.2564841498559078	0.3738317757009346	0.2690623223440237	5.1	15	17.1	0.219	40.6	10.71	-0.86	2.4	-0.857
Ron Hunt	2B	70	5	R	350	0.2634920634920635	0.3342857142857143	0.3714285714285714	0.3006747189423373	9.1	12.4	10.3	0.284	24.1	10	0	-0.86	0.857
Mark Bellhorn	2B	64	0	S	347	0.239344262295082	0.3227665706051873	0.4655737704918033	0.3360047671961854	11.2	31.5	32.9	0.28	39.7	6.9	0	-1.73	2.075
Jeff Cirillo	3B	77	0	R	334	0.25	0.3053892215568862	0.314935064935065	0.2753484899261485	6.3	13.6	1.8	0.286	23.4	0	-0.9	-5.39	-0.539
Byron Buxton	CF	76	5	R	303	0.3116438356164384	0.33003300330033	0.5547945205479452	0.3713113266300638	2.6	22.6	21.8	0.369	49.5	8.89	1.39	2.77	5.941
Branch Rickey	C	78	0	L	303	0.2881944444444444	0.3178807947019868	0.4479166666666667	0.3271737863402702	4.3	18.4	15.8	0.329	32.5	11.11	0	0.4	2.376
Esteury Ruiz	LF	77	0	R	302	0.2327272727272727	0.2909698996655518	0.36	0.2834173293119865	6.3	22.5	7.9	0.286	32.8	28.57	-1.99	2.98	-0.596
Joe Harris	1B	79	5	R	296	0.2679245283018868	0.3299319727891156	0.3886792452830189	0.3114895978980048	8.4	22.6	12.2	0.322	25.4	11.11	-3.04	0.41	1.419
Billy Hoy	CF	79	0	L	290	0.2362204724409449	0.3103448275862069	0.2913385826771653	0.2696349874349422	10	13.4	2.1	0.262	20	0	0.41	-0.21	-1.655
Felipe Lopez	SS	68	0	S	290	0.2808988764044944	0.3310344827586207	0.4419475655430712	0.3318907177159236	6.2	27.3	16.6	0.356	32	12.5	-0.62	-0.21	3.31
Ray Durham	2B	76	0	S	290	0.2129277566539924	0.2743055555555556	0.311787072243346	0.2585163523515826	7.9	22.8	6.2	0.262	35.7	0	0	3.1	-0.828
Bill Serena	3B	70	5	R	288	0.2744360902255639	0.3216783216783217	0.5112781954887218	0.3524809467745302	6.2	24.4	29.2	0.314	43.8	9.38	0	1.46	4.583
Avisail Garcia	RF	78	5	R	287	0.2775800711743772	0.2926829268292683	0.4697508896797153	0.3230517156667161	1.7	15.3	18.8	0.301	42.3	9.09	-1.46	-0.42	1.463
Freddy Leach	CF	78	0	L	278	0.2286821705426356	0.2673992673992674	0.3410852713178295	0.2651164150018285	3.6	19.4	15.1	0.257	25.4	0	0	0	-1.079
Jeff Cirillo	3B	77	5	R	270	0.3076923076923077	0.3643122676579926	0.4615384615384616	0.3547567413484773	7.8	12.6	8.9	0.34	38.2	3.45	0	2.22	5.111
Sparky Adams	2B	75	0	R	260	0.2323651452282158	0.2762645914396887	0.3153526970954357	0.2596144932574398	4.6	7.1	2.3	0.246	30.4	5.88	-1.15	3	-0.462
Ed Morgan	RF	66	0	R	260	0.2489451476793249	0.3115384615384615	0.350210970464135	0.2904326918739165	7.7	21.1	4.6	0.306	27.1	25	0	-0.46	0.231
Shea Langeliers	C	78	0	R	255	0.2445414847161572	0.3149606299212598	0.3406113537117904	0.2901974613106907	8.6	20.1	7.1	0.293	28.6	0	0.71	0	0.235
Dolph Camilli	1B	76	5	L	247	0.2268518518518519	0.3117408906882591	0.4907407407407408	0.3390812855544049	10.9	26.4	36.4	0.231	46.9	17.39	-0.73	1.21	2.186
Andy Pages	CF	79	0	R	246	0.2478260869565218	0.2775510204081633	0.3652173913043478	0.2765614736984646	3.3	18.3	14.6	0.274	26.3	0	-1.22	0.24	-0.732
Steve Brye	CF	72	5	R	243	0.2631578947368421	0.3553719008264463	0.3588516746411483	0.3127740269823651	12.3	15.8	7.4	0.297	23.6	7.69	-1.23	-2.22	0.741
Casey Schmitt	LF	72	0	R	242	0.2207792207792208	0.2489626556016598	0.354978354978355	0.2577253307136405	3.3	20.3	14.9	0.251	35.3	5.56	0	-1.49	-0.496
Ollie Brown	RF	74	5	R	242	0.2256637168141593	0.2603305785123967	0.3761061946902655	0.2690173846441704	3.3	22.6	19.8	0.251	35.3	0	0	1.24	-0.248
Avisail Garcia	RF	78	0	R	241	0.21875	0.2635983263598327	0.3169642857142857	0.2540658677395178	5.8	22.3	10	0.263	26.5	7.69	1.24	-3.73	-3.237
Lou Whitaker	2B	77	0	L	241	0.2672811059907834	0.3347280334728033	0.336405529953917	0.2981142668689667	8.7	15.2	2.5	0.311	17.2	30	0.5	0.75	2.988
Marty McManus	2B	70	0	R	240	0.2407407407407407	0.2911392405063291	0.4166666666666667	0.301693385542767	7.1	22.2	20	0.268	38.5	10	0	0	1.5
Craig Reynolds	SS	68	0	L	240	0.2622222222222222	0.2923728813559322	0.3733333333333334	0.2869689297580615	4.2	9.8	7.5	0.279	27.1	18.75	-2.5	3.75	2.25
Farmer Weaver	C	78	5	L	236	0.3165137614678899	0.3644067796610169	0.4587155963302753	0.3550640450520633	6.4	8.3	15.3	0.323	27.5	0	1.02	4.83	5.593
Eddie Perez	C	74	0	R	232	0.2568807339449541	0.29004329004329	0.3669724770642202	0.2840072767490818	4.3	20.6	10.3	0.304	28.6	0	0	1.29	1.552
Specs Toporcer	SS	77	0	L	232	0.2342342342342342	0.25	0.3063063063063063	0.2397615782152881	2.2	11.7	5.2	0.253	23.1	0	0.52	4.91	-1.81
Vic Harris	LF	79	5	L	228	0.2952380952380952	0.3318385650224215	0.4428571428571428	0.3331417952216291	3.5	14.3	15.8	0.32	29	5.56	-1.32	0.53	0.526
Tommy Edman	2B	77	0	S	225	0.1866028708133971	0.2110091743119266	0.3349282296650718	0.2333537210784334	2.7	15.8	24	0.178	33.3	0	-1.33	-0.27	-1.6
Clyde Sukeforth	C	75	0	L	225	0.3142857142857143	0.3423423423423423	0.4095238095238095	0.3248117883810589	3.6	10	5.3	0.339	24.2	0	1.07	0.8	2.4
Rabbit Warstler	SS	72	0	R	222	0.1758793969849246	0.25	0.2110552763819095	0.2134081531929808	8.1	25.6	2.7	0.23	14.3	0	-1.35	0.54	-1.081
Howard Easterling	SS	77	5	S	218	0.2412060301507538	0.2889908256880734	0.3467336683417085	0.2759544799884989	6.9	20.6	11	0.278	25	8.33	0	-3.85	1.651
Willi Castro	2B	73	0	S	213	0.2694300518134715	0.3317535545023697	0.4559585492227979	0.3383942719432319	7.5	17.1	16.9	0.299	42.3	9.09	-1.13	3.94	2.535
Dillon Dingler	C	75	0	R	212	0.1928934010152284	0.2452830188679245	0.3654822335025381	0.2631402200281639	6.1	19.8	19.8	0.204	52.6	0	0	3.4	1.132
Brandon Nimmo	RF	70	0	L	211	0.1894736842105263	0.2415458937198068	0.3105263157894737	0.240664356386686	6.6	21.6	14.2	0.211	36.1	0	0	1.42	-3.128
Eddie Moore	RF	78	0	R	209	0.1871657754010695	0.2621359223300971	0.267379679144385	0.2393427073062024	8.1	19.8	8.6	0.218	22.9	12.5	0	-2.87	-4.019
Ray Mueller	C	76	0	R	206	0.2352941176470588	0.2843137254901961	0.4438502673796791	0.3091712731937208	5.8	18.7	29.1	0.234	43.2	0	0	-2.62	1.748
Jim Piersall	CF	75	0	R	205	0.2526315789473684	0.2926829268292683	0.4105263157894737	0.3013121503247763	3.9	12.6	20.5	0.253	33.3	0	0.88	-0.88	0.878
Matt Nokes	C	57	0	L	204	0.2578947368421053	0.2920792079207921	0.5052631578947369	0.3358955779047986	3.9	17.4	41.2	0.241	36.7	5.56	0	-2.65	2.647
Joe Carter	RF	64	0	R	202	0.2684210526315789	0.2920792079207921	0.5	0.3299116686323403	4	26.3	35.6	0.295	39.2	0	0.59	5.35	3.267
Logan Forsythe	2B	79	0	R	198	0.2065217391304348	0.2575757575757576	0.3260869565217391	0.2543826481753582	6.1	22.3	9.1	0.248	36.8	14.29	-0.61	0.3	-0.303
Sol White	2B	71	0	R	195	0.2142857142857143	0.2447916666666667	0.3351648351648351	0.249181775748449	2.6	14.3	6.2	0.237	41	12.5	0.62	0	-1.231
Bill Skowron	1B	73	5	R	194	0.2404371584699453	0.2783505154639175	0.3879781420765027	0.2856015617202536	5.2	16.9	12.4	0.268	36.4	18.75	0	-1.86	0.619
Don Blasingame	2B	71	0	L	193	0.2209302325581395	0.28125	0.2790697674418605	0.2498862812901265	7.8	17.4	6.2	0.25	15.8	0	-1.55	-0.31	0.311
Ron Hunt	2B	70	0	R	193	0.25625	0.3678756476683938	0.39375	0.3337439722379271	15	9.4	15.5	0.252	29.3	0	0	1.24	2.487
Randy Arozarena	LF	79	0	R	192	0.2142857142857143	0.2395833333333333	0.3131868131868132	0.238476484347073	3.1	24.2	12.5	0.255	25.6	0	0.94	1.88	-2.5
Tony Fernandez	2B	65	5	S	192	0.2923976608187134	0.3541666666666667	0.4619883040935672	0.3492907218323627	9.4	8.2	18.8	0.286	34	0	-1.56	-0.31	5
Hurley McNair	CF	76	0	L	190	0.2209944751381215	0.2526315789473684	0.2651933701657458	0.228196402710446	4.2	20.4	0	0.276	17.5	14.29	0.95	0.63	-1.895
Dolph Camilli	1B	76	0	L	185	0.2424242424242424	0.3189189189189189	0.5393939393939394	0.3601561468900659	10.3	24.8	38.9	0.248	55	13.64	0	2.59	4.216
Boots Day	CF	75	0	L	184	0.281437125748503	0.3068181818181818	0.3592814371257485	0.2889331927913352	2.7	13.8	6.5	0.312	19.1	0	-3.26	4.24	0.652
Lee Thomas	1B	77	5	L	184	0.2976190476190476	0.3260869565217391	0.4523809523809524	0.3271063270305536	5.4	13.7	22.8	0.299	24	0	-1.96	5.54	2.935
Jackson Merrill	CF	65	0	L	182	0.2151162790697674	0.2582417582417583	0.3372093023255814	0.2591051029063535	4.4	20.3	13.2	0.248	29.7	18.18	-3.3	0.99	-0.659
Frankie Crosetti	SS	78	0	R	181	0.228395061728395	0.2977528089887641	0.2962962962962963	0.2663992423104141	7.7	19.8	3.3	0.279	21.6	12.5	-1.66	-1.33	0.994
Dwayne Murphy	CF	77	0	L	181	0.2469879518072289	0.292817679558011	0.3674698795180723	0.2849954922527225	6.6	21.7	13.3	0.287	24.4	20	-2.65	-2.98	-0.663
Justin Smoak	1B	69	0	S	181	0.24375	0.3259668508287293	0.40625	0.3177224832871746	8.8	18.8	23.2	0.258	30.8	0	0	2.65	1.657
Nick Swisher	1B	70	0	S	175	0.1879194630872483	0.2816091954022988	0.302013422818792	0.2609216465406748	11.4	30.9	17.1	0.225	25	0	0	-2.74	-2.4
Maikel Garcia	3B	72	0	R	174	0.2658227848101266	0.3076923076923077	0.3734177215189873	0.2957241854169939	4.6	17.7	6.9	0.31	28.6	8.33	-1.72	1.72	2.759
Tom Daly	C	78	0	S	169	0.2115384615384615	0.2619047619047619	0.2948717948717949	0.2454521403252445	4.7	22.4	0	0.27	36.4	8.33	3.2	2.13	1.065
Miller Huggins	2B	71	0	S	167	0.1973684210526316	0.2694610778443114	0.2236842105263158	0.2244537871274026	9	13.8	0	0.229	13.3	0	-1.8	4.31	-3.234
Jelly Gardner	CF	77	0	L	164	0.2158273381294964	0.2774193548387097	0.237410071942446	0.2335844226790804	7.9	13.7	0	0.244	10	0	-1.83	-0.37	-4.024
John Kruk	1B	79	0	L	163	0.2464788732394366	0.3251533742331288	0.2957746478873239	0.2792862675625275	11	31	3.7	0.34	14.3	0	0	-2.58	-0.736
Felix Mantilla	SS	77	5	R	162	0.1812080536912752	0.2407407407407407	0.261744966442953	0.2250570630760296	6.2	19.5	11.1	0.203	22.2	0	-1.11	-2.22	-4.074
Curt Welch	CF	73	5	R	157	0.2925170068027211	0.3184713375796178	0.4081632653061225	0.3107879894432926	4.5	14.3	11.5	0.317	23.3	10	3.44	1.91	1.146
Mark McGwire	1B	75	0	R	157	0.1071428571428571	0.1910828025477707	0.1714285714285714	0.167872822388879	8.9	37.9	11.5	0.14	20	0	0	-10.32	-8.025
Jordan Westburg	3B	75	0	R	156	0.2567567567567567	0.2884615384615384	0.4527027027027027	0.3119493431940413	4.5	16.9	23.1	0.271	42.1	6.25	0	0.77	2.692
Billy Hoy	CF	79	5	L	156	0.2158273381294964	0.2948717948717949	0.2805755395683453	0.2599806141993666	9	10.1	3.8	0.232	20	16.67	0	-6.92	-1.538
Vladimir Guerrero Jr.	1B	79	0	R	154	0.2517985611510791	0.2941176470588235	0.4244604316546763	0.3048177491168149	6.5	19.4	23.4	0.264	34.3	0	0.78	0.78	1.558
Fernando Tatis	3B	73	0	R	153	0.1970802919708029	0.2810457516339869	0.3138686131386861	0.2661742346618077	9.2	30.7	15.7	0.253	29.6	0	-2.75	0.39	-1.176
Joe Cronin	SS	77	0	R	147	0.2153846153846154	0.2816901408450704	0.3384615384615385	0.2729000929248835	7.5	15.4	12.2	0.234	32.1	11.11	0	-2.86	0.816
Bill Perkins	C	76	0	R	146	0.2148148148148148	0.2340425531914894	0.2814814814814815	0.2234319982392441	2.1	15.6	4.1	0.243	24.1	0	0	-1.23	-5.342
Trevor Larnach	LF	78	0	L	145	0.3582089552238806	0.4	0.4776119402985075	0.3778515773192224	6.9	16.4	8.3	0.414	22.9	9.09	1.24	0.83	4.552
Kid Nichols	P	79	5	S	145	0.2388059701492537	0.296551724137931	0.3208955223880597	0.2735365354394926	4.8	32.1	4.1	0.344	21.9	28.57	0	-1.66	-1.241
Logan Forsythe	2B	79	5	R	144	0.225	0.3263888888888889	0.3333333333333333	0.2899021860239607	13.9	17.5	8.3	0.248	29.6	12.5	-2.08	-0.83	0.417
Taylor Ward	LF	75	0	R	142	0.1923076923076923	0.25	0.3230769230769231	0.2516038271857647	6.3	24.6	16.9	0.223	36	0	-2.11	1.69	-3.803
Irvin Brooks	CF	78	0	R	142	0.2296296296296296	0.2605633802816901	0.3925925925925926	0.2793964153453941	2.1	21.5	21.1	0.255	35.5	9.09	-2.11	3.38	0.845
Harry Danning	C	75	0	R	135	0.2380952380952381	0.2761194029850746	0.3333333333333333	0.265594743966045	4.4	15.1	8.9	0.264	26.7	0	0	0	-0.889
Jim O&#39;Rourke	CF	75	0	R	132	0.234375	0.25	0.4140625	0.2798865251683451	2.3	16.4	18.2	0.25	43.3	15.38	-2.27	-5	-3.636
Mark Carreon	1B	78	5	R	131	0.2903225806451613	0.3206106870229007	0.4838709677419355	0.3417051677349587	3.8	8.9	22.9	0.284	38.9	0	0	-4.12	2.748
Joe Start	1B	78	0	L	130	0.2148760330578512	0.2635658914728682	0.3471074380165289	0.2663783772219389	5.4	15.7	18.5	0.224	30.8	0	0	3.23	-0.923
Colton Cowser	CF	76	0	L	128	0.1403508771929824	0.2	0.2368421052631579	0.1947572088293225	6.2	27.2	9.4	0.169	43.8	0	0	-0.94	-5.156
Freddy Leach	CF	78	5	L	124	0.282051282051282	0.3064516129032258	0.4615384615384616	0.3239418256726794	3.2	16.2	14.5	0.309	39.4	15.38	0	1.94	2.419
Curry Foley	RF	72	0	L	124	0.2678571428571428	0.319672131147541	0.2767857142857143	0.2685645825155356	6.5	13.4	0	0.306	3.3	0	-2.42	2.42	-1.935
Pepper Martin	3B	77	0	R	122	0.2654867256637168	0.2975206611570248	0.4867256637168141	0.3297819886323027	4.1	18.6	29.5	0.273	40	8.33	-2.95	3.44	4.918
Jim Thome	1B	79	5	L	121	0.2222222222222222	0.2916666666666667	0.3703703703703703	0.2826027148205242	8.3	20.4	24.8	0.232	25	0	0	-8.43	-1.488
Del Crandall	C	72	5	R	113	0.2264150943396226	0.2612612612612613	0.4150943396226415	0.2889023871376883	3.5	17.9	26.5	0.232	37.5	11.11	0	0.53	2.124
Trea Turner	SS	63	0	R	112	0.2830188679245283	0.3090909090909091	0.4528301886792453	0.3249302303698742	3.6	21.7	10.7	0.346	46.7	0	-2.68	-1.61	0.536
Tim Foli	SS	62	0	R	112	0.1869158878504673	0.2162162162162162	0.2710280373831775	0.2131681769756956	0.9	8.4	5.4	0.196	30	16.67	0	-2.68	-4.286
John Olerud	1B	68	0	L	112	0.25	0.3214285714285715	0.36	0.2997844868391658	8.9	15	10.7	0.274	28	0	0	2.14	1.071
JJ Bleday	LF	76	0	L	109	0.1862745098039216	0.2385321100917431	0.3627450980392157	0.2600868248211278	4.6	21.6	27.5	0.187	36.8	14.29	0	-0.55	-1.101
Tommy Clarke	C	75	5	R	106	0.25	0.3076923076923077	0.375	0.2985248184830854	7.5	9.4	17	0.25	25	0	0.57	2.26	1.698
Irvin Brooks	CF	78	5	R	106	0.2178217821782178	0.2547169811320755	0.3960396039603961	0.2796677178308842	2.8	17.8	28.3	0.218	36.4	0	0	1.13	-0.566
Leo Cardenas	SS	68	0	R	106	0.2608695652173913	0.3584905660377358	0.358695652173913	0.3196807859370588	13.2	18.5	5.7	0.311	25	16.67	-5.09	-2.26	3.396
Mickey Tettleton	C	69	0	S	105	0.2045454545454546	0.3333333333333333	0.2840909090909091	0.28583437156102	15.2	28.4	5.7	0.274	27.8	0	0	1.71	-1.143
Kyle Stowers	LF	74	0	L	104	0.2371134020618557	0.2884615384615384	0.4536082474226804	0.3166931177481343	6.7	32	28.8	0.295	47.8	0	0	-1.15	1.154
Chick Stahl	CF	73	5	L	103	0.2783505154639175	0.3203883495145631	0.4329896907216495	0.3244628522150553	5.8	12.4	17.5	0.293	33.3	0	-2.91	-0.58	0.583
Jorge Posada	C	78	5	S	99	0.2619047619047619	0.3535353535353535	0.4404761904761905	0.3427894640779468	11.1	20.2	24.2	0.277	31.8	0	0	-12.12	1.818
Kerry Carpenter	RF	72	0	L	96	0.264367816091954	0.3125	0.367816091954023	0.2941393970060801	7.3	24.1	6.2	0.328	26.1	16.67	1.88	0	0
Billy Goodman	2B	70	0	L	96	0.1904761904761905	0.2580645161290323	0.2619047619047619	0.2333702663879019	7.3	7.1	0	0.203	37.5	0	1.25	-3.75	-3.125
Bill White	1B	74	0	L	96	0.2528735632183908	0.3125	0.4367816091954023	0.320224858414953	7.3	18.4	18.8	0.275	36.4	25	0	1.25	2.5
William Contreras	C	79	0	R	93	0.2168674698795181	0.2580645161290323	0.3253012048192771	0.2492980612912792	6.5	19.3	6.5	0.243	33.3	16.67	0	-3.23	-1.935
Patrick Bailey	C	73	0	S	92	0.2209302325581395	0.2717391304347826	0.3023255813953488	0.2541030314862852	4.3	34.9	6.5	0.327	21.1	25	0	4.57	1.957
Bobby Wallace	3B	78	5	R	92	0.325	0.4021739130434783	0.6625	0.4400718473623084	10.9	17.5	39.1	0.328	46.2	25	-1.96	-0.65	6.522
Bobby Doerr	2B	77	0	R	90	0.3176470588235294	0.3333333333333333	0.4705882352941176	0.345165614059344	1.1	10.6	26.7	0.319	18.5	0	0	0	4.667
Fred Hutchinson	SS	74	0	R	88	0.1927710843373494	0.2117647058823529	0.3132530120481928	0.2250611781205819	2.3	13.3	13.6	0.2	31.2	20	2.73	2.05	-0.682
William Contreras	C	79	5	R	87	0.2405063291139241	0.2988505747126437	0.3417721518987342	0.2757925116249732	6.9	13.9	6.9	0.265	26.3	20	0	-4.83	-2.759
Stephen Drew	SS	75	0	L	85	0.1558441558441558	0.2168674698795181	0.2077922077922078	0.1945775416987198	5.9	33.8	7.1	0.22	16.7	0	0	3.53	0
Jake McCarthy	CF	78	0	L	84	0.2682926829268293	0.2682926829268293	0.3902439024390244	0.280003032494838	0	22	7.1	0.333	31.8	14.29	1.43	4.29	2.143
Joe Start	1B	78	5	L	82	0.2763157894736842	0.3209876543209876	0.3815789473684211	0.3066780571413615	6.1	18.4	14.6	0.317	19	0	0	0	0
Dave Malarcher	3B	78	0	S	82	0.2083333333333333	0.2716049382716049	0.2638888888888889	0.2405597804182743	6.1	23.6	7.3	0.25	13.3	0	1.46	1.46	-0.732
Dick Allen	3B	79	1	R	82	0.3188405797101449	0.4268292682926829	0.4782608695652174	0.3908035575899009	15.9	24.6	22	0.388	22.7	0	2.2	-1.46	6.585
Addison Barger	3B	76	0	L	81	0.2368421052631579	0.2839506172839506	0.3947368421052632	0.2926564619184702	6.2	21.1	14.8	0.276	44.4	0	0	-1.48	2.222
Jackie Bradley Jr.	CF	69	0	L	81	0.2857142857142857	0.308641975308642	0.4155844155844156	0.3095638306498754	2.5	22.1	7.4	0.35	36.4	0	1.48	2.96	1.481
Brent Mayne	C	67	5	L	80	0.2666666666666667	0.3037974683544304	0.3466666666666667	0.2840574195241068	5	28	0	0.37	30	0	0	6.75	2.25
Don Blasingame	2B	71	5	L	79	0.1690140845070423	0.2405063291139241	0.1690140845070423	0.1943916526997349	5.1	12.7	0	0.19	0		0	2.28	-2.278
Bingo DeMoss	2B	79	5	R	79	0.2253521126760563	0.282051282051282	0.2253521126760563	0.231774190225816	7.6	21.1	0	0.281	0		0	-3.8	0
Garry Templeton	SS	78	5	S	79	0.1973684210526316	0.2278481012658228	0.3157894736842105	0.2281645271871226	3.8	19.7	7.6	0.233	33.3	40	0	6.84	-0.759
Charlie Mason	RF	76	0	L	78	0.25	0.28	0.2777777777777778	0.2469816392395189	3.8	20.8	0	0.316	11.1	0	-2.31	-1.54	-4.615
Scoops Carey	1B	52	0	R	74	0.2876712328767123	0.2972972972972973	0.4794520547945205	0.3282700869038706	1.4	19.2	8.1	0.345	57.1	0	0	-12.16	1.622
Billy Hoy	CF	79	3	L	73	0.2898550724637681	0.3150684931506849	0.4492753623188406	0.3248981051190047	4.1	8.7	16.4	0.29	35	0	4.11	0.82	2.466
Devon White	CF	74	0	S	73	0.2253521126760563	0.2465753424657534	0.3802816901408451	0.2674880055557474	0	26.8	16.4	0.28	31.2	40	-4.11	4.93	0
Al Smith	3B	74	0	R	72	0.203125	0.2916666666666667	0.328125	0.276309744507862	11.1	17.2	16.7	0.216	30.8	0	0	-5	0.833
Aaron Boone	3B	59	0	R	68	0.2615384615384616	0.2794117647058824	0.4923076923076923	0.3239936749111207	1.5	10.8	35.3	0.236	41.2	0	4.41	0	4.412
Torii Hunter	CF	73	5	R	67	0.1692307692307692	0.1940298507462687	0.2769230769230769	0.2034539337641065	3	24.6	9	0.208	45.5	0	0	3.58	-1.791
William Contreras	C	79	1	R	67	0.2419354838709677	0.2835820895522388	0.3709677419354839	0.2823006987057817	6	19.4	17.9	0.265	26.7	0	0	0	0
Sammy Hale	3B	78	0	R	67	0.2857142857142857	0.2878787878787879	0.5238095238095238	0.336251776541553	1.5	14.3	35.8	0.269	38.9	0	0	-1.79	3.582
Charlie Hayes	3B	77	0	R	67	0.2295081967213115	0.2835820895522388	0.2950819672131147	0.2564939809171377	7.5	18	9	0.26	14.3	0	0	1.79	-0.896
Jeff McNeil	2B	65	0	L	66	0.288135593220339	0.3636363636363636	0.5084745762711864	0.3729899947446572	10.6	15.3	27.3	0.298	41.2	0	5.45	5.45	8.182
Christian Yelich	LF	76	0	L	65	0.2542372881355932	0.3125	0.3728813559322034	0.3003842884953679	7.7	30.5	18.5	0.333	20	0	-4.62	2.77	-1.846
Cy Williams	RF	69	0	L	63	0.2142857142857143	0.2698412698412698	0.3392857142857143	0.2635278453285552	7.9	10.7	19	0.2	25	0	0	1.9	-0.952
Steve Brye	CF	72	0	R	63	0.2142857142857143	0.3015873015873016	0.2857142857142857	0.266276129168691	7.9	19.6	0	0.267	25	33.33	0	3.81	-1.905
Vic Harris	LF	79	4	L	62	0.2321428571428572	0.2950819672131147	0.3035714285714285	0.2658554642850213	6.5	14.3	0	0.271	15.4	100	0	0	-6.774
Kid Nichols	P	79	0	S	60	0.3333333333333333	0.3559322033898305	0.5614035087719298	0.386954556264289	3.3	31.6	20	0.459	36.8	28.57	0	0	1
Zach Neto	SS	73	0	R	59	0.3148148148148148	0.3728813559322034	0.5740740740740741	0.4004202814165667	8.5	25.9	30.5	0.378	47.1	0	3.05	-13.22	8.136
Jose Canseco	LF	65	0	R	59	0.25	0.288135593220339	0.3392857142857143	0.2674216943573193	5.1	28.6	10.2	0.333	21.4	0	2.03	-12.2	-2.034
Eddie Milner	CF	74	0	L	59	0.3191489361702128	0.4137931034482759	0.5319148936170213	0.3977227466643344	15.3	14.9	20.3	0.325	40	0	0	1.02	5.085
Jack Smith	CF	77	0	L	58	0.1296296296296296	0.1754385964912281	0.2592592592592592	0.1875839422377942	5.2	20.4	0	0.163	71.4	40	2.07	5.17	-2.069
Ruben Sierra	RF	78	0	S	58	0.3090909090909091	0.3448275862068966	0.5272727272727272	0.3646451546537999	5.2	18.2	20.7	0.349	47.1	0	0	4.14	4.138
Ken O&#39;Dea	C	71	5	L	56	0.2830188679245283	0.3214285714285715	0.4905660377358491	0.3448183908120112	5.4	13.2	21.4	0.295	40	16.67	0	-11.79	1.071
Dave Rader	C	72	0	L	55	0.2244897959183673	0.3090909090909091	0.3469387755102041	0.2906935892740474	10.9	4.1	10.9	0.217	36.4	0	0	3.27	2.182
Lars Nootbaar	LF	77	0	L	54	0.163265306122449	0.2222222222222222	0.2040816326530612	0.1943621289104428	5.6	8.2	0	0.174	25	0	0	2.22	-5.556
Ernie Clement	2B	75	0	R	54	0.2592592592592592	0.2592592592592592	0.5185185185185185	0.3257773962926672	0	14.8	33.3	0.256	57.1	0	0	7.78	5.556
Miguel Tejada	SS	77	5	R	54	0.163265306122449	0.2222222222222222	0.2448979591836735	0.2090609546669157	5.6	14.3	11.1	0.167	25	0	0	5.56	-2.222
Bump Wills	2B	72	5	S	53	0.3333333333333333	0.4230769230769231	0.4888888888888889	0.3948490392209828	11.3	20	11.3	0.4	26.7	25	-5.66	10.19	6.792
Marcell Ozuna	DH	78	0	R	51	0.2127659574468085	0.2549019607843137	0.2765957446808511	0.2333796758893331	5.9	17	0	0.25	30	0	-5.88	2.35	-2.353
Paul Goldschmidt	1B	75	0	R	51	0.1739130434782609	0.2549019607843137	0.2826086956521739	0.2426275557967243	5.9	15.2	11.8	0.184	37.5	0	0	-3.53	-2.353
Wally Schang	C	76	5	S	51	0.2444444444444444	0.3137254901960784	0.4	0.2913539629892886	9.8	17.8	11.8	0.27	36.4	25	5.88	2.35	1.176
Dink Mothell	2B	73	0	S	50	0.3023255813953488	0.3404255319148936	0.4883720930232558	0.3496464577749548	6	27.9	12	0.387	46.2	0	0	1.2	4.8
Hunter Dozier	3B	79	3	R	49	0.1904761904761905	0.3061224489795918	0.2619047619047619	0.2534012101584822	14.3	19	0	0.235	25	50	0	0	-4.898
Duffy Dyer	C	69	0	R	48	0.1363636363636364	0.2083333333333333	0.2954545454545455	0.2224058008445014	8.3	47.7	25	0.19	50	0	0	-6.25	0
Tommy Clarke	C	75	0	R	48	0.2105263157894737	0.3191489361702128	0.2894736842105263	0.2733053933353386	14.6	10.5	0	0.222	25	50	0	2.5	1.25
Triston Casas	1B	77	0	L	46	0.2	0.3043478260869565	0.325	0.282481727246314	13	15	13	0.212	37.5	0	0	2.61	1.304
Ken O&#39;Dea	C	71	0	L	46	0.2790697674418605	0.3260869565217391	0.5581395348837209	0.3715240885202997	4.3	18.6	26.1	0.303	58.3	14.29	0	6.52	6.522
Ralph Kiner	LF	74	0	R	46	0.2195121951219512	0.2826086956521739	0.3658536585365854	0.2810037152131096	8.7	17.1	26.1	0.212	22.2	0	0	-19.57	-2.609
Juan Pierre	CF	70	5	L	45	0.3409090909090909	0.3555555555555556	0.5	0.363809827199258	2.2	2.3	13.3	0.333	20	66.67	6.67	9.33	4
Tyler Freeman	RF	70	0	R	44	0.3076923076923077	0.3720930232558139	0.3333333333333333	0.3160323297063011	9.1	15.4	0	0.364	8.3	0	2.73	-9.55	0
Jackie Robinson	3B	68	0	R	44	0.1904761904761905	0.2093023255813954	0.4523809523809524	0.27621596190377	2.3	14.3	40.9	0.152	50	25	0	6.82	1.364
Gene Richards	LF	65	0	L	44	0.25	0.3023255813953488	0.35	0.2845778242841819	6.8	20	0	0.312	30	33.33	2.73	-5.45	-1.364
Milton Lewis	2B	67	0	L	43	0.2195121951219512	0.2558139534883721	0.2926829268292683	0.241781296788567	4.7	22	14	0.258	11.1	0	0	0	-2.791
Chase DeLauter	RF	78	0	L	43	0.282051282051282	0.3488372093023256	0.4102564102564102	0.3321692909012934	7	30.8	14	0.385	27.3	0	0	-20.93	1.395
Brett Butler	CF	64	0	L	41	0.2307692307692308	0.2439024390243902	0.282051282051282	0.226644183430309	2.4	15.4	0	0.265	22.2	0	-7.32	5.85	-2.927
Jake Meyers	CF	65	0	R	40	0.2051282051282051	0.225	0.2564102564102564	0.2112317190925653	0	35.9	0	0.32	25	0	4.5	1.5	-3
Chris Chambliss	1B	74	0	L	40	0.2368421052631579	0.275	0.4210526315789473	0.2983406962558276	5	18.4	30	0.241	33.3	0	0	0	-1.5
Orlando Hudson	2B	78	0	S	40	0.1538461538461539	0.175	0.2051282051282051	0.1667517828159524	2.5	28.2	0	0.214	33.3	0	0	-1.5	-6
Joe Morgan	2B	65	0	L	40	0.2162162162162162	0.25	0.2702702702702703	0.2275098379282061	5	16.2	0	0.25	25	0	-4.5	0	-1.5
Yogi Berra	LF	68	0	L	40	0.3157894736842105	0.325	0.3157894736842105	0.2792864057793013	2.5	21.1	0	0.387	0		0	-3	0
Eric Sogard	2B	72	0	L	39	0.1081081081081081	0.131578947368421	0.1891891891891892	0.14062982498457	2.6	10.8	15.4	0.094	25	0	3.08	0	-4.615
Jimmie Lyons	LF	72	0	L	39	0.1351351351351351	0.1578947368421053	0.2702702702702703	0.1822151967021916	2.6	8.1	15.4	0.121	40	50	0	0	-3.077
Nolan Schanuel	1B	72	0	L	38	0.1666666666666667	0.1891891891891892	0.2222222222222222	0.1802721976388675	2.6	16.7	0	0.2	33.3	0	-7.89	0	-6.316
Dylan Moore	2B	75	0	R	37	0.1212121212121212	0.1891891891891892	0.2121212121212121	0.1659885459775855	8.1	15.2	0	0.138	75	0	0	6.49	-6.486
Alec Burleson	1B	77	0	L	36	0.1935483870967742	0.3055555555555556	0.4516129032258064	0.3258117107896508	13.9	16.1	33.3	0.167	66.7	0	0	-6.67	1.667
Jim Piersall	CF	75	5	R	36	0.2285714285714286	0.25	0.3142857142857143	0.2455663044468451	2.8	17.1	16.7	0.25	12.5	0	3.33	-1.67	-5
Farmer Weaver	C	78	0	L	36	0.3333333333333333	0.3333333333333333	0.4166666666666667	0.3213094250932585	0	5.6	0	0.353	16.7	50	-6.67	3.33	0
Dick Hoblitzel	1B	73	0	L	35	0.3125	0.3529411764705883	0.625	0.4058209957644766	5.7	12.5	17.1	0.333	60	33.33	3.43	1.71	5.143
Wally Schang	C	76	0	S	34	0.1612903225806452	0.2352941176470588	0.3548387096774194	0.2572829967640151	8.8	16.1	35.3	0.125	40	0	0	0	0
Monte Irvin	1B	74	0	R	34	0.34375	0.3823529411764706	0.78125	0.4782206011870432	5.9	21.9	52.9	0.364	54.5	33.33	0	-3.53	10.588
Alex Radcliff	3B	77	0	R	34	0.1875	0.2058823529411765	0.1875	0.1743169357400856	2.9	18.8	0	0.222	0		0	1.76	-1.765
Moises Ballesteros	C	61	0	L	34	0.2903225806451613	0.3235294117647059	0.4193548387096774	0.3167130444307639	5.9	12.9	17.6	0.296	22.2	0	0	0	0
Xander Bogaerts	SS	69	0	R	33	0.1333333333333333	0.2121212121212121	0.1333333333333333	0.1679618123676989	9.1	26.7	0	0.182	0		3.64	9.09	-3.636
Jake Bauers	1B	77	0	L	33	0.2068965517241379	0.303030303030303	0.2758620689655172	0.2650705501765919	9.1	34.5	0	0.316	33.3	0	0	3.64	0
Chick Fullis	CF	73	0	R	33	0.21875	0.2424242424242424	0.3125	0.2414022290126737	3	9.4	18.2	0.214	14.3	0	0	-12.73	-3.636
JJ Wetherholt	2B	77	0	L	33	0.3214285714285715	0.4242424242424243	0.6071428571428571	0.4348958120130909	15.2	17.9	36.4	0.333	44.4	0	0	9.09	9.091
Nick Solak	1B	71	0	R	30	0.3333333333333333	0.4	0.4814814814814815	0.3816779636599913	10	11.1	20	0.348	22.2	0	0	4	6
Jack Smith	CF	77	5	L	30	0.1111111111111111	0.1666666666666667	0.1851851851851852	0.1564220576304511	6.7	18.5	0	0.13	33.3	100	0	0	-6
Troy Glaus	3B	58	0	R	30	0.06896551724137931	0.06666666666666667	0.103448275862069	0.07066248513579915	0	31	0	0.095	50	0	0	-2	-8