# CAP key=diamondheart__20260331 role=hit label=Diamond Heart type=Daily env=current variants=all_cards obsval=47-99 minIP=null minPA=30 dates=2026-07-05..2026-07-19 recordsTotal=336 rows=336
Name	POS	VAL	VLvl	Hand	PA	AVG	OBP	SLG	wOBA	BBpct	SOpct	HR600	BABIP	XBHpct	3B/XBH	wSB600	UBR600	WAR600
Hank Aaron	1B	98	0	R	31707	0.2653921941438794	0.320068166756083	0.4497528260794413	0.3287445731709374	7.4	13.3	23	0.267	34.9	8.4	-0.09	-1.26	2.093
Al Kaline	RF	99	0	R	29400	0.2752189781021898	0.3147001471041018	0.4275547445255474	0.3193023217755141	5.2	10.4	12	0.288	34.9	13.67	0.72	3.38	3.339
Larry Doby	2B	98	0	L	27006	0.2741380689544836	0.3202388901253802	0.460923126149908	0.3328635375238865	6.2	16.9	14.3	0.306	36.3	36.12	-0.25	-0.4	3.324
Ken Boyer	3B	96	0	R	23829	0.2659564740307242	0.3184643817204301	0.4418891733723482	0.3252119081175066	7	17	18.1	0.29	33.5	23.69	-0.58	2.64	3.948
Rico Petrocelli	SS	99	0	R	22132	0.2565590312815338	0.3238073705629663	0.4550454086781029	0.3324081811173215	9	14.2	25.8	0.254	39	2.57	-0.32	0.45	4.939
Jackie Robinson	SS	93	0	R	20444	0.2468051118210862	0.2934395408668118	0.389776357827476	0.2952276945469441	5.9	16.1	15.6	0.267	32.9	6.29	-0.21	3.2	2.662
Amos Otis	CF	95	0	R	19566	0.2506715916722633	0.3021575307112625	0.401723751958809	0.3042264773123252	6.7	14.5	15.7	0.266	32.6	14.51	0.19	2.43	2.864
Rocky Colavito	LF	96	0	R	19215	0.2364462273612176	0.3171112963734889	0.4077635537726388	0.3141977667689866	10.5	14.2	22.9	0.235	34.7	3.6	-0.17	-3.1	1.29
Jim Brown	C	96	0	S	18848	0.2438549955791335	0.3020137841912556	0.382964927792514	0.2973508538671972	7.4	13.5	11.2	0.262	35.7	11.91	-0.24	-0.09	2.766
Norm Siebern	1B	99	0	L	18684	0.2579478054567023	0.3225598970895642	0.3854685646500593	0.3098489102457591	8.5	14.6	13.7	0.278	26.8	10.88	-0.16	-1.36	1.75
Paul Blair	CF	98	0	R	16329	0.2652346031540009	0.2968673218673218	0.4288402881432929	0.3097538590993652	4.1	12.4	18.5	0.273	35.3	5	0.34	3.16	3.465
Tony Conigliaro	RF	95	0	R	14872	0.2539028620988725	0.2981960150780829	0.433506793871061	0.312620740677135	5.9	18.5	23.2	0.272	35.6	6.55	-0.32	1.91	2.195
Ron Santo	3B	93	0	R	14494	0.2601015844136154	0.319251742941948	0.4141460086422561	0.3164724533266497	7.8	17.7	20.6	0.28	27.7	8.82	-0.1	-0.82	2.442
Tony Fernandez	SS	96	0	S	13509	0.2779427104228516	0.3239038189533239	0.3999839524993982	0.314272449894018	6.2	9.7	5.5	0.298	29.9	22.88	0.65	3.43	4.437
Elston Howard	C	95	0	R	12575	0.265407220822838	0.2955143016492709	0.4297229219143577	0.3074261510346895	4	17.1	20.8	0.286	30	14.57	-0.05	-1.98	2.92
Piper Davis	2B	97	0	R	12293	0.2447838053804492	0.2964873495455662	0.3957205007546835	0.2972503079541062	6.6	15.1	13.4	0.265	33.6	24.19	-0.42	0.67	1.611
Felipe Alou	1B	92	0	R	11992	0.2842397432561367	0.3007783078081848	0.4747159337323272	0.3283500804670827	2.2	10.7	22.6	0.284	35.5	11.19	-0.33	2.72	3.392
Red Schoendienst	2B	94	0	S	11962	0.2936686124831612	0.3336405529953917	0.4428378985181859	0.3339782600819018	5.5	7.8	10.8	0.301	32.8	14.43	-0.9	2.66	4.645
Ted Simmons	C	99	0	S	11932	0.2652722749470193	0.3237168735323717	0.3958352529254584	0.3119507266900481	7.9	9.7	14.6	0.27	27.2	6.9	-0.1	-1.74	2.202
Al Simmons	LF	99	0	R	11306	0.3045613372367551	0.3372392365734576	0.5298895079799792	0.3641973049921716	4.7	11.1	22.9	0.308	38.5	22.71	-0.12	1.17	4.787
Aaron Robinson	C	98	0	L	10436	0.2438581499679556	0.3118279569892473	0.3844264046143986	0.3017065899250525	8.8	18	16.6	0.267	29.7	8.69	-0.03	-3.58	2.363
Nellie Fox	2B	96	0	L	9777	0.2668231611893584	0.3136382450331126	0.3517773306505701	0.2906183525050465	6.2	6.3	3.7	0.277	21.6	23.64	-0.52	2.95	2.571
Johnny Hopp	1B	96	0	L	9601	0.2657397988018537	0.3133876357560568	0.3924494178817678	0.3057041423810877	6.3	9.7	10.6	0.276	29.7	11.73	-0.51	1.94	1.75
Willie Wells	SS	91	0	R	9119	0.2591112725511563	0.3134427684117125	0.3908463494369778	0.3057254404133681	7.1	13.7	12.5	0.278	29.9	10.8	-0.07	0.13	2.921
Bob Friend	P	99	0	R	8418	0.1251461988304094	0.1422446406052963	0.1468486029889539	0.1293564158899964	1.6	28.1	1.1	0.17	13.5	3.85	0	-1.53	-6.693
Sam Jethroe	CF	94	0	S	6993	0.2534668721109399	0.2944308533601957	0.3764252696456086	0.2899406523194864	5.4	14.3	11.8	0.275	28.6	10.83	-0.04	1.16	1.965
Eddie Mathews	3B	98	0	L	6914	0.2749107432651736	0.3474674384949349	0.437682570593963	0.3395890470473463	9.8	13	15.4	0.29	32.8	16.58	-0.43	-0.58	3.653
Ted Kluszewski	1B	98	0	L	6669	0.2630900596101176	0.3051889622075585	0.3960045110359272	0.3026428236889526	5.7	10.5	19.1	0.263	24.4	0.75	-0.34	-3.55	0.765
Luke Easter	1B	95	0	L	6532	0.2498732894069944	0.3111555009219422	0.3677986146308498	0.2957863050469111	7.9	20.6	15	0.287	22	14.46	-0.05	-2.94	0.533
Davey Lopes	2B	93	0	R	6095	0.2517266448564158	0.3102244389027431	0.3898582333696837	0.3043185101685555	7.4	17.4	13.8	0.281	29.6	17.07	0.61	3.64	1.969
Dom DiMaggio	CF	96	0	R	5610	0.242300987797792	0.2948214285714286	0.3759442184776293	0.2897365578969332	6.9	15.3	14.8	0.261	30.3	9.23	-0.42	0.01	2.011
Ted Strong	SS	92	0	S	5047	0.2487890797005724	0.3144165671047391	0.3826508146191105	0.3040932506653639	8.6	15.3	11.5	0.273	27.3	34.42	-0.52	-0.86	1.807
Lennie Pearson	LF	93	0	R	5035	0.2410771532378713	0.2873357228195938	0.3994443257106219	0.2958167198032083	5.8	16.5	18.9	0.257	34	10.44	0.21	2.4	1.549
Tubby Scales	2B	92	0	R	4976	0.2441988950276243	0.2966205211726384	0.3661878453038674	0.287969552922191	6.7	15.9	10.9	0.271	31.4	7.2	-0.11	0.07	1.025
Eddie Joost	SS	89	0	R	4946	0.22	0.2906644924582144	0.3584090909090909	0.2828730556369513	8.9	21.1	17	0.245	31.6	7.52	-0.36	-0.16	1.456
Gene Tenace	C	98	0	R	4882	0.2473875511131304	0.3152285304365648	0.4104952294411631	0.3141710841191048	8.7	23	23	0.279	30.6	3.3	-0.21	-1.34	3.331
Ken Singleton	RF	92	0	S	4871	0.2654349859681946	0.3459559580160527	0.3928905519176801	0.3246589378651738	10.8	15.3	15.4	0.286	24.6	5.73	-0.57	-2.54	1.959
Don Newcombe	P	95	0	L	4504	0.1894865525672372	0.2231977818853974	0.2574572127139365	0.2125825288851468	3.8	25.9	6.9	0.239	22.3	0.58	0	-2.77	-2.864
Jim Ray Hart	3B	94	0	R	4325	0.2616845788552862	0.3100092678405931	0.4386403399150213	0.3205482388814837	6.2	15.9	23.3	0.273	32.4	9.73	-0.21	-0.94	1.942
Joe Adcock	1B	95	0	R	4294	0.249869994799792	0.3161471760018749	0.4105564222568903	0.3103764724829874	8.4	21.3	18.2	0.284	35.1	6.23	-0.56	-0.38	1.747
Cool Papa Bell	CF	91	0	S	4270	0.2482687868684278	0.2953626634958383	0.3593229033085407	0.2857203451521829	6	13.4	12.9	0.264	22.6	13.7	0.44	1.64	1.152
Harlond Clift	3B	92	0	R	3926	0.234620886981402	0.3142055598061719	0.4042918454935622	0.3114665919801444	10.1	20.2	22.3	0.254	32	14.89	-0.55	1.31	3.377
Ron Santo	3B	93	5	R	3689	0.2828434313137372	0.3408351409978308	0.4595080983803239	0.3425531132469584	8.1	16.4	23.4	0.298	29.1	9.85	-0.16	0.13	4.18
Marvin Williams	2B	96	0	R	3571	0.2507374631268436	0.279056709713644	0.4194690265486726	0.2931874316351269	3.6	18.3	19.5	0.274	35.2	13.71	-0.13	-0.02	0.891
Ken Henderson	LF	85	0	S	3570	0.2478260869565218	0.3140286758504358	0.3745341614906832	0.3012255433830762	8.7	13.9	10.9	0.269	32	9.02	0.52	2.87	1.899
Rocky Colavito	LF	96	5	R	3543	0.2667310167310167	0.3490539395650946	0.4832689832689833	0.3562951557271662	11	14	27.3	0.263	41	3.24	-0.08	-3.25	3.76
Steve Carlton	P	96	0	L	3536	0.1533723437018787	0.1807976366322009	0.2066522944256237	0.1722035521984751	2.7	31.9	3.9	0.215	25.3	0.79	0	-2.39	-4.548
Jim Brown	C	96	5	S	3522	0.2483412322274882	0.3147251495300484	0.3895734597156398	0.3044948694886402	8.6	12.5	12.1	0.262	34.2	13.38	0.07	0.29	3.39
Dutch Leonard	P	97	0	R	3436	0.1340371081253999	0.150185414091471	0.154510556621881	0.1358503951268834	1.5	28.2	0.5	0.182	12.6	9.43	0	-1.55	-6.251
Aaron Robinson	C	98	5	L	3412	0.2537606278613473	0.3234604105571848	0.3862001308044474	0.3093047330647722	9	15.5	15.5	0.273	28	5.53	0	-4.96	2.673
Minnie Minoso	LF	90	0	R	3317	0.2624254473161034	0.3207147183525136	0.3740888005301524	0.3050087374633575	7.5	13.4	8.1	0.289	28.7	8.81	-0.29	2.71	2.098
Keith Hernandez	1B	94	0	L	3296	0.2677908937605396	0.3309024612579763	0.4080944350758853	0.3210727985065804	8.5	15.1	8.4	0.299	33.1	23.19	-0.47	-0.47	2.549
Dizzy Trout	P	97	0	R	3102	0.2404795486600846	0.2765604249667994	0.3913963328631876	0.2877720477339047	4.7	25.5	20.3	0.284	29.3	9	-0.39	0.72	1.025
Barney Morris	P	97	0	L	2977	0.1462686567164179	0.175531914893617	0.1619402985074627	0.1533610887807292	3.2	19.1	0.8	0.176	7.9	9.68	0	-1.98	-5.704
Roy Sievers	1B	94	0	R	2838	0.2459913961673837	0.312301727176595	0.4438795463433711	0.3229433155675958	8.8	16.5	23	0.254	40.5	12.94	0	-3.19	1.734
Lonny Frey	2B	88	0	L	2776	0.2420924574209246	0.3030191458026509	0.3349553933495539	0.2809360225481728	7.8	13.2	6.5	0.266	23.3	21.58	0.65	2.31	2.507
Bobby Estalella	3B	94	0	R	2750	0.2388120423108218	0.3065106071689832	0.3689991863303499	0.2939590954285674	8.8	16.2	16.6	0.254	27.1	5.66	-0.31	-0.22	1.724
Roy Johnson	RF	92	0	L	2639	0.2537925379253793	0.301255230125523	0.3854038540385404	0.2968515992192844	6.3	13.7	12.3	0.273	30.2	13.9	-0.16	-0.18	1.432
Ray Dandridge	3B	88	0	R	2625	0.2639839034205231	0.2895142636854279	0.3766599597585513	0.2870954383304911	3.3	12.2	5.7	0.291	30.5	15	-0.16	-1.19	1.874
Mickey Tettleton	C	92	0	S	2609	0.2488202488202488	0.3182515337423313	0.3998283998283998	0.3115301571302946	9.1	20.6	20.7	0.274	28.8	2.99	-0.09	-0.9	3.197
Johnny Romano	C	95	0	R	2596	0.2216624685138539	0.2753286929621037	0.3602015113350126	0.2760730424199727	6.7	17.8	19.4	0.234	28.4	8	0	-2.2	1.595
Sonny Siebert	P	97	0	R	2559	0.1113454238717841	0.1292962356792144	0.1421341206242092	0.1212240447576835	1.7	34.4	3.3	0.16	16.3	4.65	0	-1.59	-7.057
Hank Aaron	1B	98	5	R	2558	0.2863321799307958	0.3435054773082942	0.4982698961937716	0.3564201369286825	8	12.5	26.7	0.283	36.6	8.26	-0.12	-0.91	3.917
Bonnie Serrell	2B	94	0	L	2526	0.2668371696504689	0.3059760956175299	0.392156862745098	0.3017797420863097	5.1	11.9	12.1	0.282	27.2	12.94	-0.12	-0.36	2.352
Earl Averill	CF	93	0	L	2424	0.264945652173913	0.3168112350268484	0.4298007246376812	0.3184021906368772	7.1	11.5	15.8	0.271	35	15.12	-0.42	-0.74	2.673
Johnny Pesky	SS	97	0	L	2371	0.2777526053466244	0.3090753424657534	0.3710919800634345	0.294274663824111	4.2	9.8	3.5	0.3	24.6	17.88	-0.15	1.21	2.935
Carlton Fisk	C	91	0	R	2323	0.2642988929889299	0.303972366148532	0.3920664206642067	0.3010805057953	5.2	16.9	12.7	0.296	30.2	3.47	-0.26	-3.02	2.557
Frankie Pytlak	C	81	0	R	2293	0.2474723158401541	0.3070175438596491	0.3023591718825229	0.2682809464105612	7.8	10.5	1.3	0.272	15.4	31.65	-0.68	1.99	1.884
Mel Harder	P	99	0	R	2292	0.1331431288635283	0.1505773672055427	0.1635758440323348	0.1399334992638075	1.7	35.7	3.9	0.196	11.8	3.03	0	-1.44	-6.361
Oscar Charleston	CF	89	0	L	2270	0.217855409995148	0.2701252236135957	0.3294517224648229	0.2609916890409139	6.5	13.4	10.6	0.232	32.1	4.17	-0.32	0.4	0.185
Satchel Paige	P	94	0	R	2236	0.0886136255359695	0.1010289990645463	0.09766555502620296	0.08985578963538575	1	45.7	1.3	0.158	4.8	0	0	-1.8	-7.916
Willie Wells	SS	91	5	R	2188	0.2591295647823912	0.3127590971902349	0.4102051025512756	0.3125457030843398	6.8	13.1	14.3	0.275	34.6	10.61	-0.03	1.65	3.784
Joe Morgan	2B	97	0	L	2169	0.2644032921810699	0.328996282527881	0.3698559670781893	0.3058714515233972	8.5	11.2	7.5	0.284	23.3	25.83	-0.55	3.96	1.826
Jerry Lynch	LF	94	0	L	2083	0.2738719832109129	0.3253243632868813	0.4585519412381951	0.3343500586650321	7	14.5	18.7	0.289	38.7	9.9	-0.4	1.99	2.765
Amos Otis	CF	95	5	R	2058	0.2627163083377032	0.3056640625	0.4257996853696906	0.3143539694947917	5.8	13.6	17.8	0.275	32.5	15.95	-0.09	1.98	3.265
Ron Hassey	C	93	0	L	2020	0.2564516129032258	0.3051015354135711	0.3580645161290323	0.2886712973329628	6.4	9.9	10.1	0.267	24.9	1.68	0	-2.44	2.02
Dock Ellis	P	85	0	S	1947	0.1432537479178234	0.1598493003229279	0.1693503609106052	0.1463753404411859	1.6	36.1	0.9	0.219	15.5	2.5	0.18	-1.29	-6.04
Bobby Bonds	RF	87	0	R	1931	0.238288027761712	0.3086933888599688	0.4291497975708502	0.3183783048823617	8.7	22.8	27	0.258	34.5	9.86	0.31	4.1	3.231
Roger Wolff	P	96	0	R	1922	0.1110471806674338	0.1514986376021798	0.1237054085155351	0.1293212548540217	4	31.8	0.6	0.16	9.3	0	0	-0.75	-6.649
Larry Doby	2B	98	5	L	1869	0.2792740046838407	0.3333333333333333	0.4964871194379391	0.3514731237460044	7.4	15.2	18.3	0.299	39.2	37.43	-0.87	-2.34	4.27
Albie Pearson	RF	85	0	L	1842	0.2452948557089084	0.3290929203539823	0.328732747804266	0.2954675388133355	10.9	10.5	3.6	0.266	24.6	15.62	-0.55	3.06	1.14
Robin Yount	SS	83	0	R	1820	0.2629411764705882	0.2969529085872576	0.4552941176470588	0.3198078416349464	4.7	13	22.4	0.266	38	12.35	-0.43	1.38	3.396
Harlond Clift	3B	92	5	R	1801	0.240705734089477	0.3237090505274847	0.4259609325771896	0.3229718989647237	10.7	19.5	22.3	0.258	36.9	13.48	-0.07	1.8	3.865
Rogers Hornsby	2B	83	0	R	1758	0.2466708941027267	0.3155784650630011	0.3804692454026633	0.3057647833406816	8.7	14.3	13.3	0.265	33.4	2.31	0	-0.24	1.638
Barney Brown	P	93	0	L	1747	0.2384858044164038	0.2900407687827606	0.3432176656151419	0.2776196021839607	6.5	16.1	9.6	0.266	24.6	18.28	0	-2.4	0.103
Davey Lopes	2B	93	5	R	1690	0.255783212161269	0.3184789067142008	0.3912756113681428	0.3078174382976451	8.6	18.2	14.6	0.284	27.6	14.95	1.85	3.34	2.272
Dave Barnhill	P	99	0	S	1661	0.2539792387543253	0.3041825095057034	0.3238754325259516	0.2777072929877643	6.3	14	1.8	0.288	17.4	42.19	0	-1.01	0
Eddie Stanky	2B	94	0	R	1643	0.2493150684931507	0.3227189222290263	0.3184931506849315	0.2854049987030767	9.6	14.6	4.4	0.283	18.4	14.93	-0.55	-0.15	1.899
Willard Brown	RF	88	0	R	1615	0.2457956015523933	0.268823895457374	0.3842173350582148	0.279871881790199	3	15.7	17.8	0.263	28.9	7.27	-0.26	0.85	0.52
Willie McGee	CF	79	0	S	1615	0.2683246073298429	0.2971285892634207	0.4024869109947644	0.3005922586113373	3.5	13.4	7.8	0.297	31	28.35	0.37	2.56	2.043
Roy Campanella	C	86	0	R	1591	0.2347288949897049	0.2850849590937697	0.4063143445435827	0.2940244567831952	6.5	16.9	24.5	0.237	33	6.19	0	-1.17	2.602
Dan Pasqua	LF	79	0	L	1545	0.2454742939898624	0.3153796236210253	0.3801593048515569	0.3024121508505943	9.3	20.6	17.1	0.277	28.3	2.08	-0.19	-1.86	0.971
Ken Singleton	RF	92	5	S	1540	0.2723279648609078	0.3454545454545455	0.4011713030746706	0.3273877517251684	9.9	14.7	13.6	0.295	25.8	10.42	-0.27	-4.79	2.532
Norm Siebern	1B	99	5	L	1521	0.2658700522778193	0.3438527284681131	0.438386855862584	0.335637005494805	10.3	14.7	19.3	0.277	34.8	7.26	-0.2	-1.5	2.564
Willie Stargell	1B	89	0	L	1482	0.2551928783382789	0.3105548037889039	0.4043026706231454	0.3075615584612876	7.3	18.8	17.4	0.282	31.7	5.5	0	-3.52	0.364
Jimmy Wynn	RF	91	0	R	1452	0.2304717710750193	0.3105590062111801	0.3905645784996133	0.3048043457166452	10	19	19.4	0.25	36.9	2.73	0.12	1.94	1.446
Zeke Bonura	1B	95	0	R	1440	0.2457057505601195	0.2914923291492329	0.3539955190440627	0.2828614303817076	6	14.3	12.9	0.265	23.7	6.41	-1.33	0	0.5
Jimmie Hall	CF	88	0	L	1387	0.2428919577579204	0.3127721335268505	0.429731925264013	0.3166594085641676	9.3	16.4	20.8	0.252	39.1	14.53	-0.22	1.47	3.115
Mickey Tettleton	C	92	5	S	1351	0.2716568544995795	0.349406528189911	0.4709840201850294	0.3532722251436708	10.4	18.1	27.1	0.284	35.3	0.88	-0.09	-1.73	4.93
Mike Hargrove	1B	90	0	L	1331	0.2520868113522537	0.3172932330827068	0.2988313856427379	0.2782075621175032	8.6	9.2	3.2	0.27	12.6	10.53	0.23	-2.16	-0.27
Ted Simmons	C	99	5	S	1331	0.2773662551440329	0.3320811419984974	0.4246913580246914	0.3265255544883494	7.3	10.3	15.3	0.284	30.3	8.82	0	-2.3	3.336
Felipe Alou	1B	92	5	R	1321	0.3143309580364212	0.3368660105980318	0.5391923990498813	0.3687936751408887	3.3	9.2	22.3	0.314	40.1	16.98	-0.23	3.09	5.042
Sid Gordon	3B	89	0	R	1296	0.2126334519572954	0.3036405886909372	0.3327402135231317	0.2839311151438366	11.3	12.7	13.9	0.217	30.1	4.17	0	1.06	0.694
Piper Davis	2B	97	5	R	1267	0.2755905511811024	0.3328012769353552	0.4365704286964129	0.3305897953788804	7.7	13.6	12.3	0.298	32.7	28.16	-0.47	0.43	2.652
Lennie Pearson	LF	93	5	R	1204	0.2434625788999098	0.2950955943474647	0.4247069431920649	0.307244203716863	6.7	15.9	19.9	0.255	39.3	14.15	2.24	0.4	2.043
Boog Powell	1B	90	0	L	1201	0.247460757156048	0.3027522935779817	0.358264081255771	0.2873823469298256	7.4	15.1	14.5	0.262	23.1	0	-0.5	-3.35	0.15
Elston Howard	C	95	5	R	1192	0.2845601436265709	0.3187919463087248	0.4605026929982047	0.3303924173773022	4.7	16.4	19.6	0.307	32.5	14.56	0	-3.07	3.926
Eddie Joost	SS	89	5	R	1181	0.2238372093023256	0.3087478559176672	0.4021317829457364	0.3082755560165883	10.6	21.7	21.8	0.244	39.8	6.52	-0.51	-1.47	3.099
Hoyt Wilhelm	P	92	0	R	1175	0.09925093632958802	0.1311329170383586	0.1226591760299625	0.1171307482240339	2.9	34.9	1.5	0.146	17.9	0	0	-0.82	-6.791
Lefty Gomez	P	96	0	L	1163	0.1089015151515152	0.1354545454545455	0.1212121212121212	0.1178608109905852	2.9	36.5	0.5	0.168	8.7	10	0	-4.08	-8.1
Mike Easler	1B	87	5	L	1113	0.2750965250965251	0.3183453237410072	0.4691119691119691	0.3338462157152612	5.8	16.6	23.2	0.292	37.2	8.49	0	-0.65	2.426
Mike Easler	1B	87	0	L	1100	0.2653658536585366	0.3127272727272727	0.391219512195122	0.3055910830922873	6.3	20.3	13.1	0.312	26.1	14.08	0	-1.31	1.036
Joe Adcock	1B	95	5	R	1054	0.2647058823529412	0.3304761904761905	0.4401260504201681	0.3289910233992746	8.8	20.1	20.5	0.297	34.9	7.95	-0.85	0.4	3.017
Ernie Banks	SS	83	0	R	1053	0.2520325203252032	0.2889733840304182	0.391260162601626	0.293235675850546	4.9	14.2	17.7	0.263	27.8	8.7	0	-1.71	2.735
Al Kaline	RF	99	5	R	1052	0.2725388601036269	0.3170498084291188	0.4911917098445596	0.3423345621727953	5.9	9.8	22.2	0.266	45.2	11.76	-1.08	4.39	4.848
Tony Conigliaro	RF	95	5	R	1041	0.240625	0.2935514918190568	0.4260416666666667	0.3082838461136659	6.7	18.4	24.2	0.253	37.7	8.05	-0.46	1.5	2.017
Luke Easter	1B	95	5	L	1034	0.2750809061488673	0.3404255319148936	0.4778856526429342	0.3480194670617939	8.7	17.3	26.7	0.286	32.5	15.66	0	-3.08	3.133
Tubby Scales	2B	92	5	R	984	0.2849035187287174	0.3486707566462168	0.4426787741203178	0.3410971565621549	8.9	13.5	12.8	0.307	36.7	5.43	-0.55	-0.67	3.537
Spud Chandler	P	95	0	R	980	0.1120783460282916	0.1256656017039404	0.14689880304679	0.1204975224712431	1.1	36.7	2.4	0.17	21.4	9.09	0	-3.8	-7.347
Minnie Minoso	LF	90	5	R	974	0.2693602693602694	0.3264887063655031	0.3995510662177329	0.3167267457993605	7.7	13	11.1	0.291	32.1	3.9	-0.68	3.39	2.649
Dom DiMaggio	CF	96	5	R	966	0.2522522522522522	0.3043478260869565	0.4211711711711711	0.3120088465501679	6.8	13.6	16.8	0.263	37.1	15.66	-0.43	-0.68	3.354
Ernie Banks	SS	83	5	R	943	0.2619047619047619	0.3067940552016985	0.4240362811791383	0.3155334820354655	5.7	16.2	21.6	0.279	29.9	8.7	-0.32	-2.29	3.945
Ray Dandridge	3B	88	5	R	930	0.2774566473988439	0.3144722524483134	0.4046242774566474	0.3101655376256113	4.6	11	9	0.297	28.8	18.84	-0.32	1.81	3.742
Sid Gordon	3B	89	5	R	829	0.2614742698191933	0.3474576271186441	0.4367176634214187	0.3403662972121265	11.5	14.2	23.9	0.262	30.3	5.26	0	-2.68	2.895
Maury Wills	SS	78	0	S	808	0.2142857142857143	0.2512626262626262	0.2735849056603774	0.2320229194906245	4.6	9.3	1.5	0.231	18.2	37.93	2.08	4.08	0.223
Mike Hegan	RF	91	0	L	793	0.3022598870056497	0.3720050441361917	0.4209039548022599	0.3471978521715403	10	13	9.8	0.331	21.5	26.09	-1.51	-2.27	2.799
Carlton Fisk	C	91	5	R	765	0.252112676056338	0.2980392156862745	0.4042253521126761	0.301792150933745	5.9	16.3	15.7	0.274	33.5	13.33	-0.78	-3.06	2.824
Oscar Gamble	DH	95	0	L	765	0.3035190615835777	0.3699346405228758	0.4340175953079179	0.349781625884055	9.7	14.4	16.5	0.326	22.2	2.17	0	-2.04	2.824
Jackie Robinson	LF	87	0	R	758	0.260932944606414	0.3067567567567567	0.412536443148688	0.3109605648291265	5.4	9.5	15	0.263	35.2	4.76	-0.4	-0.47	1.662
Al Simmons	LF	99	5	R	757	0.276536312849162	0.3082010582010582	0.4594972067039106	0.3255455745349668	3.7	12.6	17.4	0.289	37.4	17.57	0	0.32	3.091
Steve Carlton	P	96	5	L	748	0.1693198263386397	0.1849791376912378	0.2141823444283647	0.1749323503039714	1.7	27.4	2.4	0.223	20.5	4.17	0	-0.08	-5.053
Howard Johnson	3B	84	0	S	733	0.2316890881913304	0.2892223738062756	0.3677130044843049	0.2851875060370395	7.4	19.9	14.7	0.261	34.2	3.77	-0.25	2.62	0.573
Roger Maris	RF	82	0	L	724	0.2333848531684699	0.2950138504155125	0.4204018547140649	0.3059497241360996	8.6	10.8	28.2	0.21	31.8	10.42	0	0.17	1.657
Richie Ashburn	CF	87	0	L	722	0.2629179331306991	0.3245125348189415	0.3419452887537994	0.2968607572730562	8	10	6.6	0.283	15.6	33.33	-0.42	-0.42	1.496
Jackie Brandt	CF	87	0	R	715	0.2660550458715596	0.3145275035260931	0.3944954128440367	0.3055474604004919	5.9	12.8	14.3	0.281	27	6.38	-0.25	1.26	2.014
Don Newcombe	P	95	5	L	715	0.1737160120845921	0.2066473988439306	0.2220543806646526	0.1918464124802835	3.6	26.7	4.2	0.228	19.1	0	0	-1.59	-3.776
Ernie Lombardi	C	91	0	R	690	0.2511346444780636	0.2753623188405797	0.3767019667170953	0.278055306204748	2.6	14.2	16.5	0.266	25.9	4.65	0	-2.35	1.13
Mel Harder	P	99	5	R	689	0.1406003159557662	0.1582952815829528	0.1800947867298578	0.1495779502198571	1.7	32.5	4.4	0.195	15.7	7.14	0	-3.31	-6.357
Roy Sievers	1B	94	5	R	687	0.2649006622516556	0.3425655976676385	0.4536423841059603	0.3416115889940992	10.5	16.1	21.8	0.276	36.9	8.47	0	-4.28	2.533
Arky Vaughan	LF	75	5	L	656	0.3112582781456953	0.3582317073170732	0.4519867549668874	0.3510241629821835	6.1	9.1	15.5	0.318	25.5	6.25	0	-1.28	4.024
Woodie Held	SS	79	0	R	653	0.2432885906040269	0.3016845329249617	0.3775167785234899	0.2949420457753446	7.5	25.8	14.7	0.299	30.3	9.09	0	-4.78	2.021
Buddy Bell	3B	85	0	R	583	0.2545787545787546	0.2908777969018933	0.3791208791208791	0.2885881005968831	4.8	8.2	15.4	0.253	25.9	5.56	-0.72	-1.44	2.264
Roger Wolff	P	96	5	R	548	0.1379310344827586	0.1759082217973231	0.1521298174442191	0.1515329272273523	3.5	30.2	0	0.194	10.3	0	0	-3.5	-5.912
George Selkirk	RF	90	0	L	542	0.2388663967611336	0.2981481481481482	0.3866396761133603	0.2966583021838923	7.9	16.2	16.6	0.256	31.4	16.22	-1.66	1.99	0.886
Johnny Hayes	C	85	5	L	535	0.2653508771929824	0.3629489603024575	0.3596491228070176	0.3207538017004849	13.1	8.8	10.1	0.274	19.8	4.17	-1.68	-0.9	3.589
Jackie Robinson	LF	87	5	R	524	0.2620545073375262	0.3147792706333973	0.3626834381551363	0.2975593999603785	6.9	9.2	6.9	0.275	26.4	9.09	0	3.44	2.061
Marvin Williams	2B	96	5	R	514	0.2515463917525773	0.2803921568627451	0.4288659793814433	0.2994792281625867	3.3	18.4	19.8	0.274	37.7	13.04	0	0	1.984
Whitey Kurowski	3B	84	0	R	506	0.2564102564102564	0.2982107355864811	0.4038461538461539	0.3025897209637528	5.9	12.4	21.3	0.257	26.7	3.12	0	-0.59	2.609
Sandy Koufax	P	93	0	R	506	0.1056034482758621	0.1268191268191268	0.1120689655172414	0.1094535482705845	2	36.9	0	0.164	6.1	0	0	-6.64	-8.538
Luis Tiant	P	93	0	L	499	0.1235955056179775	0.1592356687898089	0.1325842696629214	0.135606703279349	3.6	26.1	1.2	0.162	3.6	0	0	0	-6.493
Ed Morgan	1B	83	0	R	497	0.2364425162689805	0.2729124236252546	0.3882863340563991	0.2843313082469917	4.6	22.6	18.1	0.271	32.1	14.29	-0.6	1.09	-0.121
Nellie Fox	2B	96	5	L	494	0.2975929978118162	0.3312883435582822	0.4223194748358862	0.3244016206799837	5.3	4.8	6.1	0.3	26.5	30.56	-2.43	2.06	4.858
Mark Fidrych	P	84	0	R	486	0.07991360691144708	0.09110169491525423	0.08855291576673865	0.08121198151275817	0.8	44.7	1.2	0.14	5.4	0	0	-2.22	-9.136
Leroy Morney	SS	83	0	S	479	0.2460136674259681	0.2917547568710359	0.3097949886104784	0.2654733017130205	5.8	13	5	0.272	17.6	5.26	0.88	1	0.752
Joe Morgan	2B	97	5	L	475	0.2632794457274827	0.3199152542372881	0.4064665127020785	0.3153927111369934	7.4	11.1	11.4	0.278	28.1	37.5	0.38	1.01	2.779
Tommy Bridges	P	90	0	R	466	0.1344339622641509	0.1602708803611738	0.160377358490566	0.1446223311350927	2.6	36.1	1.3	0.204	15.8	0	0	-3.86	-5.665
Billy Herman	2B	88	0	R	465	0.2086330935251799	0.2711496746203905	0.2470023980815348	0.2330923419876519	8	11.5	0	0.232	17.2	6.67	0	0.26	-1.935
Norm Siebern	1B	99	1	L	465	0.2788461538461539	0.3526881720430107	0.4543269230769231	0.3477723486972779	10.1	12.5	19.4	0.289	32.8	13.16	0	1.16	3.742
Joe Grzenda	P	98	0	R	461	0.07990867579908675	0.09598214285714286	0.07990867579908675	0.08140346416351549	1.1	47.5	0	0.151	0		0	-1.82	-4.035
Jackie Robinson	2B	79	0	R	458	0.2871046228710462	0.3280542986425339	0.4549878345498783	0.334041382776765	5.5	13.4	14.4	0.307	34.7	14.63	0	4.06	3.406
Dixie Walker	RF	89	0	L	455	0.2123456790123457	0.282560706401766	0.3135802469135803	0.2635232015748692	8.8	9.6	10.5	0.214	26.7	8.7	-0.66	0.13	-1.582
Jim Dyck	3B	82	0	R	454	0.2378640776699029	0.2984409799554566	0.3980582524271845	0.2943371822802622	7.9	16.5	19.8	0.252	35.7	2.86	0	0.66	1.322
Jim Dyck	3B	82	5	R	446	0.2481203007518797	0.3183856502242152	0.4060150375939849	0.3149016566979356	8.7	16.8	20.2	0.262	31.3	6.45	-0.67	-2.15	2.287
Satchel Paige	P	94	5	R	437	0.09002433090024331	0.1061320754716981	0.1021897810218978	0.09453434253884044	1.4	48.7	1.4	0.167	8.1	0	0	-0.14	-8.65
Roy Johnson	RF	92	5	L	434	0.2487309644670051	0.3101851851851852	0.3477157360406091	0.2892248266510116	8.3	14.7	8.3	0.277	24.5	12.5	0	0.69	1.935
Ozzie Smith	SS	79	0	S	434	0.2467532467532468	0.3040380047505938	0.3220779220779221	0.2764263816805601	6.9	9.1	0	0.269	27.4	11.54	0.83	4.29	2.765
Zeke Bonura	1B	95	5	R	431	0.2562189054726368	0.2976744186046512	0.3656716417910448	0.289630427748964	5.6	9.7	9.7	0.267	28.2	3.45	0	2.92	0.835
Ron Hassey	C	93	5	L	428	0.2853403141361257	0.3457943925233645	0.4162303664921466	0.3286405604034994	8.6	7.6	9.8	0.289	32.1	2.86	-0.7	-6.59	2.944
Willie Mays Aikens	1B	85	0	L	409	0.2338028169014084	0.3201970443349754	0.3267605633802817	0.2888989982800062	11.2	20.6	10.3	0.272	22.9	0	0	-1.03	0.88
Bob Horner	3B	84	0	R	405	0.2710526315789474	0.301980198019802	0.4289473684210526	0.3130912654378688	4.4	22.6	19.3	0.315	31.1	6.25	-0.3	-1.04	2.074
Mickey Vernon	1B	83	5	L	393	0.3269230769230769	0.360613810741688	0.4835164835164835	0.361031339970707	4.8	6.6	9.2	0.333	31.9	18.42	0	-3.66	3.511
Hilton Smith	P	88	0	R	393	0.2173913043478261	0.2354497354497354	0.2690217391304348	0.2206620495700156	2	16.8	4.6	0.253	16.2	0	0	1.37	-2.595
Red Rolfe	3B	87	0	L	384	0.2417582417582418	0.2682291666666667	0.3461538461538461	0.2647347877865088	3.6	12.4	7.8	0.26	29.5	7.69	0.47	-2.34	0.313
Bill Hallahan	P	92	0	R	377	0.1227544910179641	0.1694915254237288	0.1766467065868264	0.1581983545529288	4.5	35	3.2	0.181	31.7	7.69	0	0.8	-4.775
Quincy Trouppe	C	84	0	S	366	0.1815384615384615	0.2582417582417583	0.2861538461538461	0.2406650538361552	9.6	18.5	11.5	0.198	32.2	5.26	0	0.49	-0.328
Barney Brown	P	93	5	L	363	0.2654320987654321	0.3074712643678161	0.3919753086419753	0.3029473951835304	5.5	15.7	8.3	0.299	29.1	24	0	-2.81	1.983
Ray Dandridge	3B	88	1	R	358	0.2619047619047619	0.2969187675070028	0.3958333333333333	0.29548269670593	5	12.2	11.7	0.278	29.5	19.23	0.5	-1.34	1.508
Bobby Bonds	RF	87	5	R	355	0.1884498480243161	0.2394366197183098	0.303951367781155	0.2392085536752756	5.9	20.7	15.2	0.208	30.6	5.26	-0.34	1.35	-0.338
Bob Veale	P	89	0	S	347	0.139751552795031	0.1616766467065868	0.1645962732919255	0.146498190669732	2	39.1	1.7	0.222	13.3	0	0	0.52	-6.916
Thad Christopher	LF	87	0	L	342	0.2325581395348837	0.3097345132743363	0.3421926910299004	0.2882396777298538	9.6	15	8.8	0.256	25.7	27.78	-0.88	0.18	-2.807
Hector Lopez	LF	85	0	R	340	0.194078947368421	0.2678571428571428	0.2894736842105263	0.2507807720731573	8.8	21.7	8.8	0.231	28.8	11.76	0	-0.71	0.529
Barney Morris	P	97	5	L	336	0.1387096774193548	0.1509433962264151	0.1516129032258065	0.1346828033706197	1.5	15.2	0	0.162	9.3	0	0	-0.89	-6.607
Gary Peters	P	92	0	L	331	0.2579617834394904	0.2578616352201258	0.3375796178343949	0.2556739390210292	0.3	15.9	5.4	0.295	19.8	18.75	0	-2.54	0.725
Hal McRae	LF	88	0	R	330	0.2638436482084691	0.3130699088145897	0.3745928338762215	0.3016608936164308	6.7	14.7	9.1	0.296	27.2	9.09	-0.91	0	0.727
Fred Schulte	CF	86	0	R	328	0.25	0.303680981595092	0.375	0.2956572703254322	6.7	13.2	9.1	0.268	35.1	3.85	-0.91	2.2	1.463
Bullet Rogan	CF	81	0	R	322	0.2629757785467128	0.3207547169811321	0.3737024221453287	0.301925649740484	8.1	15.2	7.5	0.295	27.6	14.29	0.93	-0.37	1.118
Jim Gilliam	2B	85	0	S	315	0.2329749103942652	0.2984126984126984	0.2903225806451613	0.2639817155812489	9.2	11.5	1.9	0.253	16.9	27.27	-0.95	4.76	0.952
Ted Strong	SS	92	5	S	308	0.2789855072463768	0.3506493506493507	0.4891304347826087	0.3576740235016099	9.7	14.1	23.4	0.288	32.5	36	-0.58	-2.14	4.481
Buck O&#39;Neil	1B	84	0	R	303	0.2518248175182482	0.3135313531353136	0.3321167883211679	0.2834472237108	8.3	11.7	0	0.282	23.2	37.5	0	2.77	0.594
Eddie Stanky	2B	94	5	R	300	0.2264150943396226	0.3133333333333334	0.2792452830188679	0.2604165982989584	11	14.3	2	0.26	18.3	9.09	0	3	1
Tom Tresh	SS	77	0	S	295	0.2116788321167883	0.2619047619047619	0.3467153284671533	0.2646602963856269	6.4	20.4	18.3	0.233	32.8	0	0	-1.83	1.017
Jim Kaat	P	87	0	L	291	0.1286764705882353	0.1469534050179211	0.1727941176470588	0.1414279915577608	2.1	30.9	4.1	0.176	20	14.29	0	-0.82	-5.567
Dick Groat	SS	89	0	R	284	0.2992424242424243	0.3450704225352113	0.375	0.3157785610147664	6.7	9.5	0	0.329	22.8	11.11	0.63	2.32	3.803
Dutch Leonard	P	97	5	R	283	0.1490196078431373	0.1660377358490566	0.1686274509803922	0.1490802259204801	1.4	26.3	0	0.198	10.5	25	0	-1.7	-5.936
Johnny Hopp	1B	96	5	L	280	0.3307984790874525	0.3678571428571429	0.532319391634981	0.3820217352618463	5.4	11.4	10.7	0.358	42.5	16.22	0	3.43	6
Teddy Higuera	P	89	0	S	276	0.1	0.1132075471698113	0.1153846153846154	0.1027322580600973	1.1	36.5	2.2	0.152	7.7	0	0	0.22	-6.739
Ted Kluszewski	1B	98	5	L	269	0.2510288065843622	0.2973977695167286	0.382716049382716	0.2909609256031616	6.7	12.8	20.1	0.248	23	0	-1.12	-5.35	0
Tommy Byrne	P	90	0	L	261	0.140495867768595	0.1626984126984127	0.1818181818181818	0.1530139728664222	2.3	31	2.3	0.195	23.5	0	0	-0.23	-5.517
Lefty Gomez	P	96	5	L	248	0.1607142857142857	0.1837606837606838	0.1696428571428572	0.1594195240494222	2.8	30.4	0	0.226	5.6	0	0	-1.69	-5.806
Andre Thornton	1B	89	0	R	246	0.2368421052631579	0.2827868852459016	0.4298245614035088	0.3043403861260254	6.1	23.2	31.7	0.252	31.5	5.88	0	-1.22	0.732
Dave Harris	LF	67	5	R	239	0.2619047619047619	0.3472803347280335	0.4571428571428571	0.3454280456523169	11.7	18.6	22.6	0.282	40	4.55	-1.26	0	3.515
Sam Leslie	1B	88	0	L	239	0.25	0.301255230125523	0.3	0.2668605013237384	7.1	16.4	0	0.296	16.4	22.22	-1.26	3.77	-2.008
Phil Masi	C	79	0	R	235	0.2266009852216749	0.3013100436681223	0.374384236453202	0.2924399241078944	9.8	16.7	17.9	0.236	34.8	0	0.51	-1.02	2.298
Andre Dawson	CF	77	5	R	233	0.2895927601809955	0.3090128755364807	0.497737556561086	0.3396253748899896	3.4	12.7	25.8	0.289	34.4	18.18	-0.52	3.86	4.378
Ken Boyer	3B	96	5	R	232	0.2774869109947644	0.396551724137931	0.4659685863874345	0.3723315881315513	16.8	16.8	18.1	0.299	32.1	29.41	0	4.91	6.724
Tony Fernandez	SS	96	5	S	231	0.2837209302325581	0.3231441048034934	0.4418604651162791	0.3289259067058319	5.6	7	10.4	0.289	37.7	13.04	1.3	2.08	5.195
Robin Yount	SS	83	5	R	225	0.2990654205607476	0.3214285714285715	0.4719626168224299	0.3350471036855557	3.1	9.8	13.3	0.311	40.6	3.85	0.27	1.6	4.267
Earl Webb	RF	72	0	L	224	0.275	0.34375	0.51	0.3616758220661846	9.4	16.5	24.1	0.288	50.9	3.57	0	2.41	4.018
Dick Allen	3B	79	0	R	218	0.241025641025641	0.3101851851851852	0.3846153846153846	0.3048016493849857	9.2	23.1	19.3	0.278	29.8	0	0	1.93	1.376
Lyn Lary	SS	81	0	R	208	0.2393617021276596	0.3091787439613526	0.3776595744680851	0.3009029440197113	8.7	17	20.2	0.255	26.7	0	0.29	0.58	2.596
Mack Jones	LF	84	0	L	203	0.2162162162162162	0.2772277227722773	0.2864864864864865	0.2537134884461256	7.4	22.7	8.9	0.262	17.5	0	0	-2.36	-0.887
Sammy Hughes	2B	78	0	R	200	0.3105263157894737	0.3366834170854272	0.4947368421052631	0.3534060776757212	4	13.7	21	0.329	33.9	5	0.9	-1.5	-3.9
Roy Campanella	C	86	5	R	199	0.1891891891891892	0.2361809045226131	0.3837837837837838	0.2563221228258353	5	15.1	27.1	0.173	45.7	12.5	0	-0.6	0.603
Ray Mueller	C	76	0	R	194	0.2568306010928962	0.288659793814433	0.4043715846994536	0.2935792957933744	4.1	16.4	18.6	0.275	25.5	25	-1.55	-0.93	2.474
Walter Cannady	2B	83	0	R	193	0.2793296089385475	0.3212435233160622	0.441340782122905	0.3276272725672147	5.2	16.2	15.5	0.306	34	11.76	0	4.97	4.663
Warren Spahn	P	84	0	L	193	0.2067039106145251	0.2245989304812834	0.3407821229050279	0.2415839508485982	2.1	29.1	18.7	0.25	32.4	0	0	-0.93	-1.244
Cool Papa Bell	CF	91	5	S	190	0.2514285714285714	0.3105263157894737	0.3428571428571429	0.2897216238111384	7.9	16.6	6.3	0.292	22.7	20	1.89	-0.95	1.263
Oscar Charleston	CF	89	5	L	185	0.2916666666666667	0.3370165745856354	0.5178571428571429	0.3634840245183634	5.9	7.7	25.9	0.277	42.9	4.76	0	2.59	5.838
Sonny Siebert	P	97	5	R	178	0.1341463414634146	0.1647058823529412	0.1951219512195122	0.1607688410736667	2.8	30.5	6.7	0.179	27.3	0	0	-3.71	-6.067
Bill Mazeroski	2B	82	0	R	177	0.2108433734939759	0.2471264367816092	0.3253012048192771	0.2437662969372537	4.5	16.3	6.8	0.241	31.4	36.36	0	1.69	-1.017
Spud Chandler	P	95	5	R	173	0.0736196319018405	0.1058823529411765	0.09202453987730061	0.0934687917407147	2.3	35.6	0	0.113	25	0	0	-0.35	-7.63
Willie Stargell	1B	89	5	L	169	0.2317880794701987	0.3017751479289941	0.3642384105960265	0.2874141917835702	8.3	17.9	10.7	0.26	34.3	16.67	0	1.07	0.71
Brant Alyea	LF	89	0	R	167	0.1847133757961783	0.2275449101796407	0.267515923566879	0.2199171799485665	5.4	24.2	14.4	0.216	17.2	0	0	-0.72	-0.719
Dave Henderson	CF	89	0	R	161	0.2483221476510067	0.3043478260869565	0.3624161073825503	0.2912164928154153	7.5	16.1	11.2	0.279	29.7	0	0	-7.45	2.236
Dave Harris	LF	67	0	R	160	0.2318840579710145	0.3248407643312102	0.3840579710144927	0.3108629191602569	11.2	21.7	15	0.269	34.4	18.18	-0.75	0.38	2.25
Newt Allen	2B	85	0	R	160	0.2137931034482759	0.2597402597402597	0.3103448275862069	0.2486650720060551	5	13.8	7.5	0.236	25.8	25	-1.88	0.38	0.375
Bill Holland	P	87	0	S	157	0.1214285714285714	0.1733333333333333	0.1357142857142857	0.1462639275910877	5.7	21.4	0	0.153	11.8	0	0	-0.38	-5.732
Max Manning	P	87	0	R	151	0.158273381294964	0.1631205673758865	0.1798561151079137	0.1500036761853228	0.7	28.1	0	0.218	9.1	50	0	0.4	-4.768
Barry Latman	P	95	0	R	150	0.05755395683453238	0.07746478873239436	0.05755395683453238	0.0642540540576102	2	45.3	0	0.105	0		0	0	-3.2
Willard Brown	RF	88	5	R	147	0.2847222222222222	0.2876712328767123	0.3958333333333333	0.2934380601062083	0.7	13.2	12.2	0.309	24.4	0	0	-2.04	0.816
Carden Gillenwater	CF	81	0	R	143	0.2900763358778626	0.3496503496503496	0.4503816793893129	0.3450087616810875	8.4	19.1	21	0.327	26.3	10	0	0.84	4.615
Johnny Hayes	C	85	0	L	142	0.2248062015503876	0.2887323943661972	0.3333333333333333	0.2747614804547103	8.5	10.1	8.5	0.235	27.6	25	-0.85	1.69	1.69
Albie Pearson	RF	85	5	L	140	0.2966101694915254	0.3985507246376812	0.3813559322033898	0.3511176762745151	12.9	5.9	4.3	0.309	22.9	0	-0.86	3	4.714
Zollie Wright	RF	84	0	R	139	0.3140495867768595	0.375	0.6115702479338843	0.4129235881689353	7.9	12.4	43.2	0.286	39.5	6.67	0	-2.59	6.043
Satchel Paige	P	87	0	R	139	0.1804511278195489	0.1925925925925926	0.1879699248120301	0.1696592887789126	1.4	15	0	0.212	4.2	0	0	-1.29	-5.18
Darrell Porter	C	74	0	L	135	0.25	0.3007518796992481	0.4112903225806452	0.3087889010293744	6.7	25	17.8	0.303	38.7	0	0	-0.89	3.111
Duke Snider	CF	73	0	L	129	0.2016806722689076	0.2635658914728682	0.319327731092437	0.2578133762742492	7	18.5	9.3	0.232	33.3	25	1.4	4.19	1.86
Sherm Lollar	C	82	0	R	128	0.3125	0.373015873015873	0.4732142857142857	0.3649486108517973	7	15.2	14.1	0.34	34.3	0	0	-1.41	6.094
Goose Curry	C	83	0	L	127	0.2017543859649123	0.2698412698412698	0.3508771929824561	0.2676284687413761	8.7	15.8	14.2	0.213	34.8	37.5	0	3.78	0.945
Frankie Hayes	C	84	0	R	124	0.2280701754385965	0.2822580645161291	0.3245614035087719	0.2648461634157719	7.3	17.5	9.7	0.258	26.9	0	-1.45	0	0.484
Bill Hallahan	P	92	5	R	122	0.125	0.146551724137931	0.1607142857142857	0.1366367094569665	2.5	37.5	0	0.197	21.4	33.33	0	0	-5.41
Luke Hamlin	P	84	0	L	120	0.1666666666666667	0.1651376146788991	0.1759259259259259	0.1489329330312113	0	37	0	0.261	5.6	0	0	1.5	-6.5
Mark Eichhorn	P	98	0	R	116	0.05309734513274336	0.06956521739130435	0.06194690265486726	0.0612076562445493	1.7	49.6	0	0.105	16.7	0	0	1.03	0
Howie Pollet	P	91	0	L	115	0.1226415094339623	0.1621621621621622	0.1320754716981132	0.1376717152554748	4.3	36.8	0	0.194	7.7	0	0	-2.09	-4.696
Johnny Blanchard	C	81	0	L	115	0.2018348623853211	0.2347826086956522	0.2110091743119266	0.1978409307978053	3.5	15.6	0	0.237	4.5	0	0	-13.04	-4.696
Howie Pollet	P	91	5	L	114	0.1238095238095238	0.1376146788990826	0.1333333333333333	0.1211802818784033	1.8	28.6	0	0.169	7.7	0	0	-1.05	-5.263
Ray Brown	P	85	5	S	113	0.1764705882352941	0.205607476635514	0.2745098039215687	0.2092179773955812	2.7	17.6	10.6	0.193	27.8	20	0	-2.65	-1.593
Mario Soto	P	83	0	R	109	0.1333333333333333	0.1308411214953271	0.1523809523809524	0.1222118960746689	0	32.4	0	0.192	14.3	0	0	-9.91	-6.055
Bob Elliott	3B	88	0	R	108	0.2021276595744681	0.2990654205607476	0.2765957446808511	0.2655851066012127	11.1	16	11.1	0.221	15.8	0	0	-2.22	2.222
Jack Kramer	P	89	0	R	107	0.1020408163265306	0.1287128712871287	0.1020408163265306	0.1080948616503684	1.9	29.6	0	0.145	0		0	-3.36	-7.85
Carlos May	LF	86	0	L	107	0.2142857142857143	0.2616822429906542	0.2653061224489796	0.2350661149079616	6.5	21.4	0	0.266	19	25	0	-2.8	-2.243
Del Crandall	C	72	0	R	104	0.2525252525252525	0.2718446601941747	0.3737373737373738	0.2787255097396484	1	14.1	17.3	0.265	24	0	0	1.15	2.885
Bobby Estalella	3B	94	5	R	104	0.2307692307692308	0.3106796116504854	0.3516483516483517	0.2939894149038512	10.6	17.6	17.3	0.247	23.8	0	0	3.46	2.885
Tiny Bonham	P	82	0	R	104	0.06930693069306931	0.0784313725490196	0.09900990099009901	0.07848371977795651	1	38.6	5.8	0.098	14.3	0	0	-2.31	-10.962
Gary Peters	P	92	5	L	103	0.2446808510638298	0.2474226804123711	0.4787234042553192	0.3009517377751034	1	12.8	29.1	0.228	43.5	20	0	2.91	2.33
Davey Johnson	2B	81	0	R	101	0.2307692307692308	0.2653061224489796	0.4175824175824176	0.2892707306208519	5	11	23.8	0.215	38.1	12.5	0	1.19	1.188
Bob Horner	3B	84	5	R	98	0.3793103448275862	0.4387755102040816	0.6781609195402298	0.4632171324241705	10.2	10.3	42.9	0.361	36.4	0	0	1.22	8.571
Bob Miller	P	69	0	R	97	0.1170212765957447	0.1170212765957447	0.148936170212766	0.1153186439531784	0	33	6.2	0.161	9.1	0	0	1.24	-6.804
Andre Dawson	CF	77	0	R	97	0.2197802197802198	0.2577319587628866	0.2857142857142857	0.2354712060420996	5.2	13.2	6.2	0.241	15	33.33	2.47	1.86	-1.237
Yogi Berra	LF	68	0	L	95	0.2650602409638554	0.3578947368421053	0.3614457831325301	0.3193373001579921	12.6	6	12.6	0.263	18.2	0	0	0.63	4.421
Harry Danning	C	75	0	R	94	0.2527472527472527	0.2765957446808511	0.4285714285714285	0.2975252392553975	3.2	8.8	25.5	0.241	30.4	14.29	0	1.28	2.553
Mike Schmidt	3B	99	0	R	88	0.2533333333333334	0.3488372093023256	0.3733333333333334	0.3186097541701411	11.4	16	13.6	0.279	26.3	0	0	2.73	4.773
Willie McGee	CF	79	5	S	86	0.2278481012658228	0.2674418604651163	0.3670886075949367	0.2709596726496763	5.8	19	7	0.262	33.3	50	-2.09	8.37	1.395
Hoyt Wilhelm	P	92	5	R	85	0.1923076923076923	0.2025316455696203	0.2307692307692308	0.1904850449678387	0	23.1	0	0.25	20	0	0	2.12	-0.706
Ken Forsch	P	87	0	R	85	0.09090909090909091	0.125	0.1168831168831169	0.1122476536497316	3.5	39	0	0.149	28.6	0	0	0	-5.647
Stan Spence	CF	82	0	L	84	0.2337662337662338	0.2976190476190476	0.3506493506493507	0.2810853326185521	8.3	18.2	7.1	0.274	33.3	16.67	0	3.57	0.714
Tiny Bonham	P	82	5	R	82	0.05263157894736842	0.08860759493670886	0.05263157894736842	0.07164456164082106	1.2	42.1	0	0.091	0		0	-3.66	-10.244
Darryl Strawberry	RF	97	0	L	82	0.1690140845070423	0.2804878048780488	0.352112676056338	0.2814553362634485	12.2	9.9	22	0.148	50	16.67	-3.66	5.12	0.732
George Strickland	SS	80	0	R	81	0.1710526315789474	0.2025316455696203	0.25	0.1992974130871079	3.7	10.5	7.4	0.179	23.1	33.33	0	0.74	-1.481
Vic Power	1B	76	0	R	81	0.3461538461538461	0.3703703703703703	0.5769230769230769	0.400434089057469	3.7	10.3	14.8	0.368	37	40	0	-3.7	5.926
Kent Tekulve	P	99	0	R	80	0.1184210526315789	0.141025641025641	0.1184210526315789	0.1194166863793528	2.5	42.1	0	0.205	0		0	-4.5	2.25
Tim McCarver	C	68	5	L	79	0.273972602739726	0.3291139240506329	0.4657534246575342	0.3354471683353527	6.3	1.4	7.6	0.268	40	50	0	-6.84	4.557
Tommie Agee	CF	82	0	R	77	0.2361111111111111	0.2727272727272727	0.2777777777777778	0.2453533324081096	5.2	19.4	7.8	0.276	5.9	0	1.56	3.12	-0.779
Luis Tiant	P	93	5	L	76	0.08955223880597014	0.1733333333333333	0.08955223880597014	0.13541170108069	7.9	22.4	0	0.113	0		0	-10.26	-7.105
Garry Templeton	SS	78	0	S	72	0.3384615384615385	0.3768115942028986	0.4769230769230769	0.3622541965650792	5.6	6.2	0	0.361	22.7	80	0	0.83	3.333
Whitey Kurowski	3B	84	5	R	70	0.2388059701492537	0.2571428571428571	0.3582089552238806	0.2644371814762763	2.9	16.4	17.1	0.255	25	0	0	1.71	1.714
Jackie Robinson	3B	68	0	R	70	0.15625	0.2285714285714286	0.15625	0.1851396692383518	8.6	10.9	0	0.175	0		0	6	-3.429
Jeff Montgomery	P	94	0	R	69	0.1076923076923077	0.1212121212121212	0.1538461538461539	0.1217583828176651	0	38.5	8.7	0.154	14.3	0	0	-1.74	-2.609
Davey Lopes	2B	93	4	R	67	0.2222222222222222	0.2537313432835821	0.4444444444444444	0.2938973584332868	4.5	17.5	35.8	0.204	35.7	20	2.69	1.79	0
Cecil Cooper	1B	89	0	L	67	0.2857142857142857	0.3283582089552239	0.3174603174603174	0.2890467976406421	6	12.7	0	0.327	11.1	0	0	1.79	1.791
Phil Niekro	P	86	0	R	66	0.103448275862069	0.1333333333333333	0.103448275862069	0.1111719047458529	3	34.5	0	0.158	0		0	1.82	-10
Eddie Yost	3B	81	0	R	65	0.2075471698113208	0.34375	0.3773584905660378	0.3096187967901867	16.9	15.1	9.2	0.227	45.5	40	0	3.69	3.692
Sonny Siebert	P	97	2	R	63	0.1864406779661017	0.1864406779661017	0.2372881355932203	0.1837280090101486	0	20.3	9.5	0.217	9.1	0	0	-9.52	-5.714
Howard Easterling	SS	77	0	S	63	0.2631578947368421	0.3174603174603174	0.3684210526315789	0.300414024336277	7.9	10.5	9.5	0.275	26.7	0	-4.76	0.95	0.952
Sam Jethroe	CF	94	5	S	63	0.1967213114754098	0.2063492063492063	0.2459016393442623	0.1964034516032792	1.6	19.7	0	0.24	25	0	0	5.71	0.952
Gil McDougald	SS	85	0	R	63	0.2711864406779661	0.3174603174603174	0.4067796610169492	0.3151371708148936	6.3	15.3	9.5	0.306	37.5	0	0	4.76	4.762
Joe Sambito	P	98	0	L	62	0.06666666666666667	0.08196721311475409	0.08333333333333333	0.07566939221816439	0	43.3	0	0.118	25	0	0	-0.97	-3.871
Luke Hamlin	P	84	5	L	61	0.26	0.2962962962962963	0.3	0.2642256814380594	4.9	28	0	0.351	15.4	0	0	2.95	0
Sam Leslie	1B	88	5	L	61	0.2545454545454545	0.3278688524590164	0.3454545454545455	0.2927251273519567	9.8	20	0	0.318	21.4	66.67	0	4.92	1.967
George Strickland	SS	80	5	R	60	0.2173913043478261	0.3620689655172414	0.2826086956521739	0.2959343101057042	18.3	15.2	10	0.231	10	0	0	2	3
Bonnie Serrell	2B	94	5	L	60	0.3090909090909091	0.3666666666666666	0.5454545454545454	0.3902709055087099	6.7	10.9	40	0.289	29.4	0	-5	-1	7
Jim Ray Hart	3B	94	5	R	59	0.1551724137931035	0.1694915254237288	0.2586206896551724	0.1836775059495352	1.7	32.8	10.2	0.211	33.3	33.33	0	1.02	-5.085
Ray Benge	P	85	0	R	58	0.1454545454545454	0.1454545454545454	0.2	0.1490139141592805	0	29.1	10.3	0.184	12.5	0	0	2.07	-6.207
Don Money	3B	73	0	R	57	0.3518518518518519	0.3859649122807017	0.4444444444444444	0.3631782556933931	5.3	13	10.5	0.391	15.8	0	0	6.32	5.263
Ron Northey	RF	83	0	L	57	0.1509433962264151	0.1929824561403509	0.2075471698113208	0.1801521920591609	5.3	15.1	10.5	0.156	12.5	0	0	0	-3.158
Larry Hisle	LF	83	0	R	56	0.2	0.2727272727272727	0.3	0.2572825199105979	8.9	20	10.7	0.231	30	0	0	0	-3.214
Rafael Palmeiro	1B	77	0	L	54	0.2641509433962264	0.2777777777777778	0.4339622641509434	0.3034916829063827	1.9	13.2	22.2	0.273	28.6	25	0	3.33	1.111
Johnny Lindell	CF	79	5	R	54	0.2340425531914894	0.3333333333333333	0.3404255319148936	0.296658570482382	13	10.6	11.1	0.244	27.3	0	0	0	2.222
Bill North	CF	69	0	S	54	0.1739130434782609	0.24	0.2391304347826087	0.2176777499499337	7.4	23.9	0	0.229	25	50	2.22	-11.11	-2.222
Ray Brown	P	85	0	S	53	0.1224489795918367	0.1224489795918367	0.2857142857142857	0.1696878656082391	0	16.3	22.6	0.103	66.7	0	0	-1.13	-3.396
Boog Powell	1B	90	5	L	53	0.3111111111111111	0.3962264150943396	0.5333333333333333	0.3964039167088155	11.3	13.3	34	0.297	28.6	0	0	3.4	9.057
Richie Ashburn	CF	87	5	L	52	0.1777777777777778	0.2745098039215687	0.2444444444444444	0.2405064171876702	11.5	15.6	0	0.211	25	50	-5.77	0	-2.308
Preacher Roe	P	85	0	R	51	0.0851063829787234	0.1041666666666667	0.0851063829787234	0.0878448519442021	2	46.8	0	0.16	0		0	0	-4.706
Lou Whitaker	2B	77	0	L	51	0.186046511627907	0.3137254901960784	0.3720930232558139	0.2960334437141349	15.7	16.3	11.8	0.2	50	50	0	0	2.353
Dick Dietz	C	88	0	R	51	0.1956521739130435	0.2549019607843137	0.2826086956521739	0.2394040543377947	7.8	19.6	11.8	0.216	22.2	0	0	-18.82	-2.353
Odell Hale	3B	80	0	R	50	0.1627906976744186	0.2448979591836735	0.2790697674418605	0.234823496780501	10	23.3	12	0.182	42.9	0	0	2.4	0
Luke Appling	SS	83	0	R	48	0.1521739130434783	0.1875	0.1956521739130435	0.1726842167175266	4.2	10.9	0	0.171	28.6	0	0	1.25	-2.5
Jim McDonald	P	86	0	R	46	0.02380952380952381	0.06818181818181818	0.02380952380952381	0.05143944386410478	4.3	35.7	0	0.037	0		0	0	-7.826
Sandy Koufax	P	93	5	R	46	0.06818181818181818	0.08695652173913043	0.06818181818181818	0.07250341613859973	2.2	45.5	0	0.12	0		0	-20.87	-10.435
Dale Alexander	1B	69	0	R	45	0.1219512195121951	0.2	0.2439024390243902	0.2018511955428757	6.7	12.2	13.3	0.114	60	0	0	1.33	-4
Carlos May	LF	86	1	L	45	0.3255813953488372	0.3555555555555556	0.6976744186046512	0.4386063442719324	4.4	16.3	53.3	0.312	50	14.29	0	4	8
Bill Perkins	C	76	0	R	44	0.1794871794871795	0.2727272727272727	0.1794871794871795	0.2187413569161144	11.4	28.2	0	0.25	0		0	-8.18	-2.727
Terry Puhl	RF	80	5	L	43	0.15	0.2093023255813954	0.175	0.1797639618060562	7	27.5	0	0.207	16.7	0	0	-2.79	-4.186
Jimmy Wynn	RF	91	5	R	42	0.2972972972972973	0.3809523809523809	0.2972972972972973	0.3038837272818594	11.9	24.3	0	0.393	0		-7.14	8.57	0
Ted Strong	SS	92	1	S	42	0.3157894736842105	0.3571428571428572	0.4210526315789473	0.3285818108534481	7.1	18.4	14.3	0.355	16.7	0	0	1.43	2.857
Craig Reynolds	SS	68	0	L	41	0.2432432432432433	0.2564102564102564	0.3243243243243243	0.249467440978673	2.4	5.4	0	0.25	33.3	0	0	2.93	0
John Milner	1B	84	0	L	41	0.131578947368421	0.175	0.2105263157894737	0.1723654270980262	4.9	15.8	0	0.156	60	0	0	-10.24	-5.854
Ellis Valentine	RF	81	0	R	40	0.2	0.282051282051282	0.4857142857142857	0.3265644567107269	10	5.7	45	0.133	57.1	0	0	0	3
Eddie Milner	CF	74	0	L	38	0.1875	0.2777777777777778	0.25	0.2431258281175684	10.5	3.1	0	0.194	16.7	100	0	-1.58	-1.579
Joe DiMaggio	CF	64	0	R	38	0.2121212121212121	0.3157894736842105	0.303030303030303	0.2723851104314408	13.2	24.2	15.8	0.25	14.3	0	0	0	3.158
Bob Thurman	RF	80	0	L	37	0.2972972972972973	0.2972972972972973	0.5675675675675675	0.3637517982777911	0	13.5	32.4	0.3	54.5	0	0	-3.24	6.486
Harmon Killebrew	1B	73	0	R	36	0.3125	0.3888888888888889	0.59375	0.416989857810686	11.1	25	50	0.333	30	0	0	0	10
Arky Vaughan	LF	75	0	L	36	0.3529411764705883	0.3611111111111111	0.6470588235294118	0.4175328382433787	2.8	11.8	33.3	0.345	50	0	0	5	8.333
Eddie Miller	SS	72	0	R	35	0.0967741935483871	0.1714285714285714	0.2258064516129032	0.1629203672493046	8.6	16.1	17.1	0.077	66.7	0	0	-1.71	-3.429
Johnny Hayes	C	85	1	L	35	0.25	0.3142857142857143	0.28125	0.2712183388443613	8.6	15.6	0	0.296	12.5	0	0	-6.86	0
Eddie Joost	SS	89	1	R	34	0.1724137931034483	0.2941176470588235	0.4137931034482759	0.3093997920050545	14.7	13.8	35.3	0.13	60	0	0	7.06	3.529
Dave LaRoche	P	94	0	L	34	0.09375	0.1212121212121212	0.09375	0.1019960906360582	0	53.1	0	0.2	0		0	0	5.294
Lee Thomas	1B	77	0	L	34	0.40625	0.4117647058823529	0.625	0.4332682952405595	2.9	18.8	17.6	0.462	30.8	25	-8.82	-3.53	7.059
Luke Appling	SS	83	5	R	33	0.2068965517241379	0.25	0.2068965517241379	0.2094071291676721	3	13.8	0	0.231	0		0	9.09	-1.818
Pepper Martin	3B	77	0	R	32	0.1666666666666667	0.21875	0.2666666666666667	0.2154567838725327	6.2	13.3	0	0.192	60	0	0	3.75	0
Johnny Lindell	CF	79	0	R	32	0.2758620689655172	0.3125	0.3448275862068966	0.286569942293356	6.2	13.8	0	0.308	25	0	0	7.5	0
Chris Cannizzaro	C	65	0	R	32	0.103448275862069	0.15625	0.103448275862069	0.126776277516474	3.1	20.7	0	0.125	0		0	0	-5.625
Mike Hargrove	1B	90	5	L	31	0.2962962962962963	0.3870967741935484	0.3333333333333333	0.3285036048093514	12.9	3.7	0	0.308	12.5	0	-9.68	1.94	1.935
Sandy Consuegra	P	85	0	R	30	0.03571428571428571	0.03571428571428571	0.1428571428571428	0.07235696507634418	0	60.7	20	0	100	0	0	6	-4
Terry Puhl	RF	80	0	L	30	0.25	0.3	0.3571428571428572	0.2898769768962938	6.7	25	20	0.3	14.3	0	0	0	2
Gene Richards	LF	65	0	L	30	0.08695652173913043	0.1923076923076923	0.1304347826086956	0.1628838924034731	6.7	13	0	0.1	50	0	10	2	-2