# CAP key=goldquick__20260313 role=hit label=Gold Quick type=Quick env=current variants=all_cards obsval=40-89 minIP=null minPA=30 dates=2026-07-05..2026-07-19 recordsTotal=338 rows=338
Name	POS	VAL	VLvl	Hand	PA	AVG	OBP	SLG	wOBA	BBpct	SOpct	HR600	BABIP	XBHpct	3B/XBH	wSB600	UBR600	WAR600
Matt Wieters	C	82	0	S	13143	0.2447074512418737	0.2994203782794387	0.3678946491081847	0.2925083279317972	6.8	22.5	15	0.287	27	3.27	0.01	-3.36	3.255
Yu Chang	SS	89	0	R	12398	0.2514136581122227	0.2961133603238866	0.3913875598086125	0.299137831109543	5.6	23.3	14.8	0.301	32.7	5.5	-0.48	1.2	2.337
Carson Williams	SS	87	0	R	11126	0.2150024838549429	0.2799457994579946	0.3656234475906607	0.2832182363438426	7.8	33	18.3	0.282	34.6	11.88	0.58	1.03	2.961
Chick Hafey	LF	89	0	R	10973	0.2690673875265495	0.3014511271333394	0.4764433288279591	0.3319339223457093	4.2	21.3	24.4	0.3	42.5	5.82	-0.37	3.65	2.307
Ken Griffey Jr.	CF	84	0	L	10538	0.2551702527679131	0.315203955500618	0.3803008147064967	0.3050604182573691	7.5	22.7	13.7	0.305	29.1	1.13	-0.47	-0.83	1.765
Tony Phillips	LF	88	0	S	9982	0.2515440763615946	0.3247691690084303	0.3319483436271757	0.293638555723877	9.4	22.3	5.7	0.311	23.3	0.96	-0.8	1.91	0.884
Steve Finley	CF	89	0	L	9221	0.252145292112378	0.2967841071232576	0.3645233337251675	0.2888586198965812	5.3	16.6	6.4	0.291	28.9	22.78	2.32	4.12	1.601
Tino Martinez	1B	87	0	L	8102	0.2494887525562372	0.3097913322632424	0.398091342876619	0.3082750221310515	7.6	16.7	19.9	0.263	29.8	1.1	-0.21	-1.21	1.311
Prince Fielder	1B	87	0	L	7558	0.2502185951617604	0.3122932380574302	0.3888079277178665	0.3063175024645989	7.9	18.6	16.8	0.277	30.3	1.35	0	-4.27	0.445
Travis Bazzana	2B	87	0	L	7110	0.2439176543980038	0.3109421208280524	0.3791328758577667	0.3026073344690684	8.5	19	11.2	0.28	33.2	15.58	-0.41	3.17	1.283
Ichiro Suzuki	CF	88	0	L	6985	0.2758094074526573	0.3104490500863558	0.3535430665852168	0.2912394353468716	4.3	14.7	4.2	0.315	18.9	20.18	2.37	4.61	1.941
Dick Groat	SS	89	0	R	6433	0.2737355066375399	0.3164794007490637	0.3918669131238448	0.3079879710676965	5.6	11.4	4.9	0.299	31.9	15.03	-0.59	0.9	3.32
David Ross	C	88	0	R	6112	0.2330539358600583	0.2981181908220535	0.3338192419825073	0.2805111150372877	8	24.5	6.5	0.294	32	2.93	0	-3.02	2.533
Cecil Cooper	1B	89	0	L	5878	0.2920464700625559	0.3157894736842105	0.4684539767649687	0.3364236741881564	2.8	14.8	21.3	0.309	32.7	6.55	-0.09	1.41	3.399
Jimmie Hall	CF	88	0	L	5508	0.2310469314079422	0.2921840759678597	0.412354592860008	0.3058031842403259	7.7	24.2	23.5	0.26	37.8	8.26	-0.57	1.68	1.394
Ernie Banks	SS	83	0	R	5276	0.2302363488182559	0.2770398481973435	0.3675631621841891	0.281814358537525	5.6	20.1	17.9	0.256	30.2	5.57	-0.11	-1.64	1.285
Danny Tartabull	RF	87	0	R	5012	0.2249506687130015	0.2891061452513967	0.4018855514141635	0.2989681296251864	7.8	36.4	22.4	0.306	40.4	4.34	-0.14	-1.45	0.227
Yu Chang	SS	89	5	R	4926	0.25909592061742	0.3075667958392821	0.4006615214994487	0.3074050766618813	6.3	22.4	14.4	0.308	32.6	6.01	-0.41	0.86	3.118
Sid Gordon	3B	89	0	R	4809	0.220979020979021	0.2967124427798585	0.3713286713286713	0.2940374667375776	9.4	19.2	19.5	0.237	34.3	2.46	0	-0.12	0.062
Lonny Frey	2B	88	0	L	4679	0.2186978297161936	0.2776080314273243	0.2933460529453852	0.2551762805639555	7.2	19.4	4.7	0.261	22.6	15.46	1.58	1.58	0.975
Pablo Sandoval	3B	84	0	S	4672	0.2597042513863216	0.3033226152197213	0.4048059149722736	0.3071506970586443	5.6	18	15	0.289	32.7	7.07	-0.06	-0.4	3.082
Roy White	LF	89	0	S	4613	0.2420091324200913	0.3082429501084599	0.3753905311223263	0.3002651767676196	8.4	16.3	15.3	0.262	28.9	9.62	0.13	4.29	0.403
Carson Williams	SS	87	5	R	4526	0.2308440768669424	0.2921373200442968	0.4142544393091705	0.3064500300334677	7.6	32.3	22.1	0.295	38.1	16.02	0.09	0.74	3.884
Ossie Bluege	3B	89	0	R	4394	0.2495557248032496	0.3085450346420323	0.3226707286113227	0.2805306450260625	7.5	14.8	1.4	0.287	23.8	14.53	-0.25	3.74	2.376
Gregg Jefferies	1B	84	0	S	4155	0.2826597131681877	0.32956186807896	0.3934810951760104	0.3159373715918035	6.5	11.3	12.4	0.298	22.4	4.12	0.09	1.13	1.877
Eduardo Quintero	CF	88	0	R	3890	0.2557741659538067	0.3200928553004901	0.3960650128314799	0.3124821479217471	8.4	23.6	11.1	0.313	32	21.25	1.05	3.79	2.807
Andrew McCutchen	CF	83	0	R	3874	0.2410508083140878	0.3129357087529047	0.3680715935334873	0.2997754242084741	8.8	20.8	13.9	0.277	29.6	5.26	-0.28	2.04	0.914
Lorenzo Cain	CF	84	0	R	3848	0.2727770177838577	0.3000260213374967	0.4153214774281806	0.3086504569327796	3.5	19.7	14	0.315	31.1	10	1.26	4.6	2.807
Eddie Joost	SS	89	0	R	3726	0.2071384990848078	0.2876489707475623	0.3316046369737645	0.2760624169967286	9.4	29.9	14.8	0.263	31.5	4.67	-0.29	-1.92	0.966
Carl Crawford	LF	81	0	L	3700	0.263599537037037	0.3014925373134328	0.4178240740740741	0.3104052808524099	4.7	18.8	13.8	0.3	33	20.6	0.66	2.58	1.265
Roy Campanella	C	86	0	R	3629	0.2351351351351351	0.2852015461071231	0.4141141141141141	0.3020272446484972	6.3	23	25.1	0.257	35	6.57	-0.08	-2.07	3.191
Rogers Hornsby	2B	83	0	R	3582	0.2513931888544892	0.3156276209113782	0.3972136222910217	0.3112810763125993	8.3	21.3	13.6	0.293	37.6	1.31	-0.17	0.3	2.06
Brian Dozier	2B	88	0	R	3434	0.242319749216301	0.2863822326125073	0.4103448275862069	0.3018089960318861	5.4	21.5	21.1	0.271	35.3	7.69	0.8	2.48	3.005
Ken Henderson	LF	85	0	S	3247	0.2591452991452992	0.3224313483492749	0.3897435897435897	0.3119785901511958	8.3	19.6	11.8	0.3	31.7	5.83	0.46	3.68	1.755
Bobby Bonilla	RF	84	0	S	3038	0.2408602150537635	0.292064537372407	0.4272401433691757	0.3095655558821222	6.6	20	26.5	0.252	35.6	5.44	-0.47	0.2	1.56
Zack Cozart	SS	83	0	R	2920	0.2693602693602694	0.326027397260274	0.4343434343434344	0.3294485258051407	7.3	18.7	19.3	0.299	31.1	12.95	-0.18	-0.27	3.493
George Lombard Jr.	SS	86	0	R	2805	0.2023190723710516	0.2747569319409435	0.3242702918832467	0.2660966386827998	8.9	32.1	12.4	0.27	35.6	5	-0.68	1.03	0.471
Danny Tartabull	RF	87	5	R	2763	0.2192384769539078	0.2855591748099892	0.4208416833667334	0.3030284521046242	8.4	36.3	24.8	0.288	47.9	4.96	-0.17	-1.67	0.499
Bobby Bonds	RF	87	0	R	2609	0.2006026689625484	0.2812139838647714	0.3461041756349548	0.2788704856929557	9.5	30.8	21.4	0.244	30.9	5.56	-0.67	2.83	0.299
Howard Johnson	3B	84	5	S	2588	0.2549103330486763	0.3197989172467131	0.4444918872758326	0.330766686365852	8.4	30	22	0.322	41	3.67	0.86	3.83	2.597
Kevin Alcantara	CF	76	5	R	2487	0.2440633245382586	0.3028594442207008	0.4160070360598065	0.3117517581343676	7.1	26	23.4	0.287	33.9	4.79	-0.1	2.97	2.292
Gregg Jefferies	1B	84	5	S	2486	0.2996515679442509	0.3450080515297906	0.4102787456445993	0.3300286240565017	6.3	10	12.8	0.312	19.8	8.82	1.06	3.26	3.258
Bob Horner	3B	84	0	R	2333	0.2237272302662307	0.279089738085015	0.3928070994862214	0.2920046258517669	6.8	30.1	21.9	0.276	39	2.67	-0.69	0.1	0.669
Tino Martinez	1B	87	5	L	2240	0.2593873517786561	0.3203753351206434	0.4476284584980237	0.3315283670511534	7.9	16.3	24.1	0.267	37.1	3.08	-0.4	-1.39	2.518
Bryan Reynolds	LF	89	0	S	2220	0.2349699398797595	0.3021257349615559	0.3486973947895792	0.287015903732976	8.2	26.7	10	0.299	30.9	5.52	-0.3	0.46	-0.919
Steve Finley	CF	89	5	L	2157	0.2625189681335356	0.310955710955711	0.3803743045017703	0.3015925613010565	6.2	14.7	6.1	0.295	30.3	20.38	1.25	4.34	2.448
Moises Ballesteros	DH	84	5	L	2148	0.2579001019367992	0.3131407269338304	0.4199796126401631	0.3180750518565867	7.2	18.2	20.1	0.28	33.8	1.75	0	-2.51	1.173
Mike Easler	1B	87	0	L	2119	0.2571428571428571	0.2917847025495751	0.4290726817042607	0.3109876137372932	4.4	33.4	23.5	0.34	32.9	4.73	-0.14	-1.95	1.019
Howard Johnson	3B	84	0	S	2111	0.2264050901378579	0.3017527238275698	0.3860021208907741	0.3013944117669006	9	31.3	18.5	0.291	38.9	3.01	0.54	3.18	0.995
Brandon Marsh	LF	89	0	L	2083	0.2386072708653354	0.2772946859903382	0.3543266769073221	0.2763804018579035	4.7	28.6	13.8	0.308	26.8	4	-0.75	-0.84	-0.835
Robin Yount	SS	83	5	R	2048	0.260302556077204	0.2925636007827789	0.4188836724047992	0.3062827832899465	4.2	16.8	16.7	0.282	36.1	5.56	0.06	2.67	2.754
Carter Jensen	C	89	0	L	2026	0.2156113537117904	0.281404549950544	0.3487991266375546	0.2782794138193967	7.9	25.4	16.6	0.255	30.4	10	0.03	-3.88	-0.385
Bobby Witt Jr.	SS	83	0	R	2005	0.2514405447878471	0.2762237762237762	0.3740178103719225	0.2809773459025822	3	16.6	12.9	0.279	25.2	22.31	0.36	3.56	2.424
Jake Daubert	1B	86	5	L	1982	0.3014827018121911	0.348308934881373	0.4453596924766612	0.3438291903693462	6.6	15.4	16.3	0.329	23.7	18.46	-0.06	1.15	3.179
Jack Burdock	2B	87	0	R	1896	0.2512506948304614	0.283377308707124	0.3885491939966648	0.2906959769622256	4.2	22.1	11.7	0.302	32.3	18.49	-0.32	1.04	2.816
Sid Gordon	3B	89	5	R	1850	0.234529702970297	0.3194594594594595	0.406559405940594	0.3169838362864435	10.6	17.2	21.7	0.241	37.2	2.13	0	-1.3	1.005
Chick Hafey	LF	89	5	R	1792	0.288955223880597	0.3245663122551763	0.5086567164179104	0.3540070594367552	4.5	19.4	27.1	0.314	40.3	5.64	-0.37	4.29	3.817
Roy Campanella	C	86	5	R	1759	0.2409785932721712	0.2832764505119454	0.4379204892966361	0.308794898948269	5.5	19.7	28	0.25	37.8	6.04	-0.38	-1.77	3.991
Red Rolfe	3B	87	5	L	1720	0.2383939774153074	0.285631180919139	0.370138017565872	0.2865965468928759	6.1	15.2	14.7	0.255	31.6	5	-0.8	-1.33	1.012
Robin Yount	SS	83	0	R	1715	0.2578027465667915	0.2994152046783626	0.4169787765293383	0.3098434014358752	5.4	18	14	0.291	38.3	10.76	-0.31	3.18	3.638
Bob Fothergill	LF	86	5	R	1664	0.2786458333333333	0.3257211538461539	0.41796875	0.3219071543326101	6.2	16.3	10.5	0.314	32.9	10.64	-0.14	0.58	1.875
Willie Stargell	1B	89	5	L	1631	0.2464646464646465	0.3059472716125077	0.4592592592592593	0.3298025306867109	7.2	28.4	28.3	0.289	44.3	0	0	-2.35	1.251
Ernie Banks	SS	83	5	R	1588	0.2586445366528354	0.3167506297229219	0.4197786998616874	0.3199169328656322	7.4	20.5	21.2	0.287	30.7	5.22	-0.42	-2.3	3.929
Jackie Robinson	LF	87	0	R	1504	0.2611510791366907	0.305685618729097	0.3870503597122302	0.3023935898612141	5.8	16.4	14.8	0.287	26.2	6.32	-0.36	2.11	0.439
Ray Dandridge	3B	88	0	R	1493	0.2704266088214027	0.3072739632902787	0.398409255242227	0.3061236358969181	4.3	18.4	6.4	0.319	32.9	17.89	-0.36	-0.44	2.773
Todd Hundley	C	85	5	S	1479	0.2399392558845862	0.3155044008124577	0.4328018223234624	0.3253126144832562	9.7	28.9	26	0.285	38.3	4.13	0	-1.7	2.84
Ray Dandridge	3B	88	5	R	1472	0.2835497835497836	0.3149284253578732	0.3924963924963925	0.3070474559223935	4.2	14.6	5.7	0.321	27.2	14.95	-0.12	0.12	2.812
Willie Stargell	1B	89	0	L	1456	0.237250554323725	0.2850274725274725	0.3968957871396896	0.2957645399400632	5.8	27.6	20.2	0.29	36.1	1.72	-0.21	-3.26	0.288
Rich Gedman	C	86	0	L	1450	0.2436661698956781	0.2939958592132505	0.3815201192250373	0.2951562199554725	6.1	24.8	14.9	0.297	32.4	6.6	0.33	-1.74	2.441
Bob Fothergill	LF	86	0	R	1444	0.2748148148148148	0.3105849582172702	0.3888888888888889	0.3045895325415411	4.7	16.7	10.4	0.312	26.4	6.12	-0.42	0.29	0.208
Bill Mazeroski	2B	82	0	R	1398	0.2308270676691729	0.2539568345323741	0.3383458646616541	0.2569587597909934	2.5	19	13.3	0.26	24.4	8	-0.43	2.06	1.03
Carlos Baerga	2B	86	5	S	1364	0.2698039215686274	0.3036109064112012	0.4266666666666667	0.3151508839483638	4.2	14.7	17.2	0.287	32.3	9.91	0.75	3.04	3.519
Gil McDougald	SS	85	0	R	1340	0.2436631234668847	0.2869166029074216	0.3614063777596075	0.2831698623000918	5.1	20.7	8.1	0.292	28.5	27.06	-0.22	0.45	2.597
Eddie Joost	SS	89	5	R	1336	0.2316053511705686	0.3029389600602864	0.3754180602006689	0.2982547442513765	8.7	28	17.5	0.287	31	9.3	-0.09	-1.35	1.796
Albie Pearson	RF	85	0	L	1305	0.2387267904509284	0.3261205564142195	0.3129973474801061	0.2889414965807891	11.2	15.5	4.6	0.272	23.3	1.59	0.18	2.67	0.276
Buddy Bell	3B	85	0	R	1283	0.2475328947368421	0.2747853239656519	0.3708881578947368	0.2790723493471762	3.3	15.3	13.1	0.269	30.2	3.3	-1.17	1.64	2.712
Brian Dozier	2B	88	5	R	1276	0.2602389078498293	0.3102906520031422	0.454778156996587	0.3291574301881036	6.4	20.6	24.9	0.284	38.4	4.27	0.52	-0.05	4.326
Willie McGee	CF	79	0	S	1268	0.2631578947368421	0.2878548895899053	0.421875	0.3040369536029185	3	20.8	11.4	0.313	34.7	30.63	0.09	3.79	1.893
Julio Franco	2B	83	0	R	1226	0.25	0.2862969004893964	0.3849480968858132	0.291713077663486	4.6	18.4	15.2	0.28	31.5	3.3	-0.59	1.81	1.419
Tony Lazzeri	2B	89	0	R	1222	0.2234234234234234	0.2756892230576441	0.3945945945945946	0.2920776515590096	6.2	35.1	24.1	0.294	34.7	6.98	-0.15	1.57	2.308
Roger Bresnahan	C	83	5	R	1197	0.2302025782688766	0.2939698492462312	0.3508287292817679	0.2825880295869702	8.1	16.9	6.5	0.265	34.8	20.69	0.15	-1.1	1.353
Brandon Crawford	SS	88	0	L	1193	0.2468468468468469	0.2942162615255658	0.3711711711711712	0.2915928970635838	5.8	23.2	12.6	0.299	31	3.53	-0.75	-0.15	1.66
Carl Crawford	LF	81	5	L	1133	0.2925682031984948	0.3277385159010601	0.4675446848541863	0.340889113211295	4.4	16.7	14.3	0.327	34.7	22.22	1.96	5.3	3.23
Luis Arraez	1B	88	0	L	1121	0.2441176470588235	0.296164139161463	0.3558823529411765	0.2854093916659769	6.8	10.6	10.7	0.252	27.3	8.82	-0.27	1.61	0.321
Albie Pearson	RF	85	5	L	1038	0.2613510520487264	0.341747572815534	0.3588039867109635	0.3113203926594295	10.3	15.1	4.6	0.296	26.7	14.29	-0.87	4.62	1.098
George Lombard Jr.	SS	86	5	R	991	0.2557339449541284	0.3393939393939394	0.4277522935779817	0.3353420537382749	10.5	27.3	17	0.319	40.4	4.44	0.24	1.82	4.783
Dylan Beavers	RF	87	0	L	977	0.2203196347031963	0.2950819672131147	0.3504566210045662	0.2862734448016479	8.9	17.5	16	0.238	30.6	5.08	2.7	3.93	0.246
Todd Hundley	C	85	0	S	955	0.2261904761904762	0.3137460650577125	0.4011904761904762	0.3141632535753977	11	32.9	23.2	0.288	35.3	8.96	-0.31	-1.45	2.01
Jackie Robinson	LF	87	5	R	944	0.2584400465657741	0.3191940615058325	0.359720605355064	0.3000836597693449	7.4	14.6	10.2	0.285	22.1	12.24	0.44	-1.14	1.271
George Altman	RF	84	0	L	944	0.2485875706214689	0.283740701381509	0.4090395480225989	0.2986930504583114	4.3	22.5	15.9	0.291	36.4	15	-0.44	-1.02	-0.445
Bobby Bonds	RF	87	5	R	930	0.2219570405727924	0.2960172228202368	0.3723150357995227	0.293819131462136	9	29.8	18.7	0.28	33.3	9.68	-0.19	3.42	0.903
Carlos Baerga	2B	86	0	S	926	0.2600690448791715	0.2914409534127844	0.3820483314154201	0.2920939814891217	3.6	15.7	13.6	0.284	26.1	8.47	0.45	1.3	1.62
Orlando Cabrera	SS	89	0	R	913	0.2464622641509434	0.2785793562708102	0.3455188679245283	0.2723042496	4.1	13.3	7.9	0.268	27.8	3.45	-0.39	2.5	1.314
Willie Mays Aikens	1B	85	0	L	886	0.2272727272727273	0.2986425339366516	0.3648989898989899	0.2930282097275154	9.1	26	19	0.269	29.4	0	0	-2.98	0.745
Howie Kendrick	1B	88	5	R	872	0.2665066026410564	0.2950631458094145	0.3877551020408163	0.2957510351795752	3.7	15	8.3	0.3	32.9	5.48	0	-3.3	0.688
Al Simmons	CF	89	0	R	857	0.2493796526054591	0.2855464159811986	0.4057071960297767	0.2993740214884014	4.1	22.5	16.8	0.293	37.3	4	0	-0.14	-0.07
Brian Harper	C	83	0	R	834	0.2902829028290283	0.2985611510791367	0.4194341943419434	0.3086638805245867	1.1	9.3	9.4	0.305	33.1	1.28	0	-5.61	0.36
Tony Lazzeri	2B	89	5	R	828	0.2275132275132275	0.2839805825242718	0.3637566137566138	0.2840969396574254	6.8	31.3	15.9	0.298	29.1	18	-0.07	-0.65	2.319
Bobby Witt Jr.	SS	83	5	R	806	0.2669270833333333	0.2906832298136646	0.4309895833333333	0.3096270252748866	3	18.1	20.1	0.292	29.8	18.03	2.9	3.57	4.02
Roger Maris	RF	82	5	L	796	0.2148997134670487	0.300251256281407	0.4040114613180516	0.3074297753020041	10.6	18.9	24.9	0.216	41.3	6.45	0	-1.66	0.452
Ray Lankford	CF	88	0	L	777	0.2184397163120567	0.2895752895752896	0.3673758865248227	0.290017028004363	8.5	28.4	16.2	0.274	39.6	3.28	0.69	0.77	0.309
Oscar Charleston	CF	89	0	L	776	0.2425531914893617	0.2879581151832461	0.4070921985815603	0.3006206687181152	5.8	21.4	17.8	0.274	40.9	0	-2.32	2.16	0.541
Richie Scheinblum	RF	87	0	S	771	0.2677279305354558	0.3255512321660182	0.3878437047756874	0.3107747779696141	8.2	14.9	8.6	0.294	30.3	8.93	0	-3.35	0.156
Spike Owen	3B	85	0	S	763	0.2401171303074671	0.3079947575360419	0.3177159590043924	0.278951037470317	8.8	11	4.7	0.259	23.2	7.89	-1.02	-1.97	-0.079
Willard Brown	RF	88	0	R	759	0.2357043235704324	0.2605820105820106	0.3486750348675035	0.2633428870576495	2.9	20.1	10.3	0.273	30.2	7.84	0.79	1.26	-0.316
Mike Easler	1B	87	5	L	754	0.2434017595307918	0.3062583222370173	0.3944281524926686	0.3038277748428991	8.1	27.9	19.1	0.3	31.3	5.77	0	-0.16	0.398
Carson Benge	RF	82	0	L	734	0.2201166180758017	0.2660300136425648	0.3381924198250729	0.265226963173045	5.4	22.3	14.7	0.257	27.2	9.76	2.62	1.14	-0.245
Roger Maris	RF	82	0	L	721	0.171606864274571	0.2496532593619972	0.3400936037441498	0.2585787422604958	8.7	17.2	25	0.157	40.9	6.67	-0.42	-2.83	-2.497
Edgardo Alfonzo	2B	79	0	R	709	0.2350230414746544	0.28995756718529	0.3579109062980031	0.2846988791855102	6.6	21.4	13.5	0.274	30.7	2.13	0	1.61	2.116
John Donaldson	P	89	0	L	706	0.2435703479576399	0.2759601706970128	0.3872919818456884	0.2866133180892387	4.1	22.8	17	0.283	29.8	14.58	0	-0.59	-0.425
Bid McPhee	2B	84	0	R	695	0.228125	0.2780979827089337	0.3265625	0.266266876379888	6	22.5	6	0.28	28.1	19.51	0.17	0.86	1.813
Bob Horner	3B	84	5	R	686	0.2385466034755134	0.2930029154518951	0.4202211690363349	0.3095483684748759	6.4	25.6	24.5	0.276	38.4	1.72	-0.7	-2.01	1.749
Ray Lankford	CF	88	5	L	655	0.2479061976549414	0.308868501529052	0.3986599664991625	0.3090791211239811	7.2	27.8	19.2	0.308	32.4	0	-0.09	1.74	1.282
Kris Bryant	3B	84	0	R	639	0.2258620689655172	0.2832550860719875	0.3155172413793104	0.2646189026265797	7.5	32.2	5.6	0.316	29	5.26	-0.66	3.38	-0.376
Eduardo Quintero	CF	88	5	R	636	0.2439446366782007	0.3050314465408805	0.370242214532872	0.2957907322627152	7.5	22.8	8.5	0.299	34.8	12.24	1.13	2.36	1.321
Dick Higham	RF	84	5	L	612	0.2768166089965398	0.309328968903437	0.4238754325259516	0.3172515819198898	4.1	18.9	13.7	0.318	33.8	5.56	-0.49	-0.1	1.078
Jeff Blauser	SS	88	0	R	601	0.2169117647058824	0.2728813559322034	0.3308823529411765	0.2659441165275131	6.3	28.7	13	0.278	30.5	0	-1.5	-1.7	-0.3
Vic Power	1B	76	0	R	601	0.2588028169014084	0.2802013422818792	0.3890845070422535	0.2883481265986259	2.3	10	12	0.266	29.3	16.28	0.3	-0.4	1.997
Richie Ashburn	CF	87	0	L	584	0.236084452975048	0.3099315068493151	0.2936660268714011	0.2728313698346025	9.2	20.2	4.1	0.285	13.8	29.41	-0.72	2.36	-1.233
Billy Grabarkewitz	3B	88	0	R	584	0.2471698113207547	0.3150684931506849	0.369811320754717	0.3024583849872145	8.9	32.1	12.3	0.341	25.2	24.24	0	-0.31	2.671
Clint Thomas	CF	88	0	R	570	0.2371916508538899	0.2826855123674912	0.3681214421252372	0.2834279418672672	5.4	22	9.5	0.286	32	27.5	-0.32	4	0.632
Austin Meadows	RF	83	0	L	569	0.2975047984644913	0.3462214411247803	0.5047984644913628	0.3625644234429022	6.9	20.3	25.3	0.33	34.8	11.11	-0.53	2.53	3.902
Lee Mazzilli	CF	81	0	S	561	0.2587548638132296	0.3142857142857143	0.3949416342412451	0.3102456032555554	7.1	20.2	17.1	0.295	28.6	0	0.86	-2.03	0.642
Frankie Pytlak	C	81	0	R	547	0.2397540983606557	0.302803738317757	0.2991803278688525	0.2703984541130001	7.3	15.8	1.1	0.282	18.8	22.73	0	1.65	2.303
Manny Ramirez	LF	82	5	R	541	0.2891566265060241	0.3351851851851852	0.4658634538152611	0.3445467885953647	6.8	21.3	18.9	0.334	34.7	8	0	-4.66	2.551
Devin Mesoraco	C	82	5	R	539	0.273469387755102	0.3358070500927644	0.4408163265306123	0.3386832969769701	8.5	21.4	23.4	0.309	29.9	0	0	0.11	3.562
Gabriel Moreno	C	88	0	R	538	0.278118609406953	0.3289473684210527	0.4171779141104294	0.3243333405051971	6.5	22.1	12.3	0.334	32.4	4.55	0	-2.01	3.234
Steve O&#39;Neill	C	87	0	R	537	0.255533199195171	0.2966417910447761	0.3661971830985916	0.2886876846615635	5.2	16.7	4.5	0.295	33.9	9.3	0.22	0.78	2.793
Newt Allen	2B	85	0	R	532	0.2489451476793249	0.2927308447937131	0.339662447257384	0.2778355092702056	5.3	18.8	3.4	0.298	27.1	15.62	1.58	1.13	1.579
Garret Anderson	CF	80	0	L	528	0.2514734774066797	0.2723809523809524	0.4656188605108055	0.3160304130926989	1.9	18.3	31.8	0.257	39.8	3.92	0.11	-0.34	0.909
Ossie Bluege	3B	89	5	R	517	0.2402597402597403	0.3021442495126705	0.3354978354978355	0.2819323595770011	7.5	14.7	4.6	0.27	27.9	16.13	-0.23	3.71	2.321
Mike Grady	C	87	5	R	506	0.2234273318872017	0.2865612648221344	0.3427331887201736	0.2769489943771951	7.1	26.9	13	0.28	28.2	13.79	0	1.19	1.304
Kevin Alcantara	CF	76	0	R	498	0.2130434782608696	0.2670682730923695	0.308695652173913	0.2535640300282239	6.2	28	12	0.272	23.5	4.35	0.24	2.53	-0.964
Lance Blankenship	2B	83	0	R	496	0.2009569377990431	0.3008298755186722	0.2392344497607655	0.2525061544288028	11.3	23.7	0	0.261	19	0	1.21	3.51	0.847
Dick Dietz	C	88	0	R	494	0.246606334841629	0.3157894736842105	0.418552036199095	0.3191472413854167	9.1	27.1	20.6	0.297	37.6	2.44	0	-7.29	0.972
Al Simmons	CF	89	5	R	485	0.2444933920704846	0.2892561983471074	0.447136563876652	0.3164024126839136	5.2	18.9	26	0.259	42.3	6.38	-0.99	0.62	0.619
Josh Bell	1B	78	5	S	485	0.25	0.3092783505154639	0.4386363636363637	0.3234259145018198	8	15.9	23.5	0.256	39.1	4.65	0	0	1.732
George Davis	SS	86	0	S	482	0.193621867881549	0.2468619246861925	0.255125284738041	0.2244992876223002	6	23.5	2.5	0.244	25.9	4.55	0.12	0.37	-0.124
Curtis Granderson	CF	75	0	L	478	0.2369668246445498	0.3109243697478992	0.3672985781990522	0.2974295653649018	9.8	24.9	5	0.301	37	27.03	0.38	2.76	1.255
George Davis	SS	86	5	S	473	0.2564705882352941	0.3053763440860215	0.3623529411764706	0.2907530685893693	7	22.1	0	0.322	33	25	0.25	1.14	3.171
Shea Langeliers	C	78	0	R	465	0.2447552447552448	0.2810457516339869	0.4102564102564102	0.2972427456094257	4.3	24.9	19.4	0.288	37.1	5.13	-0.65	0	0.903
Francisco Lindor	SS	86	0	S	455	0.2102689486552567	0.272930648769575	0.3202933985330073	0.2638017900353919	6.8	24	9.2	0.258	34.9	3.33	-1.19	1.58	0.791
Willie Keeler	RF	77	0	L	455	0.295045045045045	0.3083700440528634	0.3918918918918919	0.3036267047076781	1.5	7.9	5.3	0.313	22.1	20.69	-0.79	0.13	0.791
Oneil Cruz	CF	88	0	L	454	0.1791767554479419	0.2410714285714286	0.2663438256658596	0.229212212240649	5.9	36.1	10.6	0.257	25.7	5.26	-1.45	-0.93	-2.643
Woodie Held	SS	79	0	R	453	0.2375296912114014	0.2847682119205298	0.4394299287410927	0.3110794893849382	5.3	31.6	23.8	0.3	44	11.36	0	-1.85	1.457
Andre Thornton	1B	89	0	R	448	0.2258064516129032	0.2898876404494382	0.4218362282878412	0.3072604908455255	8	23.3	29.5	0.237	36.3	6.06	0	-2.01	0.536
Dick Higham	RF	84	0	L	446	0.2564705882352941	0.289237668161435	0.3905882352941176	0.2956676741168365	3.4	16.9	9.4	0.294	39.4	0	-0.67	0	-0.404
Clint Thomas	CF	88	5	R	438	0.2344139650872818	0.2899543378995434	0.3665835411471322	0.2861322963927469	7.1	21.4	9.6	0.279	36.2	14.71	0.68	1.37	0.685
Buck Ewing	C	82	5	R	426	0.2443324937027708	0.2776470588235294	0.3652392947103275	0.2769016360286378	4.7	14.9	4.2	0.275	29.9	44.83	0.42	1.13	2.254
Dylan Beavers	RF	87	5	L	413	0.2237196765498652	0.2912621359223301	0.3692722371967655	0.2884152185921996	8.2	19.4	17.4	0.244	33.7	7.14	2.62	1.89	-0.581
Ben Zobrist	2B	84	5	S	412	0.260989010989011	0.3422330097087379	0.4120879120879121	0.3299558345781009	10.9	14	11.7	0.283	36.8	11.43	0	-0.58	3.204
Brian McCann	C	84	5	L	409	0.2757731958762887	0.3031784841075795	0.3994845360824743	0.3045349153793901	3.9	14.2	11.7	0.301	29.9	0	0	-7.33	2.2
Tommy Troy	2B	83	0	R	399	0.2471590909090909	0.327455919395466	0.3977272727272727	0.3182619987374927	10	23	15	0.293	35.6	6.45	0	3.16	2.556
Ben Zobrist	2B	84	0	S	397	0.2305475504322766	0.3207070707070707	0.3573487031700288	0.3010450284901001	11.1	12.1	9.1	0.246	37.5	6.67	0	-1.21	1.209
Andrew McCutchen	CF	83	5	R	382	0.2521246458923513	0.3036649214659686	0.4135977337110481	0.3102490775911708	6.8	17.3	20.4	0.27	33.7	3.33	0.79	4.71	2.199
Quincy Trouppe	C	84	5	S	367	0.2298136645962733	0.3074792243767313	0.3695652173913043	0.298807552949278	9.8	20.8	13.1	0.265	33.8	16	-0.49	-3.11	0.817
Michael Harris II	CF	85	0	L	362	0.227810650887574	0.2563380281690141	0.3875739644970414	0.2785714180022728	3.3	22.8	24.9	0.249	31.2	0	-0.99	2.82	-0.166
Steve Bilko	1B	81	0	R	341	0.2327868852459016	0.3079178885630499	0.3639344262295082	0.2978947969577195	9.4	30.8	17.6	0.3	28.2	0	0	-2.64	0
Luis Castillo	2B	73	0	S	322	0.2602739726027397	0.308411214953271	0.3767123287671233	0.2978834733872336	5.6	12	5.6	0.281	28.9	27.27	0	3.91	2.795
Bob Elliott	3B	88	5	R	319	0.2367491166077738	0.3134796238244514	0.4275618374558304	0.3221191092609741	10	22.3	22.6	0.261	41.8	7.14	-0.94	-3.01	2.633
Spottswood Poles	CF	85	0	S	315	0.197841726618705	0.260586319218241	0.2482014388489209	0.2309536462704185	6.7	25.9	1.9	0.258	20	9.09	-0.76	3.62	-0.762
Jazz Chisholm Jr.	2B	80	0	L	309	0.1913357400722022	0.2622950819672131	0.2815884476534296	0.2457945103644862	8.4	28.2	11.7	0.242	24.5	0	-1.17	0.58	-0.388
Tommy Troy	2B	83	5	R	307	0.2627737226277372	0.3387622149837133	0.4124087591240876	0.3279798409619271	9.8	22.3	11.7	0.317	33.3	20.83	0.59	1.56	3.127
Billy Herman	2B	88	0	R	306	0.2446808510638298	0.2941176470588235	0.3546099290780142	0.2844032563116883	6.2	11.7	3.9	0.268	39.1	0	0	-0.98	0.392
Mookie Betts	SS	85	0	R	291	0.2262773722627737	0.2629757785467128	0.3722627737226277	0.2760997605335611	4.1	18.2	12.4	0.256	45.2	0	-1.24	2.06	2.062
Sam Leslie	1B	88	0	L	290	0.2814814814814815	0.328719723183391	0.3666666666666666	0.3070676264634758	5.9	21.1	6.2	0.348	19.7	13.33	0	-1.24	0.207
Garret Anderson	CF	80	5	L	283	0.304029304029304	0.3215547703180212	0.4871794871794872	0.3472522804613578	1.8	16.1	21.2	0.33	36.1	0	0	0.64	3.392
Dave Henderson	CF	89	0	R	282	0.2518796992481203	0.2821428571428571	0.3684210526315789	0.2827932319898932	3.5	24.4	8.5	0.317	31.3	9.52	-1.06	1.7	1.277
Darrell Porter	C	74	0	L	278	0.1895161290322581	0.2627737226277372	0.2782258064516129	0.2446281792679814	8.3	32.7	6.5	0.267	34	0	0.43	-3.24	-0.216
Paul Konerko	1B	82	5	R	272	0.1660079051383399	0.2169117647058824	0.2727272727272727	0.2162158636877418	6.2	32.4	15.4	0.211	31	0	0	0.66	-3.309
Tuffy Rhodes	CF	81	0	L	262	0.2457627118644068	0.2996108949416342	0.3898305084745763	0.2971018973535549	7.3	24.6	20.6	0.287	27.6	0	-0.46	3.66	0
Elmer Smith	RF	88	0	L	262	0.2396694214876033	0.2977099236641221	0.4462809917355372	0.3219822979578717	7.6	21.5	25.2	0.263	44.8	7.69	-3.44	0.46	0.916
Steve O&#39;Neill	C	87	5	R	261	0.2446351931330472	0.3192307692307692	0.3562231759656652	0.2994059300462593	10	13.3	2.3	0.277	42.1	0	-1.15	2.99	3.678
Brant Alyea	LF	89	0	R	259	0.2060085836909871	0.2829457364341085	0.3433476394849785	0.2794799653743035	8.1	24.9	18.5	0.24	33.3	0	0	0.23	-0.927
Dixie Walker	RF	89	0	L	258	0.2362869198312236	0.2918287937743191	0.3248945147679325	0.2738114330586003	6.6	16.9	4.7	0.276	28.6	6.25	-1.16	-0.47	-2.326
Dave Nilsson	C	83	0	L	255	0.2564102564102564	0.3043478260869565	0.3974358974358974	0.3066597502155802	5.9	21.8	21.2	0.29	25	0	0	-1.65	0.941
Ceddanne Rafaela	CF	80	0	R	254	0.2738589211618258	0.3015873015873016	0.4273858921161826	0.3150943462410141	3.5	20.7	14.2	0.323	37.9	0	0	-1.89	1.654
Orlando Cabrera	SS	89	5	R	251	0.2231759656652361	0.268	0.3347639484978541	0.2643723141984514	5.6	10.7	9.6	0.233	30.8	12.5	0.72	4.78	1.912
Bid McPhee	2B	84	5	R	250	0.208695652173913	0.264	0.3304347826086956	0.2599123021503575	7.2	24.3	2.4	0.269	39.6	36.84	-4.08	0.48	1.2
Dan Pasqua	LF	79	0	L	248	0.2342342342342342	0.3089430894308943	0.3963963963963964	0.3105932364286543	9.7	31.5	21.8	0.301	34.6	0	-1.21	3.63	-0.726
Johnny Hayes	C	85	0	L	247	0.2844444444444444	0.3414634146341464	0.3466666666666667	0.3063041368705389	7.7	11.6	2.4	0.317	18.8	0	0.49	-3.4	3.401
Daulton Varsho	CF	81	0	L	243	0.2158590308370044	0.2592592592592592	0.3568281938325991	0.2684421300309767	5.3	28.2	14.8	0.27	38.8	5.26	-0.49	3.95	-0.247
Jeff Blauser	SS	88	5	R	241	0.2777777777777778	0.3485477178423236	0.4351851851851852	0.3423861507826508	9.1	23.6	14.9	0.338	35	4.76	-2.49	0.75	3.983
Charlie Condon	1B	79	0	R	238	0.2616822429906542	0.3319327731092437	0.411214953271028	0.3262655319159333	8.8	30.4	17.6	0.343	32.1	0	0	-2.52	2.521
Yasmani Grandal	C	79	5	S	237	0.2488038277511962	0.3375527426160337	0.3684210526315789	0.3156088890765161	11.8	21.1	17.7	0.285	21.2	0	1.27	3.29	5.316
Elmer Smith	LF	81	0	L	236	0.2824074074074074	0.3319148936170213	0.3611111111111111	0.3049787590209949	7.2	15.3	2.5	0.326	19.7	25	-0.76	-2.29	-0.254
John Jaha	1B	82	0	R	234	0.2634146341463415	0.3504273504273504	0.4390243902439024	0.344116612858534	11.5	31.2	20.5	0.343	37	0	0	1.28	4.103
Casey Candaele	2B	71	0	S	231	0.1962616822429906	0.2355555555555555	0.2757009345794392	0.2262284767903246	3.9	22.9	2.6	0.25	26.2	36.36	0	3.9	-1.039
Ketel Marte	2B	82	0	S	228	0.2688679245283019	0.3097345132743363	0.4339622641509434	0.3224046372155678	4.8	17	18.4	0.294	36.8	0	0	4.21	2.632
Fred Schulte	CF	86	5	R	224	0.2415458937198068	0.2825112107623318	0.3864734299516908	0.2883809331349275	5.4	17.9	16.1	0.263	36	0	0	-2.68	-0.536
Tommie Agee	CF	82	5	R	223	0.2631578947368421	0.3018018018018018	0.3971291866028708	0.3041421149712161	5.4	27.8	13.5	0.34	30.9	5.88	-3.5	0.54	0.538
Mike Cameron	CF	82	0	R	223	0.2777777777777778	0.3378995433789954	0.4343434343434344	0.3359352782290506	8.1	27.8	16.1	0.353	34.5	0	-0.54	5.38	2.96
Cody Bellinger	LF	86	0	L	222	0.2205128205128205	0.2930232558139535	0.4102564102564102	0.3075449300327908	7.7	22.6	18.9	0.25	53.5	0	-1.35	-0.27	0
Spoony Palm	C	79	0	R	220	0.2535885167464115	0.2660550458715596	0.4354066985645933	0.2983213135528852	1.8	16.3	21.8	0.263	39.6	4.76	0	3.55	3.545
Carter Jensen	C	89	5	L	212	0.2032085561497326	0.2843601895734597	0.3582887700534759	0.2816393032880443	9.9	25.1	17	0.235	39.5	13.33	1.7	-6.79	0
Jim Dyck	3B	82	5	R	211	0.2771739130434783	0.3601895734597156	0.4456521739130435	0.3510417392556819	9.5	23.9	11.4	0.341	41.2	9.52	0	2.56	3.981
Kevin McGonigle	SS	88	0	L	204	0.2872340425531915	0.3349753694581281	0.4308510638297872	0.3329603801847877	6.4	16.5	11.8	0.325	33.3	5.56	-0.59	0.59	2.647
Joe Morgan	2B	65	0	L	204	0.2359550561797753	0.3284313725490196	0.3483146067415731	0.3038718552307357	11.3	17.4	14.7	0.259	23.8	0	0.88	2.94	2.059
Otto Schomberg	1B	87	0	L	201	0.172972972972973	0.2288557213930348	0.2918918918918919	0.2296755847391266	7	23.8	9	0.207	40.6	23.08	0	0	-2.985
Jake Daubert	1B	86	0	L	200	0.2417582417582418	0.3	0.3021978021978022	0.2695788743550995	7.5	18.7	6	0.284	13.6	16.67	0.6	1.2	-1.2
Buck O&#39;Neil	1B	84	0	R	198	0.2513661202185792	0.299492385786802	0.3333333333333333	0.2789559910576231	5.6	16.4	0	0.299	23.9	36.36	-1.52	2.42	0
Brian Harper	C	83	5	R	197	0.3678756476683938	0.3705583756345178	0.4974093264248705	0.3728314247152659	0.5	8.3	3	0.393	32.4	0	0	-11.88	3.35
Jay Bell	SS	82	0	R	187	0.2378048780487805	0.2989130434782609	0.2926829268292683	0.2651771998847111	8	26.2	6.4	0.301	12.8	0	-0.64	-1.93	-0.963
Danny Jansen	C	88	0	R	185	0.2228915662650602	0.2677595628415301	0.3132530120481928	0.2518091256217525	6.5	21.7	3.2	0.269	35.1	0	0	-2.59	-0.324
Otto Schomberg	1B	87	5	L	183	0.3053892215568862	0.3497267759562842	0.4550898203592814	0.3467738519084662	7.1	17.4	16.4	0.338	23.5	25	-2.95	0.98	2.951
Miguel Sano	3B	77	0	R	180	0.1867469879518072	0.2444444444444444	0.3012048192771085	0.2391777175110256	7.2	39.8	10	0.286	35.5	18.18	0	-2	-2.667
Edgar Martinez	DH	84	0	R	177	0.2025316455696203	0.2824858757062147	0.2658227848101266	0.2481271397002498	10.2	17.1	6.8	0.231	18.8	0	0	-0.68	-3.051
Ivan Herrera	C	89	0	R	161	0.1849315068493151	0.25625	0.3287671232876712	0.2601102048550576	8.1	21.2	18.6	0.2	37	10	0	0	-2.236
Dave Nilsson	C	83	5	L	158	0.2740740740740741	0.3544303797468354	0.4370370370370371	0.3411257492846094	11.4	24.4	19	0.317	32.4	0	0	-3.8	2.658
Dan Pasqua	LF	79	5	L	157	0.2428571428571429	0.3248407643312102	0.4357142857142857	0.3331455678101901	10.8	31.4	30.6	0.295	32.4	0	0	-0.76	2.675
Kid Elberfeld	2B	82	5	R	156	0.2949640287769784	0.3717948717948718	0.3741007194244604	0.3322849349207506	10.3	8.6	0	0.323	24.4	10	1.92	-3.85	3.077
Red Rolfe	3B	87	0	L	155	0.2464788732394366	0.3032258064516129	0.4084507042253521	0.3070048278016331	7.7	16.9	15.5	0.27	40	7.14	0	2.71	3.484
Brian McCann	C	84	0	L	149	0.2307692307692308	0.2483221476510067	0.3286713286713286	0.2500180941062609	2	17.5	8.1	0.263	30.3	0	-2.01	-0.81	-0.805
Paul Konerko	1B	82	0	R	147	0.218978102189781	0.2602739726027397	0.4160583941605839	0.2921471912023552	5.4	26.3	32.7	0.234	36.7	0	0	1.63	1.224
Brant Alyea	LF	89	5	R	147	0.2647058823529412	0.3129251700680272	0.4411764705882353	0.3240368711142984	6.1	19.9	20.4	0.295	38.9	0	0	1.22	0.408
Will Smith	C	84	0	R	145	0.2575757575757576	0.3194444444444444	0.3863636363636364	0.3112724236003027	8.3	34.1	16.6	0.361	26.5	0	0	-2.9	2.483
Frank Howard	LF	81	5	R	143	0.2769230769230769	0.3356643356643357	0.4615384615384616	0.3449090401719742	8.4	30	21	0.356	38.9	0	0	-5.87	2.937
Oscar Charleston	CF	89	5	L	142	0.1818181818181818	0.2285714285714286	0.2575757575757576	0.2181074000397764	4.9	20.5	8.5	0.214	25	0	0	0.85	-1.268
Billy Herman	2B	88	5	R	141	0.1472868217054264	0.2014388489208633	0.186046511627907	0.1777966362729584	6.4	17.8	0	0.178	21.1	25	0	1.7	-5.532
Jeferson Quero	C	80	0	R	140	0.203125	0.2714285714285714	0.2734375	0.2469045220648163	8.6	25.8	8.6	0.258	15.4	25	0	-2.14	1.714
Nico Hoerner	2B	76	0	R	139	0.2258064516129032	0.2814814814814815	0.2822580645161291	0.2536086754282263	5.8	12.9	4.3	0.25	17.9	0	0	0.86	-1.295
Mike Grady	C	87	0	R	136	0.2677165354330709	0.3161764705882353	0.4960629921259843	0.3490801613105327	4.4	25.2	26.5	0.315	41.2	21.43	0	-2.21	4.853
Alejandro Kirk	C	88	0	R	135	0.1544715447154472	0.2074074074074074	0.2276422764227642	0.1960715949792747	5.2	24.4	8.9	0.181	26.3	0	0	-6.22	-1.778
Pete Alonso	1B	84	0	R	134	0.1854838709677419	0.2238805970149254	0.2903225806451613	0.2250153002033349	5.2	27.4	13.4	0.222	30.4	0	0	0.45	-2.239
Quincy Trouppe	C	84	0	S	134	0.2436974789915966	0.3	0.3445378151260504	0.2847785051645538	6.7	21.8	9	0.293	24.1	14.29	0	2.69	-0.896
Mickey Tettleton	C	69	0	S	131	0.2432432432432433	0.3587786259541985	0.4414414414414414	0.3522969212089611	14.5	30.6	27.5	0.296	33.3	11.11	0	0	5.038
Carl Crawford	LF	81	1	L	130	0.2983870967741936	0.3307692307692308	0.4596774193548387	0.3408265077023189	3.1	20.2	9.2	0.361	32.4	33.33	3.69	7.85	3.692
Ken Griffey Jr.	RF	78	0	L	129	0.2710280373831775	0.3875968992248062	0.4018691588785047	0.348681691433	16.3	20.6	14	0.313	24.1	14.29	-2.33	-2.33	-0.465
Carlos May	LF	86	0	L	128	0.2644628099173554	0.3046875	0.3223140495867768	0.2782006454275145	3.9	22.3	0	0.34	18.8	16.67	0.94	-7.5	-0.938
Dale Murphy	CF	88	0	R	128	0.2142857142857143	0.3125	0.2946428571428572	0.2744307037378715	12.5	33.9	9.4	0.306	16.7	25	0	3.28	-0.469
Mack Jones	LF	84	5	L	126	0.3392857142857143	0.4126984126984127	0.5535714285714286	0.4164707554874057	10.3	25	23.8	0.418	36.8	0	0	9.52	7.619
Mickey Vernon	1B	83	0	L	123	0.3333333333333333	0.3658536585365854	0.5299145299145299	0.3841462405007789	4.9	13.7	14.6	0.367	35.9	21.43	0	-7.8	5.366
Bug Holliday	LF	87	0	R	123	0.2352941176470588	0.2520325203252032	0.3781512605042017	0.270798360781612	1.6	16.8	14.6	0.258	32.1	22.22	-2.44	-0.98	-2.439
Ivan Rodriguez	C	76	0	R	123	0.2068965517241379	0.2520325203252032	0.3103448275862069	0.2483636896394401	5.7	22.4	9.8	0.25	29.2	14.29	0	-1.46	0.488
Maury Wills	SS	78	0	S	121	0.2314814814814815	0.288135593220339	0.3055555555555556	0.2638734272160465	7.4	13.9	0	0.266	28	14.29	5.45	0.5	1.983
Howie Kendrick	1B	88	0	R	121	0.3070175438596491	0.3388429752066116	0.4824561403508772	0.3547003021059389	2.5	14.9	24.8	0.323	28.6	0	0	0.5	3.967
Jake Stahl	1B	86	0	R	120	0.2321428571428572	0.2773109243697479	0.4375	0.306932707759378	5.8	30.4	20	0.297	42.3	36.36	0	0.5	0.5
Jose Cruz Jr.	CF	81	0	S	120	0.2407407407407407	0.3050847457627119	0.3240740740740741	0.2811890989375788	8.3	20.4	5	0.294	26.9	0	0	2.5	-1.5
Moises Ballesteros	DH	84	0	L	119	0.2777777777777778	0.3389830508474576	0.5092592592592593	0.3649692502416921	8.4	21.3	25.2	0.312	50	0	0	4.03	5.042
Dolph Camilli	1B	76	0	L	118	0.1944444444444444	0.2542372881355932	0.3240740740740741	0.25536369786575	6.8	34.3	15.3	0.261	33.3	14.29	0	4.07	-0.508
Johnny Gooch	C	81	0	S	116	0.2336448598130841	0.2672413793103448	0.2616822429906542	0.2346331456935133	5.2	10.3	0	0.253	12	0	0	3.1	-1.034
Tim Jordan	1B	83	0	L	113	0.219047619047619	0.2654867256637168	0.4095238095238095	0.2915715976812037	5.3	27.6	26.5	0.25	39.1	11.11	-2.65	7.43	-1.062
Andre Dawson	CF	77	5	R	113	0.2549019607843137	0.3035714285714285	0.3725490196078431	0.2954332325392808	7.1	22.5	15.9	0.295	23.1	0	1.59	0	0
Ian Happ	LF	79	0	S	111	0.2525252525252525	0.3055555555555556	0.4444444444444444	0.3223288246578079	7.2	31.3	16.2	0.333	44	18.18	-2.7	-2.16	1.081
Jason Kipnis	2B	81	0	L	105	0.1868131868131868	0.2596153846153846	0.2417582417582418	0.2285436952852909	8.6	27.5	5.7	0.235	17.6	0	1.14	5.14	-2.286
Oliver Marcell	3B	87	0	R	98	0.2298850574712644	0.2959183673469388	0.3793103448275862	0.2942768615360759	9.2	19.5	18.4	0.246	30	16.67	-3.06	3.67	3.061
Fernando Tatis Jr.	RF	83	0	R	96	0.2183908045977012	0.2688172043010753	0.2758620689655172	0.2455147100615092	4.2	21.8	6.2	0.269	15.8	0	1.88	1.25	-1.25
Smoky Joe Wood	LF	87	0	R	96	0.2359550561797753	0.2708333333333333	0.3820224719101123	0.2815024960334433	4.2	27	18.8	0.281	28.6	16.67	0	-5.62	0
Leroy Morney	SS	83	0	S	96	0.2209302325581395	0.2842105263157895	0.313953488372093	0.2656365793660934	7.3	19.8	6.2	0.261	21.1	50	1.88	-1.25	1.25
Jules Thomas	CF	86	0	R	96	0.1847826086956522	0.2105263157894737	0.2608695652173913	0.2072972990419156	3.1	15.2	6.2	0.208	23.5	25	0	-0.62	-4.375
Ray Dandridge	3B	88	1	R	95	0.2417582417582418	0.2736842105263158	0.3296703296703297	0.2643939758334469	2.1	13.2	0	0.278	27.3	33.33	-3.16	1.89	0
Kyle Tucker	RF	79	0	L	94	0.2528735632183908	0.2903225806451613	0.5172413793103449	0.3421668534820707	5.3	26.4	31.9	0.283	54.5	8.33	0	0.64	3.191
Adley Rutschman	C	77	0	S	94	0.2325581395348837	0.2659574468085106	0.3604651162790697	0.2687539434036571	5.3	19.8	6.4	0.268	45	0	-3.19	5.11	0.638
Buck Ewing	C	82	0	R	90	0.3103448275862069	0.3333333333333333	0.4022988505747127	0.3211108462553316	2.2	19.5	6.7	0.377	18.5	20	1.33	8	2
Wilyer Abreu	RF	81	0	L	89	0.2469135802469136	0.2954545454545455	0.345679012345679	0.2814390900101205	5.6	19.8	0	0.303	40	0	0	-7.42	-1.348
Jackie Brandt	CF	87	0	R	89	0.2439024390243902	0.2840909090909091	0.3048780487804878	0.2598517026379059	5.6	31.7	0	0.351	20	25	2.02	-1.35	0.674
Geraldo Perdomo	SS	87	0	S	87	0.2125	0.2758620689655172	0.3875	0.2902649497134293	6.9	20	20.7	0.23	41.2	14.29	1.38	0.69	2.069
Roman Anthony	RF	81	0	L	84	0.2592592592592592	0.2738095238095238	0.3950617283950617	0.2871536630688469	2.4	18.5	14.3	0.292	28.6	16.67	0	-0.71	0.714
Roger Bresnahan	C	83	0	R	83	0.2058823529411765	0.3373493975903614	0.3088235294117647	0.296960974060786	13.3	22.1	7.2	0.245	28.6	25	0	1.45	2.892
Max Muncy	3B	85	0	L	82	0.1857142857142857	0.2962962962962963	0.3571428571428572	0.2929471389838841	11	24.3	22	0.2	38.5	20	0	6.59	0
Pinky Whitney	3B	82	1	R	81	0.28	0.3333333333333333	0.4	0.3228606078776056	6.2	21.3	14.8	0.333	23.8	0	0	-2.22	2.963
Hector Lopez	LF	85	0	R	81	0.2162162162162162	0.275	0.3378378378378378	0.2715467094091318	7.4	32.4	14.8	0.292	31.2	0	0	5.93	0.741
Mike Cameron	CF	82	5	R	81	0.25	0.3209876543209876	0.3194444444444444	0.287859889776983	7.4	30.6	7.4	0.34	16.7	0	0	-2.96	0
George Strickland	SS	80	0	R	80	0.2191780821917808	0.24	0.3972602739726027	0.2740235703129292	2.5	21.9	22.5	0.241	37.5	16.67	0	0.75	-0.75
Marcell Ozuna	DH	78	0	R	79	0.1805555555555556	0.2531645569620253	0.25	0.2300669493835996	8.9	26.4	7.6	0.231	23.1	0	0	3.04	-3.797
Hal McRae	LF	88	0	R	77	0.2676056338028169	0.3116883116883117	0.4507042253521127	0.329424180541089	5.2	16.9	31.2	0.268	26.3	0	-8.57	7.79	0.779
Gene Richards	LF	65	0	L	77	0.2957746478873239	0.3421052631578947	0.4225352112676056	0.3334008459948298	6.5	9.9	7.8	0.317	28.6	16.67	6.23	14.03	5.455
Joe Mack	C	74	0	L	76	0.2222222222222222	0.25	0.3472222222222222	0.2589373341098051	3.9	23.6	15.8	0.259	31.2	0	0	0	2.368
Earl Torgeson	1B	72	0	L	73	0.2686567164179104	0.3194444444444444	0.4776119402985075	0.3444300748527634	6.8	23.9	32.9	0.298	27.8	20	0	-9.04	2.466
Owen Caissie	RF	78	5	L	72	0.1515151515151515	0.2083333333333333	0.3181818181818182	0.2304705625589861	6.9	34.8	25	0.171	50	0	0	1.67	-2.5
Julio Franco	1B	78	0	R	72	0.2857142857142857	0.3055555555555556	0.4	0.3021186814998224	2.8	17.1	16.7	0.321	20	0	0	0	1.667
Brent Rooker	RF	86	0	R	71	0.2121212121212121	0.2676056338028169	0.3484848484848485	0.2716028717068377	7	18.2	16.9	0.231	35.7	0	2.54	-2.54	-1.69
Jackie Bradley Jr.	CF	69	0	L	71	0.1746031746031746	0.2394366197183098	0.253968253968254	0.2216556075731555	5.6	28.6	0	0.234	45.5	0	-1.69	2.54	-3.38
Ron Northey	RF	83	5	L	71	0.1515151515151515	0.2112676056338028	0.196969696969697	0.1814012437816181	5.6	21.2	0	0.192	30	0	0	-0.85	-5.915
Jeff Blauser	SS	88	1	R	71	0.2222222222222222	0.3098591549295774	0.4444444444444444	0.3286643458861308	9.9	20.6	25.4	0.234	57.1	0	0	-6.76	2.535
Felipe Lopez	SS	68	5	S	66	0.3220338983050847	0.3939393939393939	0.5932203389830508	0.4218909760920586	10.6	16.9	36.4	0.333	42.1	0	0	0.91	7.273
Norm Cash	1B	80	5	L	65	0.2711864406779661	0.3384615384615385	0.4576271186440678	0.3417059332577634	9.2	15.3	27.7	0.277	31.2	0	0	-13.85	0.923
Andre Dawson	CF	77	0	R	63	0.1904761904761905	0.1904761904761905	0.2063492063492063	0.1735440639724951	0	20.6	0	0.24	8.3	0	5.71	0	-5.714
Steve Finley	CF	89	1	L	63	0.2295081967213115	0.253968253968254	0.3114754098360656	0.246780178531754	3.2	11.5	0	0.259	28.6	25	-9.52	-9.52	-3.81
Mike Stanley	C	80	0	R	62	0.2592592592592592	0.3548387096774194	0.5555555555555556	0.3854149071184833	12.9	9.3	48.4	0.205	42.9	0	0	-0.97	5.806
Jake Beckley	1B	85	0	L	62	0.1833333333333333	0.2096774193548387	0.35	0.2410655603591275	3.2	16.7	19.4	0.188	45.5	20	0	5.81	-1.935
Dave Harris	LF	67	0	R	58	0.169811320754717	0.2280701754385965	0.2075471698113208	0.1994041296300606	6.9	24.5	0	0.225	11.1	100	0	0	-5.172
Whitey Kurowski	3B	84	0	R	58	0.25	0.3275862068965517	0.4615384615384616	0.3409466687549492	10.3	17.3	20.7	0.268	38.5	40	0	-1.03	3.103
Wally Berger	LF	83	0	R	58	0.2857142857142857	0.293103448275862	0.6071428571428571	0.3777039843718087	1.7	28.6	51.7	0.306	43.8	14.29	0	5.17	6.207
Jim Dyck	3B	82	0	R	57	0.196078431372549	0.2321428571428572	0.3137254901960784	0.226810005068992	5.3	33.3	10.5	0.257	30	33.33	0	-2.11	-4.211
Johnny Blanchard	C	81	5	L	57	0.25	0.2631578947368421	0.4285714285714285	0.2972014443117976	1.8	23.2	21.1	0.293	42.9	0	0	0	1.053
Dick Allen	3B	79	0	R	56	0.2291666666666667	0.3392857142857143	0.3125	0.2990637130368338	12.5	31.2	10.7	0.312	18.2	0	-10.71	-5.36	-1.071
Julio Rodriguez	CF	85	0	R	55	0.2115384615384615	0.2545454545454545	0.2692307692307692	0.2355889348058114	3.6	19.2	10.9	0.244	9.1	0	2.18	2.18	-3.273
Brian McRae	CF	84	0	S	55	0.1372549019607843	0.2	0.2156862745098039	0.1904147788163942	7.3	29.4	10.9	0.171	28.6	0	0	2.18	-6.545
Sherm Lollar	C	82	0	R	54	0.3617021276595745	0.4444444444444444	0.425531914893617	0.3863928220044971	13	17	0	0.436	17.6	0	0	3.33	5.556
Luis Arraez	2B	80	0	L	53	0.14	0.1886792452830189	0.18	0.1697407563023727	3.8	12	0	0.159	28.6	0	0	-5.66	-7.925
Hal McRae	LF	88	5	R	53	0.2222222222222222	0.3396226415094339	0.2666666666666667	0.2838001628325713	13.2	31.1	0	0.323	20	0	0	3.4	0
Jhonny Peralta	SS	82	0	R	53	0.1836734693877551	0.2264150943396226	0.2244897959183673	0.2023170445338695	5.7	34.7	0	0.273	22.2	0	0	-4.53	-2.264
Hunter Goodman	C	79	0	R	52	0.163265306122449	0.1923076923076923	0.2653061224489796	0.1994559111625748	3.8	32.7	11.5	0.212	37.5	0	0	0	-3.462
Kid Elberfeld	2B	82	0	R	52	0.2826086956521739	0.3653846153846154	0.4130434782608696	0.3417352592187951	9.6	8.7	0	0.31	30.8	50	0	5.77	5.769
Sam Leslie	1B	88	5	L	51	0.2448979591836735	0.2352941176470588	0.3061224489795918	0.2293849253686691	0	16.3	0	0.279	25	0	0	4.71	-3.529
Asdrubal Cabrera	SS	85	5	S	51	0.3125	0.3529411764705883	0.4791666666666667	0.3611243779059362	5.9	20.8	23.5	0.361	26.7	0	0	3.53	7.059
Bo Bichette	SS	83	0	R	50	0.1956521739130435	0.26	0.2391304347826087	0.2280860629418041	8	23.9	0	0.257	22.2	0	-8.4	3.6	-3.6
Dixie Walker	RF	89	5	L	50	0.25	0.3877551020408163	0.275	0.3124151231974145	18	12.5	0	0.286	10	0	0	4.8	0
Jules Thomas	CF	86	5	R	49	0.3111111111111111	0.3469387755102041	0.5111111111111111	0.3578691027452836	6.1	20	12.2	0.361	50	0	0	3.67	2.449
Brian Giles	RF	88	0	L	49	0.2173913043478261	0.2653061224489796	0.4565217391304348	0.3100533300506125	6.1	10.9	36.7	0.184	40	25	0	0	0
Jack Burdock	2B	87	5	R	49	0.2391304347826087	0.2857142857142857	0.3043478260869565	0.2617478828293012	6.1	21.7	0	0.306	18.2	50	0	3.67	2.449
Mike Fitzgerald	C	72	0	R	48	0.1521739130434783	0.1875	0.2608695652173913	0.1964771509177585	4.2	21.7	0	0.194	71.4	0	0	-5	-6.25
Gunnar Henderson	SS	73	0	L	47	0.2894736842105263	0.4130434782608696	0.631578947368421	0.4436591035115221	12.8	28.9	51.1	0.304	45.5	0	2.55	0	10.213
Dave Rader	C	72	0	L	46	0.3095238095238095	0.3695652173913043	0.4285714285714285	0.3513625965086877	6.5	9.5	13	0.324	23.1	0	0	-2.61	2.609
Danny Jansen	C	88	5	R	45	0.2195121951219512	0.2888888888888889	0.4634146341463415	0.3255663688513208	8.9	29.3	40	0.231	44.4	0	0	2.67	1.333
Garry Templeton	SS	78	5	S	44	0.2857142857142857	0.3181818181818182	0.4761904761904762	0.3408713299336238	4.5	16.7	13.6	0.324	41.7	20	0	10.91	4.091
Dick Green	2B	81	0	R	42	0.175	0.1904761904761905	0.25	0.1915627593511633	2.4	17.5	14.3	0.182	14.3	0	0	-7.14	-2.857
Spottswood Poles	CF	85	1	S	42	0.3	0.3333333333333333	0.3	0.2836570957640467	4.8	22.5	0	0.387	0		8.57	12.86	2.857
Nate Colbert	1B	80	0	R	42	0.2702702702702703	0.3333333333333333	0.5135135135135135	0.3590252379808172	7.1	21.6	28.6	0.286	40	25	0	0	2.857
Rickey Henderson	LF	68	0	R	42	0.1052631578947368	0.1666666666666667	0.1052631578947368	0.1324134645210778	7.1	42.1	0	0.174	0		4.29	5.71	-7.143
Yasmani Grandal	C	79	0	S	41	0.1351351351351351	0.2195121951219512	0.1891891891891892	0.1931543120992907	7.3	18.9	0	0.167	40	0	0	1.46	-2.927
Frank Howard	LF	81	0	R	41	0.3333333333333333	0.3902439024390244	0.5	0.383603123971186	7.3	22.2	29.3	0.37	16.7	0	0	-7.32	2.927
George Springer	RF	72	0	R	40	0.2564102564102564	0.275	0.3846153846153846	0.286216016710218	2.5	25.6	15	0.321	30	0	0	0	0
Norm Cash	1B	80	0	L	40	0.1388888888888889	0.225	0.3333333333333333	0.2481000026120158	10	25	30	0.12	60	0	0	6	1.5
Arky Vaughan	LF	75	0	L	40	0.2105263157894737	0.2	0.3421052631578947	0.2252176951715912	0	21.1	15	0.226	37.5	0	0	4.5	-1.5
Terry Puhl	RF	80	0	L	39	0.1714285714285714	0.1794871794871795	0.2285714285714286	0.1723629275533311	2.6	14.3	0	0.182	33.3	0	0	0	-7.692
Larry Doyle	2B	85	0	L	39	0.2368421052631579	0.2368421052631579	0.3157894736842105	0.2384468837283472	0	15.8	0	0.281	33.3	0	0	-3.08	-3.077
Dave Brain	3B	68	0	R	39	0.4358974358974359	0.4358974358974359	0.8205128205128205	0.5367485963587848	0	10.3	61.5	0.419	41.2	0	0	4.62	16.923
Jason Giambi	1B	82	5	L	38	0.1621621621621622	0.1842105263157895	0.2432432432432433	0.1869692567459837	2.6	32.4	0	0.24	50	0	0	-1.58	-7.895
Al Simmons	CF	89	1	R	38	0.1666666666666667	0.2105263157894737	0.3055555555555556	0.2256580670401891	5.3	19.4	15.8	0.179	33.3	50	4.74	-6.32	-6.316
Keon Broxton	CF	65	0	R	38	0.1515151515151515	0.2631578947368421	0.1818181818181818	0.2154278737531039	13.2	39.4	0	0.25	20	0	4.74	0	-1.579
Jim Gilliam	2B	85	0	S	38	0.2941176470588235	0.3421052631578947	0.3823529411764706	0.3153867757746718	7.9	26.5	0	0.385	30	0	0	-9.47	1.579
Johnny Hayes	C	85	5	L	37	0.1875	0.2777777777777778	0.21875	0.2328882209221613	10.8	25	0	0.25	16.7	0	0	1.62	0
Vic Power	1B	76	5	R	37	0.2162162162162162	0.2162162162162162	0.2162162162162162	0.190100872945941	0	16.2	0	0.258	0		0	6.49	-3.243
Devin Mesoraco	C	82	0	R	36	0.2941176470588235	0.3333333333333333	0.5588235294117647	0.3828896105646308	5.6	17.6	50	0.28	30	0	0	0	6.667
Clint Thomas	CF	88	1	R	33	0.4285714285714285	0.5151515151515151	0.7857142857142857	0.5436344908085943	12.1	17.9	36.4	0.476	50	0	0	-1.82	12.727
Julio Lugo	SS	73	0	R	33	0.1515151515151515	0.1515151515151515	0.2424242424242424	0.1680034979447662	0	15.2	0	0.179	60	0	0	7.27	-3.636
Heinie Zimmerman	3B	82	5	R	32	0.2903225806451613	0.3125	0.4193548387096774	0.3183358296645712	3.1	19.4	18.8	0.333	22.2	0	0	0	3.75
Max Bishop	2B	83	0	L	32	0.2857142857142857	0.375	0.2857142857142857	0.3049916076931342	12.5	21.4	0	0.364	0		0	-1.88	1.875
Spottswood Poles	CF	85	5	S	32	0.3214285714285715	0.3870967741935484	0.3928571428571428	0.3456911419548052	6.2	7.1	0	0.346	11.1	100	0	0	1.875
Tim Jordan	1B	83	5	L	31	0.2592592592592592	0.3548387096774194	0.4444444444444444	0.3489426664029807	12.9	33.3	19.4	0.353	28.6	50	0	-9.68	0
Jimmy Johnston	2B	80	0	R	31	0.2142857142857143	0.2903225806451613	0.25	0.2484669731097641	9.7	10.7	0	0.24	16.7	0	0	-1.94	0
Goose Curry	C	83	0	L	31	0.3214285714285715	0.3870967741935484	0.4642857142857143	0.3725724555760166	9.7	25	19.4	0.4	22.2	0	0	0	3.871
Owen Caissie	RF	78	0	L	31	0.2962962962962963	0.3548387096774194	0.3703703703703703	0.3185637619806687	6.5	22.2	0	0.364	25	0	0	0	3.871
Tim McCarver	C	68	0	L	31	0.4137931034482759	0.4516129032258064	0.5862068965517241	0.4480185009662515	6.5	6.9	19.4	0.423	25	0	-9.68	-5.81	7.742
Johnny Neun	1B	63	0	S	30	0.5	0.6	0.625	0.5249787385465364	20	8.3	0	0.545	16.7	50	-6	16	12
Jesus Aguilar	1B	85	0	R	30	0.3571428571428572	0.4	0.3571428571428572	0.338505498244667	6.7	21.4	0	0.455	0		0	-20	2