# CAP key=ironquick__20260313 role=hit label=Iron Quick type=Quick env=current variants=all_cards obsval=40-59 minIP=null minPA=30 dates=2026-07-05..2026-07-19 recordsTotal=428 rows=428
Name	POS	VAL	VLvl	Hand	PA	AVG	OBP	SLG	wOBA	BBpct	SOpct	HR600	BABIP	XBHpct	3B/XBH	wSB600	UBR600	WAR600
Willy Adames	SS	59	0	R	39770	0.2268547402685474	0.2750113287347062	0.4051539400515394	0.2978463951125174	5.8	28.8	24	0.271	40.2	0.65	-0.21	1.89	3.319
Jason Heyward	RF	57	0	L	31707	0.2598570040261002	0.3176135464472227	0.3611342496182146	0.3025830077399949	7.4	13.4	6.9	0.287	26.2	11.25	-0.77	3.22	1.552
Ken Berry	LF	55	0	R	29874	0.2624549267790124	0.3183821797503281	0.3832879534917948	0.3112557147545948	7.1	17.2	11.2	0.297	28.8	5.7	-0.57	3.46	2.398
Troy Glaus	3B	58	0	R	22185	0.2244070233083479	0.31020168749718	0.3982955128863333	0.3141567941331151	10.6	26.3	21.2	0.261	39.7	4.84	-0.33	1.79	2.269
Jackie Robinson	1B	58	0	R	15962	0.2626220652399751	0.3205427579678132	0.3958722903248147	0.3163128448339822	7.5	14.5	13.1	0.284	29.8	8.58	0.2	3.36	1.74
Aaron Boone	3B	59	0	R	15695	0.2398936532824323	0.2743431221020093	0.3711227759220124	0.2836686797423997	4.1	19.1	13.3	0.272	32	8.87	0.07	1.27	2.057
Gregg Zaun	C	59	0	S	13196	0.2294824882383691	0.3180713743356112	0.3384736016727653	0.2968994941493461	11.1	16.8	9.1	0.257	31.4	2.78	-0.07	-4.13	2.101
Tom Herr	2B	58	0	S	12886	0.2673353685128653	0.3405842137973897	0.3597034452682076	0.3136625535773629	9.6	16.6	3.9	0.312	27.7	5.31	2.36	-0.2	2.044
Nico Hoerner	2B	48	0	R	9266	0.2565253336482816	0.3100943293939065	0.3214834061651116	0.2833455143275011	6.8	15.1	1.2	0.297	20.8	13.27	-0.63	1.47	1.379
Will Venable	RF	59	0	L	9232	0.2142261408316454	0.2726676145685223	0.3364708685809603	0.2723048685354107	6.8	28	14.6	0.268	30	6.67	-0.38	0.32	-0.832
Jim Tabor	3B	54	0	R	9074	0.2711984005645067	0.3069623744896833	0.4772433258849818	0.339323203458892	4.7	19.1	27.8	0.288	37.2	6.06	-0.17	1.3	3.981
Freddy Galvis	SS	58	0	S	8903	0.2520218839200761	0.2820049672612328	0.3912940057088487	0.2950187742240828	3.6	23.6	16.3	0.3	31.8	2.08	-0.09	-1.09	2.783
Matt Davidson	1B	56	0	R	8696	0.2429869616752272	0.3304958012193719	0.4354010272619518	0.3373053526937334	11.3	28.1	25	0.287	39.9	0	0	-4.83	1.856
Jesus Alou	RF	59	0	R	8433	0.2876712328767123	0.3085979307884409	0.3889165628891657	0.3049715042429252	2.7	7.8	1.4	0.306	30.5	9.65	-0.57	2.02	0.484
Aaron Boone	3B	59	5	R	7924	0.2584134615384616	0.2889704951247309	0.4042467948717949	0.302855032051362	3.9	18.2	14.7	0.29	32.5	11.92	0.08	1.46	2.991
Lou Brock	CF	51	5	L	7886	0.280726063461272	0.334517766497462	0.451988360814743	0.3434559818017598	7	20.1	14.1	0.327	36.5	17.19	-0.41	2.55	3.15
Bip Roberts	2B	59	0	S	7580	0.2360483753460586	0.2939292861907938	0.302491621739764	0.2700979996902056	7	18.5	5	0.279	18	13.01	0.05	2.37	-0.356
Tony Gwynn	CF	58	0	L	7424	0.2688219018494248	0.3109665175545615	0.3580894131352847	0.2967881372798583	5.2	14.3	2.3	0.307	26.4	14.14	-0.05	4.01	0.946
Esteban Quiroz	2B	56	5	L	6834	0.2736156351791531	0.3370440896440604	0.4097719869706841	0.3294051000762638	8.4	17.8	14.4	0.306	28.9	4.74	-0.18	-0.41	1.844
Joe Scott	1B	54	5	L	6622	0.2332709007321641	0.311884935654807	0.4093308360292865	0.3179096668284823	9.9	20.1	15.9	0.262	40.5	23.24	-0.14	-1.28	1.477
Gus Zernial	LF	59	5	R	6356	0.2679727427597955	0.3165512901195721	0.4747870528109029	0.3440100212361443	6.2	23.1	30.1	0.295	34.3	6.67	-0.05	-2.01	1.86
Grady Sizemore	RF	53	5	L	6140	0.2684636118598383	0.3282268578878748	0.4159928122192273	0.327959142893607	7.8	16.6	15.8	0.294	31.8	4.63	-0.27	0.44	1.27
Taylor Walls	SS	59	0	S	6138	0.2220163083765752	0.3005455447181352	0.3002223869532987	0.2742268947827224	9.5	23.4	3.5	0.281	26.5	10.41	1.07	0.72	0.704
Ron Hansen	SS	58	0	R	6114	0.2285714285714286	0.3158414212863958	0.3231203007518797	0.2907891380806165	11	12.8	8.6	0.245	26.5	1.55	-0.64	1.26	2.287
Tom Herr	2B	58	5	S	5920	0.2751923076923077	0.3548114324370032	0.3790384615384615	0.3278144625764556	10.7	14.3	4.1	0.312	29.9	7.48	2.42	0.53	3.304
Jeimer Candelario	3B	56	0	S	5622	0.2603217677844544	0.3125667497330011	0.3942624539639465	0.3114603801052469	6.7	22.9	8.8	0.32	37.8	3.94	-0.09	-0.54	1.419
Wilmer Flores	1B	59	0	R	5370	0.249500599280863	0.2883504193849021	0.359168997203356	0.2857282977114179	5	9.7	9.9	0.258	29	2.49	0	-2.51	-0.101
Jim Hickman	CF	56	0	R	5069	0.2406371071889798	0.2911067193675889	0.4358588032716315	0.3165706140061594	6.4	21.5	24.9	0.26	43.3	0.62	-0.09	-1.43	1.314
Michael Young	SS	59	5	R	5060	0.24569810498802	0.3064899089829838	0.3552602918754084	0.2955292062952073	7.5	17.3	11.3	0.276	26.7	3.99	0.62	0.76	2.099
Andrew Benintendi	LF	59	0	L	4881	0.247309365697275	0.3151165188698701	0.366155255324021	0.3037423619737344	8.6	20.7	7.9	0.296	33.4	8.31	0.48	0.37	-0.234
Ted Easterly	C	58	0	L	4857	0.2666372851476421	0.3037712391214256	0.3534596738651388	0.2894460793548924	4.7	16.1	0.5	0.314	25.1	26.97	0.09	1.05	0.754
Mike Pagliarulo	3B	56	5	L	4808	0.2358139534883721	0.3062931214718796	0.4209302325581395	0.3199764970487732	8.8	21.5	24	0.256	38.7	5.1	-0.22	-1.73	2.296
David Bell	3B	56	0	R	4680	0.2372962607861937	0.306784027479605	0.3557046979865772	0.2965917390736355	8.7	19.6	13.2	0.269	27.8	4.73	-0.13	-0.35	2.833
Will Venable	RF	59	5	L	4498	0.2524461839530333	0.3111061552185548	0.4280821917808219	0.3242603163842699	7.3	25	21.2	0.297	36.2	6.95	0.11	0.49	2.294
Pumpsie Green	SS	56	0	S	4400	0.2472527472527473	0.337129840546697	0.3762428048142334	0.3191412231258131	11.6	20.9	11	0.29	30.6	14.53	-0.41	1.3	2.482
Jim Hickman	CF	56	5	R	4328	0.2353241449719244	0.2982171799027553	0.4231750893312915	0.3164112214854901	7.7	20.1	23.8	0.25	42.2	0.77	-0.07	-0.73	1.511
Freddy Galvis	SS	58	5	S	4287	0.2602773650321942	0.2938842203548086	0.4197622585438336	0.3116129015246983	4.2	22.6	19.5	0.301	34.3	1.67	-0.28	-1.26	3.737
Gus Mancuso	C	58	5	R	4187	0.283195020746888	0.3269415148609779	0.3900414937759336	0.3170107917269997	5.9	9.5	9.9	0.295	23.4	7.03	0	-4.92	2.866
Vince Coleman	LF	55	0	S	4110	0.2632411067193676	0.3087297694948504	0.336231884057971	0.2878083224804917	6	20.9	1.9	0.328	19.2	30.73	6.31	4.8	1.328
Drew Romo	C	59	0	S	3926	0.2292191435768262	0.280248190279214	0.3495661908760145	0.2800430366307313	6.1	24.7	12.2	0.28	31.9	3.45	0.24	-0.17	2.751
Matt Nokes	C	57	0	L	3865	0.269187675070028	0.317016317016317	0.4647058823529412	0.3398514352213754	6.3	18.8	29.5	0.282	32.2	2.91	-0.25	-3.34	3.695
Mike Marshall	LF	56	0	R	3780	0.2447245017584994	0.3088935944944415	0.4240914419695194	0.321633153804021	8.2	27.2	23.8	0.289	37	0.97	0	-1.02	1.143
Andres Galarraga	1B	59	0	R	3617	0.2595732242034493	0.2928650442477876	0.4910844782227419	0.3388810321255745	4	31.8	35	0.315	39.9	4.52	0.85	2.85	3.268
Lou Brock	CF	51	0	L	3438	0.2522068095838588	0.2994761350407451	0.4057377049180328	0.308734976565493	5.9	23.4	12.7	0.304	37	15.2	-0.4	2.43	0.733
Michael Young	SS	59	0	R	3285	0.2213386348575215	0.2761353245961597	0.3144466534128562	0.2650830016326101	6.7	19	9.7	0.254	25.3	3.55	0.91	-0.2	0.548
Jeimer Candelario	3B	56	5	S	3236	0.2823164426059979	0.3495055624227441	0.4343329886246122	0.3447533459823045	9	22.5	10.9	0.344	36.6	7.67	-0.09	-3.32	3.022
Joe Torre	C	57	0	R	3226	0.2308959156785244	0.2625663440524508	0.3458498023715415	0.2678051951964037	3.7	24.2	10.4	0.284	29.7	13.94	-0.09	-1.66	0.986
Esteban Quiroz	2B	56	0	L	3162	0.2601176063645798	0.3153894870170995	0.3815288827395365	0.3085390942534947	7.2	20.1	14	0.3	26.6	1.5	0	-1.54	0.873
Gary Roenicke	LF	59	0	R	3102	0.2117167222840193	0.3052767886047265	0.3566926214312199	0.2982410667836835	11.4	22.4	17.4	0.238	37	0	0	-2.63	-0.271
Dave Winfield	DH	55	5	R	3078	0.2611150317572336	0.3122157244964263	0.5010585744530699	0.3521732555782408	6.5	25.6	35.1	0.287	42.7	1.27	0	0.04	3.06
Henry Blanco	C	54	0	R	3023	0.2047215049797123	0.2731218697829716	0.2902987827369974	0.2564782461932195	7.7	17.4	8.1	0.232	24.3	11.11	-0.6	-1.03	1.489
Gus Mancuso	C	58	0	R	2979	0.2514556040756914	0.2954699121027721	0.3482532751091703	0.2862493268526436	5.6	11.1	8.7	0.267	23.9	9.09	-0.2	-3.1	0.826
Bill Robinson	LF	47	0	R	2892	0.2433941198362486	0.28749567024593	0.4521771492370674	0.321044519822363	5	30.1	29	0.292	39.4	8.91	2.47	1.45	1.888
Cole Young	2B	59	0	L	2853	0.26049766718507	0.3238195912614517	0.3950233281493001	0.3185863348463404	8	18.5	13.9	0.295	29.9	7	-0.38	0.65	1.83
Matt Davidson	1B	56	5	R	2839	0.2431006493506493	0.3348607684173422	0.4521103896103896	0.345152110047783	11.7	25.6	26.4	0.274	44.1	0.38	0	-6	2.494
Ozzie Albies	2B	58	5	S	2784	0.2619795758051846	0.3126122888968739	0.4560094265514533	0.3337933216690174	6.8	14.7	20.9	0.27	39.9	12.78	0.39	3.19	4.073
Jonathan Villar	3B	58	5	S	2771	0.2501995211492418	0.315504156125768	0.4189944134078212	0.3226058006697801	8	23.4	20.1	0.29	34.6	9.22	0.02	2.3	2.598
Vince Coleman	LF	55	5	S	2737	0.2536348949919224	0.312683284457478	0.3218901453957997	0.2847554286010381	7.7	20.4	1.3	0.312	19.3	29.75	4.43	5.68	1.469
Rick Miller	CF	59	0	L	2689	0.2427385892116183	0.3079519879969992	0.308298755186722	0.2795193249811208	8	19.5	3.6	0.293	19.1	12.5	-0.65	1.27	-0.491
Jimmy Archer	C	59	0	R	2678	0.2375801282051282	0.2719364599092284	0.3790064102564102	0.2853715775301532	4.2	15.5	14.8	0.255	33.6	11.06	-0.67	-1.14	1.949
Clyde Vollmer	RF	55	0	R	2642	0.2254607801114445	0.3080424886191199	0.4183454779254179	0.3212779870592213	10.3	29.1	30.9	0.254	32.9	2.89	-0.11	-2.27	0.908
Andrew Benintendi	LF	59	5	L	2634	0.2574215436810857	0.3297872340425532	0.3829516539440204	0.3176791251253432	9.4	18.4	7.5	0.302	34.4	10.05	-0.14	-1.44	0.41
Gary Roenicke	LF	59	5	R	2578	0.2351628737170906	0.3260785075787019	0.4373047746541722	0.3359908044424981	11.3	19.9	26.1	0.244	43.5	0	-0.12	-3.58	1.862
Eddie Rosario	LF	51	5	L	2556	0.2635880670208419	0.287279843444227	0.4286881896199428	0.3099909037135857	2.9	12.3	22.3	0.266	32.7	1.42	-0.05	1.36	0.775
Luis Aparicio	SS	52	5	R	2501	0.2602921646746348	0.3180354267310789	0.3390880920761399	0.293758777519916	7.6	13.9	2.2	0.296	22.6	20.3	1.78	1.22	2.471
Pumpsie Green	SS	56	5	S	2331	0.2584325396825397	0.3509677419354839	0.402281746031746	0.3360171871130812	12.1	18.5	11.1	0.296	34.5	13.33	-0.33	-0.62	3.14
Jackie Robinson	1B	58	5	R	2203	0.2859304084720121	0.3473108477666363	0.4331820474029249	0.3423976440466144	8.4	12.8	12	0.307	32.6	10.27	-0.57	1.77	3.214
Johan Rojas	CF	59	0	R	2178	0.249003984063745	0.2897806812879141	0.3446215139442231	0.2821379351572774	4.9	18.3	7.4	0.291	26.2	5.34	0.17	1.16	0.441
Cal Ripken Jr.	SS	58	0	R	2120	0.239444147514698	0.3180529300567108	0.3554249064671299	0.3028907115580876	9.7	14.6	13.3	0.255	26.6	3.36	-0.79	0.31	2.208
Derek Dietrich	2B	51	5	L	2103	0.240630092341119	0.3287345385347288	0.4399782726778925	0.3384629504182273	11.1	20.5	31.4	0.244	31.6	5	-0.34	-2.23	2.14
Adael Amador	2B	59	0	S	2071	0.2185943552850028	0.30615234375	0.3099059214167128	0.2819626254970855	10.7	20.1	8.1	0.258	26.3	4.81	0.99	0.93	0.521
Joe Scott	1B	54	0	L	2005	0.2304250559284116	0.3003515821195379	0.4093959731543624	0.3111897559553095	8.7	20.5	15.3	0.26	42	26.01	-0.15	-2.36	0.868
Ty Wigginton	1B	54	0	R	1937	0.2356615559341283	0.2981912144702842	0.4065871663827371	0.3104038795792406	7.7	19.6	23.2	0.251	35.9	1.34	-0.15	-0.03	0.65
Garret Anderson	CF	59	0	L	1908	0.269358407079646	0.2953231739358907	0.375	0.2947561775472101	3.3	16.3	10.7	0.302	24.6	2.5	-0.6	-0.53	0.252
Eddie Rosario	LF	51	0	L	1897	0.2608935466078323	0.2800632911392405	0.4214009928295643	0.3035339486602937	2.6	13.8	23.1	0.264	30.4	0.69	0.22	-0.85	-0.221
Nico Hoerner	2B	48	5	R	1864	0.2965116279069768	0.3446236559139785	0.3866279069767442	0.3249339156580442	6.4	13.5	1.9	0.338	24.3	15.32	-1.13	2.29	4.635
Mike Pagliarulo	3B	56	0	L	1821	0.2104942037827944	0.2781456953642384	0.3538743136058572	0.2814722267136527	8	25.2	18.5	0.244	35.1	1.65	-0.33	-3.16	-0.329
Bobby Brown	CF	58	5	S	1813	0.2507480550568522	0.3002207505518764	0.4326750448833034	0.3187669753357936	6.2	19.3	25.2	0.266	33.4	8.57	-0.23	3.18	1.853
Brice Turang	2B	55	0	L	1760	0.2276729559748428	0.2866205305651672	0.2993710691823899	0.2653195305727378	6.8	19.2	3.1	0.275	22.7	17.07	3.27	3.78	2.08
Gates Brown	LF	58	5	L	1714	0.2251443232841565	0.2835472578763127	0.3874278383579218	0.2938239192654777	7.2	18.6	17.2	0.244	40.2	9.93	0.11	1.86	0
Andre Dawson	RF	58	0	R	1644	0.2454308093994778	0.2860620815581254	0.4131853785900783	0.30418206773964	5.1	14.3	19.7	0.252	38.6	2.76	-0.18	0.4	0.584
Rick Dempsey	C	55	0	R	1637	0.203956343792633	0.278084714548803	0.3151432469304229	0.2686165811568925	8.6	17.5	10.6	0.227	34.8	0.96	0	-2.05	1.136
Austin Jackson	CF	48	0	R	1596	0.2434607645875252	0.2788643533123029	0.3675385647216633	0.2837379574271527	4.3	26.7	7.9	0.315	32.8	20.17	0.38	2.11	0.376
Jason Giambi	1B	58	5	L	1543	0.2198211624441133	0.3123784834737524	0.4448584202682563	0.3309947913923199	11.7	32.4	32.3	0.253	45.4	1.49	0	-3.19	1.439
Ted Easterly	C	58	5	L	1534	0.2698863636363636	0.3152031454783749	0.3678977272727273	0.3006706469124866	6	14.8	0.4	0.312	29.5	21.43	0.51	0.27	2.308
Jack Shepard	C	56	5	R	1522	0.2914536157779401	0.3523997370151216	0.4390065741417093	0.3483597626088448	8.5	17.2	15.4	0.325	30.3	2.48	0	-2.96	3.627
Colby Thomas	RF	55	0	R	1511	0.2152974504249292	0.2586436170212766	0.3696883852691218	0.2770753558713474	5	30.5	21	0.268	35.9	2.75	-0.56	0.12	-0.913
Grady Sizemore	RF	53	0	L	1507	0.2492816091954023	0.2990033222591362	0.3742816091954023	0.2977427644973094	6.2	17.5	15.1	0.276	27.7	2.08	0.2	0	-0.637
Claudell Washington	LF	59	5	L	1498	0.2802547770700637	0.3157543391188251	0.4182590233545648	0.3216284579551498	4.4	16.5	14.4	0.312	27.8	11.82	-0.08	2.68	1.602
Derek Dietrich	2B	51	0	L	1494	0.1880212282031842	0.2741286863270778	0.3479909021986353	0.2781327899325945	10.1	23.4	26.1	0.191	31.9	2.53	-0.68	0.32	-0.402
Andre Dawson	RF	58	5	R	1457	0.2618343195266272	0.3074811256005491	0.4615384615384616	0.3337187854579248	6	12.9	25.9	0.258	40.1	1.41	-0.78	-0.66	2.265
Brooks Robinson	3B	49	0	R	1434	0.2435897435897436	0.2841068917018284	0.3748114630467572	0.2904712497561217	4.9	23	16.7	0.284	26.9	8.05	-0.21	-1.13	2.72
Dexter Fowler	CF	53	0	S	1425	0.2457282343368592	0.3304659498207885	0.3425549227013832	0.3043128241962328	10.7	26.7	3.8	0.326	25.5	31.17	0.34	3.24	0.968
Dexter Fowler	CF	53	5	S	1423	0.2339901477832512	0.3387323943661972	0.3464696223316913	0.3098242032440488	12.9	25.9	3	0.308	30.5	41.38	-0.8	4.3	1.265
Jonathan Villar	3B	58	0	S	1410	0.2325763508222396	0.2950819672131147	0.355520751761942	0.2902839057959282	7.8	25.1	13.2	0.285	30.3	5.56	-0.26	0.72	0.681
Burgess Whitehead	2B	58	0	R	1386	0.2576112412177986	0.2970225127087872	0.3356752537080406	0.2803601497763768	5.2	8	5.6	0.268	20.3	10.45	-0.56	1.47	2.208
Ozzie Albies	2B	58	0	S	1385	0.2277383766745469	0.2846820809248555	0.3853427895981087	0.2948235434604021	7.1	19.5	16.5	0.253	37.7	13.76	0.48	0.78	1.646
Cando Lopez	CF	59	0	R	1351	0.2407108239095315	0.2849624060150376	0.3465266558966074	0.2806446962065396	5.4	16.5	10.2	0.269	27.2	4.94	-0.75	-0.09	0.355
Jim Tabor	3B	54	5	R	1340	0.2566225165562914	0.3153961136023916	0.4528145695364238	0.3325060763857977	7.5	17.1	25.5	0.263	37.1	6.96	-0.36	2.82	4.209
Pepper Bassett	C	57	0	S	1284	0.2357320099255583	0.2647754137115839	0.3606286186931348	0.2752392432321961	3.3	18.9	15	0.264	30.2	1.16	-0.23	-0.14	0.748
Jimmy Archer	C	59	5	R	1272	0.2461538461538462	0.2904761904761905	0.3683760683760684	0.2911963718166215	5.3	14	12.3	0.264	28.1	12.35	-0.85	-0.19	2.264
Myril Hoag	RF	46	0	R	1263	0.2692953020134228	0.3034154090548054	0.3959731543624161	0.3080565963970415	4	14.3	13.3	0.293	27.1	9.2	-0.48	2.19	0.618
Josh Phegley	C	51	5	R	1249	0.2610581092801388	0.3049759229534511	0.4362532523850824	0.3229025162807964	5.9	20.9	21.6	0.291	35.9	3.7	0.14	-5.19	1.825
Josh Phegley	C	51	0	R	1243	0.2328178694158076	0.2733870967741935	0.3788659793814433	0.2866322887897093	4.6	21	17.9	0.263	34.7	2.13	0	-4.73	-0.048
Jack Shepard	C	56	0	R	1240	0.2740213523131673	0.3346839546191248	0.3745551601423487	0.317352342224535	7.7	21.6	10.6	0.331	22.4	0	0	-2.95	1.694
Agustin Ramirez	C	59	0	R	1226	0.2158988256549232	0.2777321281840592	0.3441734417344173	0.2770242280092487	7.4	24.8	15.7	0.255	31.4	4	1.08	0.2	0.538
Mark Trumbo	1B	49	0	R	1226	0.2468407750631845	0.2626427406199021	0.4625105307497894	0.3125239541953127	1.9	26.7	30.3	0.282	43.3	3.94	-1.42	-1.71	1.37
Mike Trout	CF	51	5	R	1193	0.2176360225140713	0.2933780385582565	0.3930581613508443	0.3046718732374744	9.1	21	29.2	0.219	30.2	1.43	1.26	0.91	1.308
Ryne Sandberg	2B	57	0	R	1164	0.2218080149114632	0.2730404823428079	0.3839701770736254	0.289198994112495	6.5	22.2	20.6	0.246	37	6.82	-0.21	1.8	2.887
Carl Reynolds	RF	59	5	R	1155	0.2399626517273576	0.283982683982684	0.3678804855275444	0.2862297642267842	5.9	11.8	11.9	0.25	28	26.39	-0.36	4.31	0.052
Tsung-Che Cheng	2B	44	0	L	1149	0.2352941176470588	0.3144599303135889	0.2941176470588235	0.2796050677311397	10.4	20.5	5.2	0.285	15.4	8.11	1.36	4.18	0.888
Mickey Doolin	SS	53	5	R	1143	0.2424528301886792	0.2833333333333333	0.3971698113207547	0.2978269216232976	4.5	17.2	14.7	0.265	39.7	5.88	-0.26	-0.73	2.625
Keith Ginter	2B	57	5	R	1135	0.247	0.3179805137289637	0.404	0.3185413815240501	9.3	25.5	18.5	0.292	34.4	2.35	0.58	-1.27	2.167
Angel Martinez	LF	56	0	S	1134	0.2168905950095969	0.2684444444444444	0.3579654510556622	0.2775558810694448	5.9	19.5	15.9	0.24	36.3	6.1	0.69	3.86	-0.159
Mark Trumbo	1B	49	5	R	1125	0.2497678737233055	0.2737777777777778	0.4744661095636026	0.3227720862960914	2.8	26.7	33.1	0.281	43.1	1.72	0.21	2.13	2.72
Garret Anderson	CF	59	5	L	1119	0.2586691658856607	0.2808586762075134	0.3973758200562325	0.2955112778512544	3	14.5	15.5	0.276	31.9	2.27	0	-2.04	0.643
Jonathan Lucroy	C	48	0	R	1109	0.2329192546583851	0.321009918845807	0.2981366459627329	0.2842266751173784	11.4	13.1	3.8	0.258	20	8.89	0	-2.6	-0.757
Jason Giambi	1B	58	0	L	1105	0.2188796680497925	0.3131221719457014	0.3931535269709543	0.3150071398338123	11.8	34.5	25.5	0.278	35.1	0	0	-3.15	0.489
Michael Massey	2B	59	0	L	1099	0.2526518804243009	0.2815356489945156	0.3866923818707811	0.2930545769392722	2.9	17.4	15.3	0.279	30.5	3.75	-0.11	-0.87	1.201
Braxton Fulford	C	53	0	R	1094	0.217	0.2707948243992606	0.344	0.273923747689735	6.5	31.1	14.8	0.284	33.2	1.39	0.05	-0.05	0.768
Bernie Carbo	LF	56	0	L	1080	0.2066805845511482	0.2891566265060241	0.3413361169102296	0.2830938673094854	10	23	10	0.248	44.4	5.68	-0.56	-2.28	-0.833
Ken Griffey Jr.	LF	50	0	L	1055	0.1906318082788671	0.2836812144212524	0.303921568627451	0.2685028660167473	11.1	26.6	15.4	0.225	28.6	0	-0.28	-1.14	-1.706
Don Zimmer	SS	59	5	R	1052	0.2538860103626943	0.3052631578947368	0.3958549222797927	0.3100165100490802	6	19.9	19.4	0.283	27.3	2.99	0.91	1.54	2.852
John Shelby	CF	55	5	S	1049	0.2455216016859852	0.3091603053435115	0.3719704952581665	0.3022305069918257	8.2	25.6	11.4	0.307	29.6	15.94	0	1.89	0.515
Ryne Sandberg	2B	57	5	R	1048	0.2379958246346555	0.2979942693409742	0.4029227557411273	0.3093905424341147	7.6	18.6	21.2	0.255	33.3	10.53	1.03	1.95	3.664
Doug Mirabelli	C	50	0	R	1028	0.1904761904761905	0.296078431372549	0.3174603174603174	0.2811218448825686	12.2	31.9	15.2	0.245	35.1	1.69	0	-4.14	0.525
Jim Doyle	3B	56	5	R	1026	0.2587719298245614	0.3245098039215686	0.4035087719298245	0.3203450236822544	8.7	20.1	9.9	0.302	33.5	24.05	-0.35	1.52	3.86
Luis Aparicio	SS	52	0	R	1009	0.2575587905935051	0.3191489361702128	0.3169092945128779	0.2871104167282502	7.8	11	2.4	0.282	17	15.38	3.21	2.08	2.319
David Freese	3B	55	5	R	997	0.2229654403567447	0.2931726907630522	0.3422519509476031	0.2847214913850534	8.7	21.7	11.4	0.262	32	7.81	-0.18	-3.07	0.361
Wilmer Flores	1B	59	5	R	997	0.2618025751072962	0.3039117352056169	0.3701716738197425	0.2992901846052004	4.9	7.4	11.4	0.265	25.8	0	-0.3	-0.54	0.542
Alan Wiggins	2B	59	0	S	990	0.2286036036036036	0.2978723404255319	0.2995495495495495	0.2716185116865691	8.8	14.8	6.1	0.256	19.2	10.26	1.09	2	-0.121
Wade Boggs	3B	57	0	L	969	0.2576617480136209	0.3199174406604747	0.3541430192962542	0.3013164174124895	7.8	11.9	7.4	0.28	26.4	1.67	-0.5	-3.34	0.186
Pepper Bassett	C	57	5	S	941	0.2477272727272727	0.2872340425531915	0.4079545454545455	0.3047496168913907	4.5	16.1	19.8	0.262	35.8	1.28	0	-0.38	2.423
Sammy Sosa	RF	43	0	R	940	0.2117780294450736	0.2515991471215352	0.3725934314835787	0.2730336837434701	4.8	35	22.3	0.279	34.2	12.5	-0.13	2.81	-0.255
Austin Martin	RF	59	0	R	922	0.2375152253349574	0.3007769145394006	0.3069427527405603	0.2756292275896184	7.8	21	5.9	0.289	19.5	2.63	-0.72	-1.82	-1.432
Harry Ford	C	57	0	R	916	0.2433414043583535	0.3020948180815877	0.37409200968523	0.299746294208918	7.4	24.3	13.1	0.295	32.3	4.62	-2.16	-0.07	1.965
Tony Horton	1B	58	5	R	903	0.2582547169811321	0.2934662236987818	0.4693396226415094	0.3291406415238903	4.2	17.5	27.9	0.265	41.6	4.4	-0.66	0.33	2.259
Riley Adams	C	59	0	R	899	0.2322738386308068	0.2868391451068616	0.3557457212713936	0.2862597686480328	6.6	29.5	15.4	0.298	27.9	3.77	0	-1.2	-1.669
Henry Blanco	C	54	5	R	887	0.2354430379746835	0.3019296254256527	0.3316455696202532	0.284473515388619	8.7	14.1	6.8	0.259	26.3	14.29	0	-3.52	3.112
Sammy Sosa	RF	43	5	R	874	0.2449494949494949	0.3089244851258581	0.452020202020202	0.3312658008697695	8.1	33.7	22.7	0.323	41.8	20.99	1.65	1.92	3.432
Gage Workman	SS	58	0	L	870	0.2175	0.2676709154113557	0.34375	0.2715018332717967	6.2	32.2	17.2	0.285	28.2	4.08	-0.83	0.55	0.828
Gary Redus	1B	59	5	R	851	0.236734693877551	0.3345111896348645	0.382312925170068	0.3221796024826708	12.2	18.1	15.5	0.26	33.9	6.78	1.55	3.88	1.763
Luken Baker	1B	58	0	R	844	0.1758389261744966	0.2562574493444577	0.3221476510067114	0.2590965982824445	9.4	29.1	22	0.197	35.9	0	0	-1.85	-2.062
Joey Bart	C	59	0	R	844	0.2512820512820513	0.3016627078384798	0.3756410256410256	0.300310985233456	6.2	28.2	14.9	0.322	26	7.84	0	-1.85	1.351
Will Brennan	RF	59	0	L	838	0.251604621309371	0.2924187725631769	0.3517329910141206	0.2866788844424148	4.5	16.6	10.7	0.283	24.5	0	-0.5	-3.58	-0.215
Derek Bell	RF	58	5	R	831	0.2244623655913978	0.2936221419975932	0.3696236559139785	0.2944515745903184	8.9	18.7	15.9	0.245	34.7	10.34	0.22	4.19	0.289
Marcelo Mayer	2B	53	0	L	825	0.2195448460508702	0.2744128553770087	0.2971887550200803	0.2578556805209669	6.3	22	5.1	0.271	26.2	2.33	-0.44	-1.96	-0.291
Jerar Encarnacion	RF	58	0	R	786	0.2430939226519337	0.2950191570881226	0.3798342541436464	0.2994828266225835	6.4	28.6	19.1	0.304	27.8	0	0.08	-1.22	-0.153
Xavier Nady	RF	56	5	R	779	0.277158774373259	0.3239074550128535	0.415041782729805	0.3256129070489653	6.3	18.4	16.2	0.311	28.6	0	-0.85	-0.85	1.386
Tony Armas	CF	48	5	R	776	0.2173913043478261	0.2516129032258064	0.4320652173913043	0.2969820669313483	3.7	32.1	32.5	0.255	46.2	0	0	1.93	0.309
Rick Miller	CF	59	5	L	764	0.2682215743440233	0.3350854139290407	0.336734693877551	0.3024155216401494	8.8	19.4	3.9	0.324	17.9	12.12	0.39	2.43	0.471
Frankie Gustine	SS	57	5	R	745	0.2699564586357039	0.3135135135135135	0.3468795355587808	0.2944886942297189	5.8	16.1	2.4	0.316	22.6	11.9	-0.48	3.79	2.738
Travis d&#39;Arnaud	C	55	0	R	735	0.2510822510822511	0.282016348773842	0.443001443001443	0.3149629661525709	3.5	25.8	27.8	0.287	37.4	0	-0.41	-1.88	1.714
Vaughn Grissom	2B	59	0	R	728	0.2179878048780488	0.2813370473537605	0.3323170731707317	0.2758729979002965	7.6	20.1	13.2	0.249	30.1	0	-0.08	-0.91	0.495
Jim Lemon	LF	57	5	R	721	0.2676923076923077	0.3282336578581363	0.4707692307692308	0.3480432475163426	7.9	21.8	21.6	0.303	44.8	2.56	-0.92	-4.99	1.748
Mike Trout	CF	51	0	R	715	0.23125	0.3006993006993007	0.4109375	0.3130538619655	9	21.2	26.9	0.242	31.8	8.51	1.85	0.42	1.091
Eddie Waitkus	1B	52	0	L	712	0.2488408037094281	0.3103932584269663	0.3601236476043277	0.2983615205202153	7.6	18.2	7.6	0.29	32.3	3.85	-0.51	-2.19	0.421
Gabriel Arias	SS	59	0	R	688	0.2590266875981161	0.308029197080292	0.4317111459968603	0.3248245280921122	5.2	26.8	19.2	0.321	37	8.2	0.44	-0.44	2.616
Brian Giles	SS	54	0	R	688	0.1944894651539708	0.2667638483965015	0.3241491085899514	0.2651609909778784	8.1	31.4	14.8	0.25	35.8	6.98	0.35	1.57	1.134
Bobby Brown	CF	58	0	S	670	0.205087440381558	0.2379518072289157	0.3211446740858506	0.2469773714782212	3.6	22.7	15.2	0.236	26.4	14.71	0.72	3.04	-0.985
Garret Anderson	LF	49	0	L	666	0.2589147286821705	0.2781954887218045	0.3674418604651163	0.2837876397845799	2.4	15.7	10.8	0.29	25.1	9.52	-0.63	-0.27	0.18
Oswaldo Cabrera	3B	57	0	S	665	0.2189054726368159	0.2813918305597579	0.3449419568822554	0.280207272327172	7.7	17.9	16.2	0.237	28.8	5.26	-0.54	1.26	0.18
Lou Criger	C	51	0	R	665	0.2225859247135843	0.2760180995475113	0.3142389525368249	0.263864092428745	6.3	15.9	0	0.262	33.8	21.74	-0.81	3.25	0.271
Bip Roberts	2B	59	5	S	662	0.2516778523489933	0.3134556574923548	0.3322147651006712	0.2911162251270585	8.2	16.4	5.4	0.291	22.7	5.88	0.27	0.82	1.088
Frank Malzone	3B	58	0	R	654	0.2467532467532468	0.2798165137614679	0.3782467532467532	0.2891790622776537	3.8	13.8	15.6	0.259	30.3	2.17	0	-0.73	1.193
Don Gutteridge	2B	59	5	R	651	0.2692307692307692	0.3169230769230769	0.4030100334448161	0.3167267213050994	6.5	15.6	12	0.297	29.2	14.89	-1.2	2.76	1.751
Bill Bradley	3B	56	5	R	643	0.2410865874363328	0.2979719188767551	0.3412563667232598	0.2858578168312196	6.5	18.5	1.9	0.291	35.9	7.84	1.68	2.24	1.96
Jose Trevino	C	50	0	R	638	0.1912751677852349	0.2243285939968404	0.2818791946308725	0.2243166129381133	3.8	16.9	5.6	0.217	33.3	10.53	-0.47	-1.13	-0.188
Luis Alicea	2B	59	5	S	625	0.26497277676951	0.3349358974358974	0.3883847549909256	0.3195033484377872	9.3	15.2	7.7	0.294	30.8	15.56	-1.63	-3.26	0.96
Junior Felix	RF	57	5	S	625	0.2508896797153025	0.3162118780096308	0.4306049822064057	0.3261988511837552	8.5	25.8	18.2	0.303	36.9	21.15	1.15	4.32	2.496
Buck Weaver	3B	57	5	S	624	0.2939130434782609	0.3413848631239936	0.4069565217391304	0.3308137094633712	6.4	10.6	8.7	0.315	26.6	4.44	-0.29	1.35	3.846
Cando Lopez	CF	59	5	R	622	0.2296819787985866	0.284789644012945	0.2950530035335689	0.2623939751743832	6.8	13.4	4.8	0.255	19.2	8	-0.48	-0.87	-0.386
Claudell Washington	LF	59	0	L	615	0.2366148531951641	0.2768729641693811	0.3402417962003454	0.2733299699103747	5.2	18.7	8.8	0.276	26.3	16.67	0.1	2.24	-1.366
Don Zimmer	SS	59	0	R	608	0.247787610619469	0.2885572139303483	0.4265486725663717	0.3127328657718825	4.9	23.5	24.7	0.28	35	4.08	1.09	0.69	3.651
Ken Griffey Jr.	LF	50	5	L	605	0.2074363992172211	0.3239669421487603	0.3365949119373777	0.3013567482051179	14.2	23.7	15.9	0.238	32.1	0	0	-3.87	-0.397
Dave Winfield	DH	55	0	R	599	0.2306273062730627	0.2888146911519199	0.4132841328413284	0.3075169664252104	7.2	29.5	25	0.273	38.4	2.08	0	-2.9	0.1
Gary Redus	1B	59	0	R	589	0.2271844660194175	0.3162393162393162	0.3631067961165049	0.3054801946830007	10.5	22.3	10.2	0.273	37.6	13.64	2.65	3.06	1.732
Chuck Carr	CF	47	0	S	579	0.2220039292730845	0.2922535211267606	0.2809430255402751	0.2623431020866581	7.9	16.5	2.1	0.259	19.5	18.18	2.69	3.21	0.207
Jimmy Austin	3B	58	5	S	576	0.2644135188866799	0.3426573426573427	0.4234592445328032	0.3373674585001799	10.4	19.1	12.5	0.302	36.8	14.29	2.4	-2.19	2.812
Oris Hockett	CF	55	0	L	562	0.2768361581920904	0.304270462633452	0.4086629001883239	0.3107900038844759	4.3	15.1	7.5	0.31	34.7	9.8	-1.39	1.49	1.495
Zip Collins	CF	59	0	L	553	0.253411306042885	0.2963636363636364	0.3489278752436647	0.2859118293544954	5.8	22.4	7.6	0.311	22.3	20.69	-1.63	0.87	-0.325
Ron LeFlore	LF	48	0	R	548	0.2210526315789474	0.3211678832116788	0.2968421052631579	0.2852145144164263	12.2	27.2	1.1	0.3	23.8	36	7.12	4.16	1.095
Geraldo Perdomo	SS	59	5	S	536	0.2348008385744235	0.303370786516854	0.3291404612159329	0.2843850252737393	9.1	17	4.5	0.271	32.1	2.78	1.01	1.01	0
Adolis Garcia	RF	59	0	R	532	0.2411642411642412	0.3015267175572519	0.4012474012474013	0.3117193826993069	7.1	27.4	23.7	0.289	30.2	0	-0.45	-3.72	0.113
Zip Collins	CF	59	5	L	528	0.2505263157894737	0.3092979127134725	0.3389473684210526	0.290282007565733	7.4	17.7	8	0.286	20.2	16.67	0.45	0	0.455
Tsung-Che Cheng	2B	44	5	L	528	0.2831858407079646	0.3797709923664122	0.3561946902654867	0.3356241956879756	12.7	18.8	6.8	0.337	15.6	5	2.39	2.27	3.75
Buck Weaver	3B	57	0	S	527	0.256	0.2775665399239544	0.362	0.2798071542116927	2.7	15.6	8	0.286	26.6	14.71	0.57	0.8	0.683
Henry Rodriguez	LF	47	0	L	522	0.2089249492900609	0.2452107279693486	0.4077079107505071	0.2840941736286464	4.2	35.7	28.7	0.264	46.6	0	0	-4.48	-1.379
Tommy McCraw	1B	54	5	L	520	0.2659574468085106	0.3191489361702128	0.3914893617021277	0.3136440760728167	7.1	15.7	10.4	0.294	29.6	10.81	0.23	4.38	1.5
Bernie Carbo	LF	56	5	L	519	0.2261640798226164	0.3133462282398453	0.3325942350332594	0.2917775742853433	11.6	20.8	10.4	0.263	27.5	7.14	-1.16	0.12	-0.116
Jack Suwinski	CF	59	0	L	518	0.2309368191721133	0.2986247544204322	0.3093681917211329	0.2761594825894693	8.3	25.9	8.1	0.294	20.8	0	-1.27	-1.04	-1.39
Don Padgett	RF	52	0	L	512	0.2439024390243902	0.267578125	0.4247967479674797	0.3005247652616093	3.1	13.6	22.3	0.247	39.2	8.51	0	-1.29	-1.289
MJ Melendez	RF	52	0	L	510	0.2035010940919037	0.2703777335984096	0.3588621444201313	0.2802573734565574	7.6	28.2	20	0.242	38.7	2.78	-0.24	1.18	-1.176
Gates Brown	LF	58	0	L	507	0.2167381974248927	0.2613861386138614	0.3433476394849785	0.2664034836222922	5.9	18.2	10.7	0.242	37.6	7.89	0.83	2.01	-1.302
Dylan Crews	RF	54	0	R	497	0.2521929824561404	0.2965235173824131	0.412280701754386	0.3112043565125164	5.6	19.7	19.3	0.28	33.9	5.13	0	0.48	0.604
Alan Wiggins	2B	59	5	S	493	0.2214611872146119	0.3034623217922607	0.2922374429223744	0.2712784465486897	10.3	9.4	4.9	0.236	21.6	9.52	0.97	2.19	-0.243
Jeimer Candelario	3B	53	0	S	492	0.2505643340857788	0.311340206185567	0.381489841986456	0.3084807394951506	7.5	21.7	15.9	0.292	27	6.67	-1.34	0.85	1.707
Nick Castellanos	RF	52	0	R	489	0.1939655172413793	0.2274590163934426	0.2758620689655172	0.2248808284783241	3.7	22	7.4	0.234	28.9	0	0.49	-2.09	-3.436
Andre Dawson	RF	58	1	R	484	0.2727272727272727	0.3333333333333333	0.425	0.3353040036931093	7.6	13	17.4	0.286	32.5	0	-0.25	0.99	1.983
Tony Armas	CF	48	0	R	476	0.2048458149779736	0.2331932773109244	0.3656387665198238	0.2617123442727979	3.2	35.7	23.9	0.267	37.6	0	0	-0.38	-1.639
Brice Turang	2B	55	5	L	462	0.269047619047619	0.3239130434782609	0.35	0.30062840684726	7.6	15.2	2.6	0.31	24.8	7.14	7.14	5.19	4.416
Austin Hedges	C	56	0	R	461	0.2298578199052133	0.2844638949671772	0.3341232227488152	0.276948707061859	7.2	25.4	10.4	0.288	27.8	3.7	-0.65	-1.69	2.343
John Shelby	CF	55	0	S	459	0.2141176470588235	0.2707423580786026	0.3270588235294118	0.2670307276110042	7.2	26.1	10.5	0.271	33	6.67	1.44	3.79	-0.784
Royce Clayton	SS	58	5	R	454	0.2337349397590361	0.2863534675615212	0.3228915662650602	0.2737131112722401	6.2	22.4	5.3	0.292	28.9	3.57	2.38	3.96	2.511
Trevor Story	SS	52	0	R	442	0.2102689486552567	0.2579908675799087	0.3398533007334963	0.2660264559571887	5	26.7	16.3	0.255	33.7	0	-0.81	2.31	-0.543
Christopher Morel	LF	59	0	R	434	0.2219321148825065	0.2997658079625293	0.3550913838120104	0.2938052918496073	9	26.4	16.6	0.269	30.6	3.85	0.14	-1.24	-0.415
Jonathan Lucroy	C	48	5	R	429	0.267379679144385	0.358974358974359	0.3556149732620321	0.3244279537890395	12.1	11	4.2	0.293	23	17.39	0	-4.06	1.259
Frank Malzone	3B	58	5	R	427	0.2630208333333333	0.3231850117096019	0.3958333333333333	0.3148728232148337	8	13	16.9	0.271	26.7	0	-2.11	2.39	3.232
Brooks Robinson	3B	49	5	R	426	0.2878787878787879	0.3270588235294118	0.4393939393939394	0.3352210267872761	5.9	21.5	15.5	0.339	31.6	5.56	0	-1.69	4.648
Tim Beckham	SS	48	0	R	424	0.2210796915167095	0.2813238770685579	0.3419023136246787	0.2790906785646355	6.8	31.6	14.2	0.296	26.7	17.39	-0.28	-1.7	0.991
Bill Wambsganss	2B	57	0	R	415	0.2513368983957219	0.3097560975609756	0.3475935828877005	0.2943810884977968	7.2	12.8	7.2	0.275	25.5	8.33	-1.73	-0.29	0.723
Ozzie Albies	2B	58	1	S	414	0.2413793103448276	0.3002421307506054	0.389920424403183	0.3051907568327635	6.8	12.7	14.5	0.252	36.3	9.09	0.87	-0.58	2.029
Austin Riley	3B	58	0	R	400	0.2586206896551724	0.3375	0.4770114942528735	0.3536437737365108	10.5	24.4	22.5	0.294	50	2.22	0	-0.3	4.05
Dave Duncan	C	49	0	R	397	0.1542857142857143	0.2487309644670051	0.2228571428571429	0.2237745212104878	10.6	34	9.1	0.213	22.2	0	0	-4.69	-1.814
Carl Reynolds	RF	59	0	R	395	0.2451790633608815	0.288265306122449	0.3746556473829201	0.2920490966774566	5.1	16	13.7	0.266	29.2	11.54	1.52	2.89	0.152
Geraldo Perdomo	SS	59	0	S	381	0.2455621301775148	0.3174603174603174	0.3106508875739645	0.2848212007021286	9.2	13.3	3.1	0.276	19.3	12.5	-0.79	0.94	0.315
Tony Horton	1B	58	0	R	379	0.2056338028169014	0.2427440633245383	0.3380281690140845	0.2560191497226016	4.7	18.9	20.6	0.214	28.8	0	1.27	1.9	-1.425
Andres Chaparro	1B	54	0	R	378	0.2425149700598802	0.3262599469496021	0.4011976047904192	0.324859494080536	9.5	25.7	19	0.291	35.8	0	0	-4.76	0.794
Abraham Toro	1B	58	0	S	375	0.2157434402332362	0.2647058823529412	0.3090379008746356	0.2536228236337549	6.4	18.7	6.4	0.249	31.1	4.35	-0.8	-1.28	-2.56
Ty France	1B	57	0	R	372	0.2464183381088825	0.2876344086021506	0.3524355300859599	0.284119010696725	5.4	16.6	9.7	0.279	27.9	4.17	0	0	-0.484
Don Gutteridge	2B	59	0	R	372	0.239067055393586	0.2956989247311828	0.3731778425655977	0.2968759284047509	7.3	18.1	12.9	0.27	31.7	15.38	-1.94	-0.32	0.645
Buddy Hassett	1B	50	0	L	368	0.3114285714285714	0.332425068119891	0.3657142857142857	0.3085483837413572	3	5.4	0	0.325	12.8	35.71	-2.45	-1.79	0
Weston Wilson	1B	56	0	R	366	0.2574850299401197	0.3114754098360656	0.4520958083832335	0.3333753979783617	7.4	26	29.5	0.292	32.6	3.57	-0.33	1.64	0.984
Edmundo Sosa	2B	58	0	R	350	0.2626865671641791	0.2844827586206897	0.4268656716417911	0.3099226913430475	2.6	18.5	22.3	0.286	29.5	11.54	0	1.54	1.543
Taylor Ward	LF	58	5	R	349	0.2315112540192926	0.2979942693409742	0.3311897106109325	0.2822412903479917	8.9	17.4	8.6	0.26	29.2	0	-0.52	0.17	-0.86
Scott Kingery	2B	55	0	R	349	0.2302839116719243	0.2886297376093295	0.3470031545741325	0.2848124923572796	7.2	29	13.8	0.3	27.4	5	0.86	-0.34	1.891
Endy Chavez	CF	59	0	L	345	0.2848297213622291	0.3147058823529412	0.3993808049535604	0.3140476852378198	3.5	15.2	8.7	0.321	25	17.39	-1.22	4.17	1.217
Don Padgett	RF	52	5	L	332	0.2246835443037975	0.2507552870090635	0.4050632911392405	0.2840125550292077	3.3	12.7	18.1	0.227	49.3	5.71	0	0.54	2.349
Matt Vierling	CF	59	0	R	331	0.2271186440677966	0.3009118541033435	0.3491525423728813	0.292170595124976	9.1	23.7	12.7	0.273	32.8	0	0.36	-1.99	0.363
Don Gutteridge	2B	59	1	R	324	0.2198581560283688	0.2965299684542587	0.3333333333333333	0.2837538293198947	9	21.3	7.4	0.262	37.1	4.35	0	2.22	0.926
Xavier Nady	RF	56	0	R	311	0.1690140845070423	0.226537216828479	0.2992957746478873	0.2343870155338662	6.1	22.9	19.3	0.179	35.4	0	0	-4.05	-2.701
Marquis Grissom	CF	52	5	R	307	0.2206896551724138	0.2524590163934426	0.3068965517241379	0.2486293608289317	2.9	20	5.9	0.264	26.6	11.76	2.15	6.25	-0.782
Dots Miller	2B	56	0	R	306	0.2472727272727273	0.3013245033112583	0.3527272727272727	0.2916647027860004	6.2	18.2	13.7	0.275	19.1	15.38	2.55	-0.2	1.373
Sam Rice	RF	48	5	L	305	0.2685512367491166	0.3180327868852459	0.3215547703180212	0.2887495695427567	5.9	9.2	0	0.295	19.7	0	-0.39	3.34	-0.197
Jasson Dominguez	LF	57	0	S	302	0.2798507462686567	0.3533333333333333	0.4067164179104478	0.3392871777896123	9.6	22	13.9	0.335	26.7	0	4.37	-2.78	2.98
Amed Rosario	3B	55	0	R	302	0.2218181818181818	0.2668918918918919	0.36	0.2769815463420334	4.3	22.2	15.9	0.254	34.4	4.76	-1.39	-0.79	0.596
Brandon Valenzuela	C	53	0	S	296	0.2131782945736434	0.2925170068027211	0.3062015503875969	0.2719231828586664	10.5	29.8	10.1	0.276	25.5	0	0	-4.66	0
Corey Koskie	3B	55	5	L	295	0.2548262548262548	0.3423728813559322	0.38996138996139	0.3289489710182247	11.2	22.8	18.3	0.297	25.8	0	1.02	0	4.068
Mark Quinn	LF	59	0	R	295	0.2482269503546099	0.2755102040816326	0.3617021276595745	0.2805924068043898	3.7	23.4	8.1	0.31	34.3	0	0.61	1.42	-1.22
Henry Blanco	C	54	1	R	294	0.2053231939163498	0.2768166089965398	0.285171102661597	0.2572480030756139	7.8	21.3	6.1	0.25	24.1	15.38	0	-1.63	2.041
Isaac Collins	LF	58	0	S	293	0.2131782945736434	0.2867132867132867	0.2829457364341085	0.2581365524420541	9.2	24.8	4.1	0.275	25.5	0	-2.46	-0.61	-0.819
Frankie Gustine	SS	57	0	R	291	0.2346153846153846	0.2832167832167832	0.3230769230769231	0.2697872043849839	5.8	15.4	2.1	0.267	34.4	0	-3.09	0.21	0
Javier Baez	SS	52	0	R	290	0.2518518518518518	0.289198606271777	0.362962962962963	0.2886817089360114	4.5	23.3	12.4	0.305	25	5.88	1.24	-0.83	0.414
Taylor Ward	LF	58	0	R	290	0.207843137254902	0.2916666666666667	0.3372549019607843	0.2837295908627329	10	21.2	12.4	0.239	37.7	5	1.03	0.41	-2.276
Ron Hansen	SS	58	5	R	289	0.2175732217573222	0.3356643356643357	0.3305439330543933	0.3056804823352481	14.5	15.5	8.3	0.239	36.5	0	-1.04	4.36	3.114
Henry Davis	C	54	0	R	283	0.1912350597609562	0.2791519434628975	0.3227091633466135	0.2736495522521005	9.5	24.7	17	0.22	33.3	6.25	0	-0.85	-0.212
Ty Wigginton	1B	54	5	R	278	0.242798353909465	0.3381294964028777	0.5020576131687243	0.3657966351303951	11.9	20.2	36.7	0.237	47.5	3.57	-1.08	-3.67	3.453
Mickey Doolin	SS	53	0	R	273	0.2420634920634921	0.2888888888888889	0.3492063492063492	0.284183245069341	5.5	19.4	8.8	0.285	29.5	5.56	-1.1	4.62	1.538
Starlin Castro	2B	51	0	R	273	0.3035019455252918	0.3333333333333333	0.5058365758754864	0.3631164512948383	4.8	17.5	26.4	0.325	34.6	3.7	-0.66	0.22	5.055
Marlon Anderson	2B	54	1	L	273	0.2388663967611336	0.2878787878787879	0.3441295546558704	0.2826587364571282	5.5	13.8	11	0.26	25.4	6.67	-1.32	1.32	1.978
Jimmy Walsh	CF	51	5	R	271	0.2085106382978723	0.3074074074074074	0.2936170212765957	0.276021142942592	11.4	21.7	0	0.265	40.8	0	0.66	-0.89	-0.886
Bill White	SS	48	0	R	269	0.2627118644067797	0.3230769230769231	0.3432203389830508	0.2992676558237494	7.8	19.5	4.5	0.316	21	15.38	0.22	0.45	2.677
Byron Buxton	DH	44	5	R	269	0.2094017094017094	0.303370786516854	0.3632478632478632	0.3005423011679252	10.8	29.1	20.1	0.253	36.7	0	1.56	2.45	0.223
Endy Chavez	CF	59	5	L	263	0.2727272727272727	0.2873563218390804	0.4031620553359684	0.3010384019098762	2.3	17	13.7	0.306	27.5	10.53	1.83	0.68	1.141
MJ Melendez	RF	55	5	L	261	0.1762114537444934	0.2720306513409962	0.2687224669603524	0.2505009261112088	11.1	22	6.9	0.209	37.5	0	0	2.76	-1.839
Sammy Taylor	C	50	0	L	260	0.2034632034632035	0.277992277992278	0.2943722943722944	0.2599122783874956	9.2	24.2	6.9	0.251	25.5	25	-1.15	0	-0.923
Vince DiMaggio	CF	46	5	R	254	0.1757322175732217	0.2244094488188976	0.2761506276150628	0.2258161833370914	5.5	33.1	14.2	0.234	26.2	9.09	-1.18	2.36	-2.835
Austin Jackson	CF	48	5	R	254	0.3004291845493562	0.3503937007874016	0.4592274678111588	0.3536346108155844	6.7	22.7	9.4	0.371	34.3	20.83	-2.13	0.71	4.724
Tom Jones	1B	56	2	R	252	0.2631578947368421	0.3333333333333333	0.3684210526315789	0.3148777241825052	8.7	8.8	2.4	0.285	35	4.76	0.71	2.62	1.667
Kevin Alcantara	RF	57	0	R	251	0.2251082251082251	0.2771084337349398	0.341991341991342	0.276563292961841	5.6	30.3	14.3	0.295	26.9	7.14	-0.24	3.11	-0.956
Scoops Carey	1B	52	5	R	247	0.2589285714285715	0.3102040816326531	0.3526785714285715	0.2928276364532629	7.3	9.4	0	0.282	34.5	5	0	1.46	0.729
Gus Zernial	LF	59	0	R	247	0.1872340425531915	0.2145748987854251	0.2553191489361702	0.2093173308212176	3.6	31.1	7.3	0.253	20.5	11.11	0	-6.07	-4.372
Jelly Jackson	SS	47	0	R	243	0.2	0.2672413793103448	0.2619047619047619	0.2432588946915686	7.4	13.3	7.4	0.215	14.3	16.67	0	-1.48	0.988
Wayne Nordhagen	LF	53	5	R	237	0.287037037037037	0.3093220338983051	0.4907407407407408	0.3408142439246362	4.2	16.7	27.8	0.287	35.5	0	-1.27	-4.3	2.025
Jelly Jackson	SS	47	5	R	235	0.2450980392156863	0.331896551724138	0.3676470588235294	0.3148315185433679	10.6	21.6	10.2	0.293	30	13.33	-1.28	4.09	5.617
Cando Lopez	CF	59	3	R	233	0.1935483870967742	0.240343347639485	0.2626728110599078	0.2271014920143513	6	12.9	2.6	0.216	31	0	0.77	0	-3.348
Dusty Baker	LF	56	0	R	232	0.2383177570093458	0.2943722943722944	0.3037383177570093	0.2719941975472598	4.7	19.6	5.2	0.288	17.6	11.11	-1.03	-1.81	-2.328
Walt Lerian	C	54	1	R	232	0.2244897959183673	0.3405172413793103	0.2959183673469388	0.2973571858956328	13.8	30.6	5.2	0.311	22.7	0	0	-6.72	2.328
Gus Mancuso	C	58	3	R	228	0.2610837438423645	0.3333333333333333	0.3399014778325123	0.3045400527207043	10.1	10.8	7.9	0.278	18.9	0	0	-2.11	2.895
Fred Odwell	LF	44	5	L	225	0.3222748815165877	0.36	0.3933649289099526	0.3346293191613714	5.3	19	2.7	0.392	14.7	30	0	3.2	2.4
Billy Jurges	SS	57	0	R	222	0.1818181818181818	0.2217194570135747	0.2200956937799043	0.2016133487982876	4.5	18.2	0	0.221	21.1	0	0	1.35	-1.081
Travis d&#39;Arnaud	C	55	5	R	221	0.2830188679245283	0.3076923076923077	0.4622641509433962	0.3364563330315354	2.7	23.6	32.6	0.318	23.3	0	0	-1.36	2.715
Joe Birmingham	CF	54	5	R	219	0.2315270935960591	0.2638888888888889	0.3399014778325123	0.265893658689736	4.6	12.8	11	0.244	27.7	7.69	-3.56	0.82	-1.096
Jimmy Walsh	CF	51	0	R	217	0.2135416666666667	0.2976744186046512	0.28125	0.2670364185169241	10.1	20.8	0	0.27	29.3	8.33	-0.28	3.87	-1.935
Jake Mangum	CF	56	0	S	213	0.2588832487309645	0.2966507177033493	0.3401015228426396	0.2834108985413655	4.7	19.3	2.8	0.314	25.5	7.69	0.85	-3.1	-0.282
Lu Blue	1B	54	0	S	213	0.2191011235955056	0.3286384976525822	0.2640449438202247	0.2785708847374026	14.1	19.1	2.8	0.259	15.4	0	-0.85	-0.56	-0.563
Gus Bell	CF	56	5	L	207	0.3105263157894737	0.357487922705314	0.4157894736842105	0.340233574451431	6.8	15.3	8.7	0.35	22	7.69	0	-6.38	1.159
Gary Roenicke	LF	59	1	R	204	0.2021857923497268	0.2758620689655172	0.3169398907103825	0.2637933752643576	9.3	24.6	11.8	0.244	35.1	0	0	-1.76	-2.059
Daylen Lile	LF	57	0	L	199	0.25	0.297979797979798	0.391304347826087	0.3033031014186799	6	24.5	9	0.314	37	17.65	0.9	0.3	1.508
Pedro Pages	C	54	0	R	197	0.2298850574712644	0.3061224489795918	0.3793103448275862	0.3051849632098569	9.1	24.1	15.2	0.271	40	0	0	0	2.437
Luis Alicea	2B	59	0	S	195	0.2571428571428571	0.3195876288659794	0.3485714285714286	0.2994721411725815	8.2	17.7	6.2	0.299	24.4	9.09	0.92	2.46	0.923
Tom Poorman	RF	58	0	L	192	0.2183908045977012	0.2916666666666667	0.396551724137931	0.3054996195693241	8.3	20.1	21.9	0.235	42.1	6.25	1.88	1.88	1.25
Rick Miller	CF	59	1	L	191	0.2248520710059172	0.2857142857142857	0.2603550295857988	0.2479301672590752	7.9	15.4	3.1	0.253	10.5	0	0.94	3.14	-2.827
Luis Torrens	C	57	0	R	190	0.1833333333333333	0.2210526315789474	0.3055555555555556	0.2337362674252965	3.2	29.4	12.6	0.234	42.4	0	0	1.58	0
Richie Palacios	2B	59	0	L	189	0.2269938650306748	0.320855614973262	0.2883435582822086	0.2826572592437486	10.6	20.2	3.2	0.277	21.6	0	0.63	-2.54	0
Rube Oldring	LF	58	5	R	188	0.2441860465116279	0.3085106382978723	0.3953488372093023	0.312696024312926	8.5	18	19.1	0.267	31	7.69	0	2.55	1.277
Steve Balboni	1B	43	0	R	184	0.2189349112426036	0.273224043715847	0.4615384615384616	0.3192616634430667	7.1	36.1	39.1	0.258	45.9	0	0	-0.98	2.609
Kyle Isbel	CF	58	0	L	183	0.2823529411764706	0.3259668508287293	0.4058823529411765	0.321555676060391	6	19.4	9.8	0.336	29.2	7.14	-0.33	6.23	1.967
Derek Bell	RF	58	1	R	182	0.1916167664670659	0.2472527472527473	0.281437125748503	0.2393611539663138	4.9	19.2	9.9	0.216	28.1	0	-1.65	1.98	-2.637
Tim Beckham	SS	48	5	R	178	0.24375	0.2937853107344633	0.36875	0.2917845622576742	6.7	30.6	13.5	0.315	28.2	9.09	-0.67	0.34	1.348
David Freese	3B	55	0	R	177	0.2160493827160494	0.2824858757062147	0.3703703703703703	0.2908998373056197	7.9	21.6	16.9	0.246	42.9	0	0	-5.08	0.678
Endy Chavez	CF	59	1	L	172	0.308641975308642	0.3313953488372093	0.4691358024691358	0.3456662682426886	4.1	14.2	14	0.333	28	28.57	0	0	2.093
Edgar Quero	C	48	0	S	167	0.1972789115646258	0.281437125748503	0.3061224489795918	0.2671054598292073	10.8	20.4	10.8	0.224	34.5	0	0	2.51	-0.719
Randal Grichuk	RF	55	0	R	167	0.2515723270440252	0.2874251497005988	0.389937106918239	0.2979160961259572	4.2	20.8	10.8	0.301	35	14.29	0	0.36	0.359
Jorge Mateo	SS	54	0	R	166	0.2645161290322581	0.2839506172839506	0.4193548387096774	0.3050787696982902	3	23.2	18.1	0.31	29.3	16.67	0.36	3.25	1.084
Logan O&#39;Hoppe	C	56	0	R	165	0.1891891891891892	0.2666666666666667	0.3040540540540541	0.2573638691476002	8.5	33.1	18.2	0.242	25	0	-1.82	-0.36	-1.455
Will Wagner	3B	57	0	L	162	0.1944444444444444	0.2732919254658385	0.2361111111111111	0.2386950106347157	8.6	25.7	3.7	0.252	14.3	0	-1.85	0.37	-1.852
Frank Russell	2B	52	5	R	162	0.2237762237762238	0.270440251572327	0.3006993006993007	0.2516960294003352	5.6	16.1	3.7	0.25	28.1	0	1.11	1.11	-0.37
Terry Moore	CF	54	5	R	160	0.2635135135135135	0.3125	0.3310810810810811	0.289386566243273	6.9	13.5	7.5	0.291	15.4	0	0	-0.75	-0.375
Dave Valle	C	55	0	R	160	0.2291666666666667	0.3018867924528302	0.3611111111111111	0.2972489060531374	8.8	10.4	15	0.232	27.3	22.22	0	1.88	-0.375
Corey Koskie	3B	55	0	L	156	0.2928571428571429	0.3612903225806451	0.4785714285714286	0.369349442379237	8.3	22.1	19.2	0.346	39	0	0	5	3.846
Greg Luzinski	LF	56	0	R	155	0.1956521739130435	0.2774193548387097	0.2898550724637681	0.2601263578744822	9.7	23.2	11.6	0.231	25.9	0	0	-5.42	-1.935
Judy Gans	LF	50	5	L	152	0.1893939393939394	0.2847682119205298	0.2727272727272727	0.2586826147287431	11.8	19.7	7.9	0.219	28	0	1.97	-0.79	-3.158
Bob Oliver	1B	57	0	R	151	0.2394366197183098	0.2582781456953642	0.4154929577464789	0.2894704499614481	3.3	19.7	23.8	0.25	38.2	0	0	-2.78	-0.397
Royce Clayton	SS	58	0	R	151	0.2536231884057971	0.3066666666666666	0.3623188405797101	0.2977688290806511	7.3	25.4	7.9	0.324	31.4	0	-0.79	2.78	3.179
Scoops Carey	1B	52	0	R	149	0.198581560283688	0.2416107382550336	0.2695035460992908	0.2302621801337783	4.7	20.6	0	0.25	32.1	11.11	0	-0.81	-3.221
Eric Davis	LF	54	0	R	147	0.1985294117647059	0.2517006802721088	0.375	0.2707365396799728	6.1	25.7	28.6	0.211	37	0	-2.04	0	-1.633
Jo Adell	RF	59	0	R	145	0.2647058823529412	0.3055555555555556	0.4191176470588235	0.3196152216794168	3.4	17.6	20.7	0.29	27.8	10	0.83	-3.72	0.414
Keith Ginter	2B	57	0	R	144	0.2681159420289855	0.2986111111111111	0.4202898550724637	0.3155261489005078	4.2	17.4	20.8	0.294	27	10	1.25	-3.75	1.25
Tony Scott	CF	41	0	S	143	0.2366412213740458	0.2937062937062937	0.3053435114503817	0.2704189083388776	7	19.1	0	0.29	25.8	12.5	2.1	3.78	0
Jim Doyle	3B	56	0	R	142	0.1953125	0.2642857142857143	0.2578125	0.2404280435746871	8.5	18	4.2	0.231	20	20	2.54	-0.42	-0.845
Double Duty Radcliffe	CF	57	0	R	141	0.1612903225806452	0.2624113475177305	0.25	0.2407756575102545	11.3	25.8	8.5	0.2	35	0	1.28	2.13	-5.957
Tom Padden	C	57	0	R	140	0.2521008403361344	0.3571428571428572	0.3277310924369748	0.3149995829814148	13.6	17.6	4.3	0.296	23.3	0	0	-6	3
Aaron Boone	3B	59	1	R	140	0.237037037037037	0.2571428571428571	0.3333333333333333	0.2593303885522728	2.9	26.7	8.6	0.306	21.9	28.57	2.57	2.14	2.143
Dick Porter	RF	58	5	L	140	0.2992125984251969	0.3571428571428572	0.4330708661417323	0.3489308147918944	7.9	15	12.9	0.33	26.3	10	0	0.43	3
Gene Freese	3B	55	5	R	139	0.2635658914728682	0.302158273381295	0.4263565891472868	0.3174179525332836	5	18.6	17.3	0.291	35.3	8.33	-2.16	4.75	3.022
Mario Guerrero	SS	46	0	R	139	0.2556390977443609	0.2720588235294117	0.3007518796992481	0.2548561567456139	2.2	10.5	0	0.286	17.6	0	0	2.59	-0.863
Heriberto Hernandez	LF	57	0	R	136	0.2258064516129032	0.2740740740740741	0.3548387096774194	0.2757890451308241	4.4	18.5	17.6	0.242	28.6	0	0	-3.09	-0.882
Brooks Baldwin	LF	54	0	S	135	0.2195121951219512	0.2761194029850746	0.4146341463414634	0.3024104945879144	6.7	26	22.2	0.253	51.9	0	1.33	-5.78	-0.889
Dave Valle	C	55	5	R	134	0.2148760330578512	0.2835820895522388	0.2975206611570248	0.263298495344167	9	17.4	4.5	0.25	23.1	33.33	0	-6.72	-1.791
Luis Alicea	2B	59	2	S	133	0.2222222222222222	0.2556390977443609	0.3253968253968254	0.2566889712174619	3.8	18.3	4.5	0.262	35.7	10	-2.26	3.61	-0.451
Andrew Benintendi	LF	59	1	L	133	0.3076923076923077	0.3560606060606061	0.4444444444444444	0.3479880641787537	7.5	15.4	9	0.337	30.6	9.09	-4.51	-2.26	0
Wes Schulmerich	RF	51	0	R	130	0.1848739495798319	0.2538461538461538	0.3361344537815126	0.2570417323612135	8.5	21	18.5	0.2	36.4	25	0	0.92	-2.769
George Valera	RF	54	0	L	128	0.1512605042016807	0.1968503937007874	0.2436974789915966	0.199052576454253	5.5	28.6	14.1	0.181	27.8	0	0	-3.75	-4.219
Joey Wiemer	CF	55	0	R	128	0.25	0.3015873015873016	0.4051724137931034	0.3117121531038019	5.5	28.4	18.8	0.312	34.5	0	1.41	-2.34	0.938
Alek Thomas	CF	51	0	L	125	0.2166666666666667	0.2295081967213115	0.325	0.2433573185141596	0.8	21.7	9.6	0.261	34.6	0	2.4	1.44	-1.44
Clyde Vollmer	RF	55	5	R	123	0.1875	0.2439024390243902	0.4017857142857143	0.2815600081829213	7.3	31.2	39	0.183	38.1	0	0	-6.34	-0.976
Nick Loftin	3B	55	0	R	118	0.1851851851851852	0.2542372881355932	0.3148148148148148	0.2571924278224488	8.5	24.1	20.3	0.205	30	0	-3.56	-1.53	-2.034
Hye-seong Kim	SS	50	0	L	117	0.1792452830188679	0.2232142857142857	0.2169811320754717	0.20214351676474	4.3	28.3	0	0.25	21.1	0	1.54	1.03	-2.564
Mark Quinn	LF	59	5	R	117	0.2	0.264957264957265	0.3428571428571429	0.2706161036151805	6	20	15.4	0.217	42.9	0	1.54	-0.51	-1.026
Carlos Narvaez	C	49	0	R	114	0.25	0.3303571428571428	0.4	0.3224580210580429	9.6	27	10.5	0.324	44	0	0	1.58	4.211
Vince DiMaggio	CF	46	0	R	113	0.1682242990654206	0.2035398230088496	0.2523364485981308	0.2038020017660587	4.4	29	10.6	0.213	22.2	25	-2.65	-2.12	-5.841
Tony Horton	1B	58	1	R	112	0.2	0.2232142857142857	0.3904761904761905	0.2588185691433985	3.6	23.8	26.8	0.205	42.9	11.11	0	1.07	-1.607
Ron Hansen	SS	58	1	R	111	0.2156862745098039	0.2792792792792793	0.3137254901960784	0.2685869126812149	7.2	14.7	10.8	0.235	27.3	0	0	0	0
Alex Jackson	C	48	0	R	109	0.12	0.1834862385321101	0.19	0.175174058312865	5.5	34	11	0.154	25	0	0	-2.75	-7.156
Tony Armas	CF	48	1	R	108	0.1941747572815534	0.212962962962963	0.3398058252427185	0.2397518702128668	2.8	30.1	22.2	0.229	35	0	0	-2.78	-3.333
Tony Lupien	1B	52	5	L	107	0.3265306122448979	0.3773584905660378	0.3775510204081632	0.3397753349999232	5.6	11.2	0	0.368	15.6	0	-1.12	-1.12	2.243
Larry Bowa	SS	57	0	S	103	0.2065217391304348	0.2525252525252525	0.25	0.2289534422268123	5.8	7.6	5.8	0.212	10.5	0	0	1.17	-1.748
Mel Almada	CF	43	0	L	103	0.2127659574468085	0.2718446601941747	0.2872340425531915	0.2529761377213509	7.8	18.1	5.8	0.247	20	25	0	4.66	-1.165
Mike Trout	CF	51	1	R	102	0.1505376344086022	0.2156862745098039	0.2473118279569892	0.2124639689156703	6.9	16.1	17.6	0.145	21.4	0	-4.12	-0.59	-4.706
Bernie Carbo	LF	56	1	L	101	0.1648351648351648	0.2475247524752475	0.2307692307692308	0.2244832520416125	8.9	27.5	5.9	0.215	26.7	0	0	0	-2.97
Hal Lanier	SS	43	0	R	101	0.2717391304347826	0.3168316831683168	0.2826086956521739	0.2724667819515588	5.9	7.6	0	0.287	4	0	0	8.32	3.564
Tyler Locklear	1B	54	0	R	99	0.2613636363636364	0.3333333333333333	0.4090909090909091	0.3278767860052956	10.1	30.7	6.1	0.361	47.8	0	0	8.48	1.818
John Bateman	C	44	5	R	99	0.2391304347826087	0.2929292929292929	0.4239130434782609	0.3134984977476402	7.1	27.2	18.2	0.297	36.4	37.5	0	-15.76	1.818
Bill Knickerbocker	SS	57	2	R	98	0.3404255319148936	0.3608247422680412	0.4680851063829787	0.3639865636005665	3.1	14.9	12.2	0.385	25	0	-3.06	-9.8	5.51
Buddy Hassett	1B	50	5	L	97	0.3522727272727273	0.3917525773195876	0.375	0.3424212431475263	7.2	12.5	0	0.392	6.5	0	1.24	1.24	1.856
Rowdy Tellez	1B	52	5	L	97	0.2043010752688172	0.2371134020618557	0.3870967741935484	0.2728286095319692	4.1	19.4	24.7	0.211	47.4	0	0	-4.33	-1.237
Del Rice	C	40	5	R	97	0.3152173913043478	0.3505154639175257	0.4130434782608696	0.3385241752060676	4.1	27.2	6.2	0.424	24.1	0	0	2.47	3.711
Bobby Abreu	RF	46	0	L	96	0.2717391304347826	0.2947368421052631	0.3260869565217391	0.2773868975760789	2.1	26.1	6.2	0.358	12	0	3.12	0.62	0
Marlon Anderson	2B	54	0	L	94	0.2444444444444444	0.2688172043010753	0.3111111111111111	0.2573811223530786	3.2	17.8	0	0.297	22.7	20	0	-5.74	0
Bennie Tate	C	48	0	L	93	0.1764705882352941	0.2282608695652174	0.2235294117647059	0.2070234406255416	6.5	7.1	0	0.188	26.7	0	0	-0.65	-1.935
Dick Bartell	SS	55	5	R	93	0.2375	0.3260869565217391	0.4125	0.3257404892876253	10.8	13.8	6.5	0.261	57.9	9.09	0	2.58	3.226
Ryne Sandberg	2B	57	1	R	93	0.2906976744186047	0.3333333333333333	0.4651162790697674	0.3483193457881569	5.4	20.9	19.4	0.333	36	0	3.87	4.52	7.742
Tom Herr	2B	58	1	S	93	0.2988505747126437	0.3440860215053764	0.4137931034482759	0.3355909110996964	6.5	14.9	6.5	0.342	30.8	0	-1.29	7.1	2.581
Roberto Kelly	CF	53	5	R	91	0.3048780487804878	0.3406593406593407	0.5	0.3604953473187768	6.6	14.6	26.4	0.304	32	0	-1.32	3.96	2.637
Jackie Robinson	1B	58	4	R	91	0.3	0.3846153846153846	0.425	0.3590851051019386	9.9	12.5	13.2	0.324	25	0	1.98	5.27	3.956
Nathan Church	LF	53	0	L	89	0.225	0.2727272727272727	0.2875	0.2525587595739284	4.5	16.2	6.7	0.25	16.7	0	0	3.37	-2.022
Eliezer J. Alfonzo	C	48	0	R	88	0.2906976744186047	0.2954545454545455	0.4883720930232558	0.3385340451337621	1.1	29.1	34.1	0.351	28	0	0	-2.05	4.091
Rece Hinds	RF	53	0	R	88	0.2289156626506024	0.2613636363636364	0.3975903614457831	0.2876044714759242	4.5	34.9	27.3	0.294	31.6	0	-1.36	0	-1.364
Maurice Archdeacon	CF	45	0	L	88	0.189873417721519	0.2613636363636364	0.189873417721519	0.2146469652522676	9.1	36.7	0	0.294	0		0	-5.45	-3.409
Joe Mack	C	51	0	L	85	0.1973684210526316	0.2619047619047619	0.2631578947368421	0.2399382708730546	7.1	35.5	0	0.3	33.3	0	0	-2.82	-4.941
Joe Nuxhall	P	55	0	L	80	0.2207792207792208	0.25	0.3506493506493507	0.2647464621793271	3.8	28.6	15	0.283	35.3	0	0	0	-0.75
Cando Lopez	CF	59	1	R	75	0.2058823529411765	0.2266666666666667	0.25	0.2092814783451946	4	17.6	0	0.233	21.4	0	0	-12	-5.6
Clay Dalrymple	C	51	0	L	74	0.2424242424242424	0.3150684931506849	0.3787878787878788	0.3114303166457023	6.8	12.1	16.2	0.25	31.2	0	0	0.81	0
Roberto Kelly	CF	53	0	R	73	0.1911764705882353	0.2465753424657534	0.3088235294117647	0.249648874406873	5.5	27.9	16.4	0.234	23.1	33.33	0	2.47	-2.466
Frank House	C	52	0	L	72	0.2686567164179104	0.2957746478873239	0.417910447761194	0.3108475241505053	4.2	26.9	16.7	0.333	33.3	0	0	0.83	2.5
Freddy Galvis	SS	58	1	S	71	0.3181818181818182	0.352112676056338	0.5303030303030303	0.3779983100977772	5.6	12.1	8.5	0.345	47.6	20	0	0.85	5.915
Blake Swihart	C	45	0	S	69	0.1774193548387097	0.25	0.3225806451612903	0.2582136653317281	7.2	38.7	17.4	0.25	45.5	0	0	0	-0.87
Brandon Lockridge	LF	50	0	R	67	0.1186440677966102	0.2238805970149254	0.1694915254237288	0.1928426366298739	11.9	23.7	0	0.156	42.9	0	2.69	0	-2.687
Jay Payton	CF	58	0	R	65	0.1333333333333333	0.2	0.1833333333333333	0.1819519950525426	6.2	20	9.2	0.149	12.5	0	0	0.92	-6.462
Lu Blue	1B	54	5	S	65	0.2413793103448276	0.3230769230769231	0.2758620689655172	0.2775166376160664	10.8	12.1	0	0.275	7.1	100	0	7.38	-0.923
Leonardo Rivas	3B	56	0	S	64	0.2413793103448276	0.296875	0.293103448275862	0.2677739803392394	7.8	27.6	9.4	0.31	7.1	0	0.94	5.62	0.938
Cam Smith	RF	55	0	R	63	0.1730769230769231	0.3015873015873016	0.2307692307692308	0.2552059054509286	14.3	30.8	0	0.243	22.2	50	0	-0.95	-3.81
Chris Singleton	CF	45	0	L	61	0.28	0.4098360655737705	0.38	0.3599967253822287	18	18	0	0.341	28.6	25	1.97	2.95	2.951
Scott Cooper	3B	58	5	L	60	0.2631578947368421	0.3	0.456140350877193	0.3297310506428885	5	10.5	20	0.265	46.7	0	0	-3	4
Freddy Fermin	C	53	0	R	58	0.2407407407407407	0.2807017543859649	0.3148148148148148	0.2675284116140736	5.2	25.9	10.3	0.308	15.4	0	0	-9.31	0
Rob Refsnyder	RF	54	0	R	58	0.2727272727272727	0.2982456140350877	0.4727272727272727	0.3365411825740928	1.7	25.5	31	0.316	33.3	0	0	-4.14	0
Greg Norton	3B	58	5	S	58	0.1372549019607843	0.1929824561403509	0.3333333333333333	0.2274851554927552	6.9	23.5	20.7	0.128	85.7	0	0	6.21	-3.103
Eddie Robinson	1B	56	5	L	58	0.3148148148148148	0.3620689655172414	0.5740740740740741	0.4046529953044165	6.9	13	31	0.318	47.1	0	0	-14.48	4.138
Double Duty Radcliffe	CF	57	2	R	58	0.1851851851851852	0.2241379310344828	0.3148148148148148	0.2383348799308745	3.4	24.1	20.7	0.2	30	0	0	-12.41	-1.034
Jack Marshall	2B	58	0	R	56	0.2244897959183673	0.2830188679245283	0.2653061224489796	0.2521372883178132	5.4	16.3	0	0.268	18.2	0	-2.14	-8.57	-4.286
Jonathan Villar	3B	58	3	S	55	0.3653846153846154	0.4	0.5384615384615384	0.4080027912653083	5.5	21.2	10.9	0.45	26.3	40	-3.27	12	8.727
Pat Duncan	LF	59	0	R	54	0.1764705882352941	0.2037037037037037	0.3137254901960784	0.2260994097179779	3.7	19.6	22.2	0.175	33.3	0	0	0	-7.778
Lloyd Waner	CF	50	0	L	53	0.2307692307692308	0.2452830188679245	0.3461538461538461	0.2592329632349282	0	9.6	11.3	0.239	25	33.33	0	1.13	-1.132
Jerry Adair	2B	45	0	R	53	0.24	0.2692307692307692	0.3	0.2549187592656615	1.9	22	0	0.308	25	0	0	0	2.264
Marquis Grissom	CF	52	0	R	51	0.2653061224489796	0.2941176470588235	0.4081632653061225	0.3065839156000507	3.9	22.4	11.8	0.324	23.1	66.67	1.18	2.35	2.353
Tom Padden	C	57	5	R	51	0.1666666666666667	0.3137254901960784	0.2619047619047619	0.2755967014272913	17.6	33.3	11.8	0.222	28.6	0	0	-1.18	1.176
Brady House	3B	48	0	R	50	0.148936170212766	0.2	0.2978723404255319	0.2223992587245874	6	42.6	24	0.2	42.9	0	0	0	-1.2
Wally Post	RF	54	0	R	50	0.163265306122449	0.18	0.2653061224489796	0.1959775044186847	2	24.5	12	0.194	37.5	0	0	4.8	-6
Jay Payton	CF	58	5	R	50	0.3111111111111111	0.38	0.4	0.3504519057323576	10	20	12	0.371	14.3	0	0	-2.4	0
Keibert Ruiz	C	50	0	S	49	0.3125	0.3265306122448979	0.5	0.359810680907841	2	8.3	24.5	0.31	33.3	0	0	-3.67	4.898
Rafael Landestoy	2B	44	0	S	49	0.3409090909090909	0.3958333333333333	0.3863636363636364	0.3519378513220985	8.2	18.2	0	0.417	13.3	0	0	-8.57	-1.224
Dane Myers	CF	52	0	R	48	0.2619047619047619	0.3260869565217391	0.3333333333333333	0.300146567549922	6.2	35.7	12.5	0.385	9.1	0	0	5	0
Kameron Misner	CF	57	0	L	48	0.2093023255813954	0.2916666666666667	0.3255813953488372	0.2803202006213727	10.4	37.2	12.5	0.308	33.3	0	3.75	5	0
Carl Reynolds	RF	59	1	R	48	0.119047619047619	0.2291666666666667	0.1666666666666667	0.1952388134237416	12.5	16.7	0	0.143	40	0	-6.25	3.75	-5
Greg Jones	RF	52	0	S	47	0.2727272727272727	0.3191489361702128	0.4545454545454545	0.3401999587569511	4.3	20.5	25.5	0.303	33.3	0	3.83	-5.11	3.83
TJ Friedl	CF	58	0	L	46	0.282051282051282	0.3555555555555556	0.3846153846153846	0.3287292952011777	10.9	25.6	0	0.367	36.4	0	0	2.61	2.609
Lou Criger	C	51	5	R	46	0.2105263157894737	0.2790697674418605	0.3421052631578947	0.2746181427919535	6.5	15.8	0	0.242	50	25	0	1.3	1.304
Bill Bradley	3B	56	0	R	46	0.2564102564102564	0.3181818181818182	0.3333333333333333	0.2914952546970168	8.7	12.8	0	0.286	30	0	0	2.61	1.304
Jim Hickman	CF	56	1	R	46	0.1136363636363636	0.108695652173913	0.1590909090909091	0.1135305932937321	0	34.1	0	0.161	40	0	0	1.3	-6.522
Garret Anderson	LF	49	5	L	46	0.4	0.4782608695652174	0.525	0.4444403556918756	8.7	12.5	13	0.441	18.8	0	0	-3.91	5.217
J.T. Realmuto	C	57	0	R	45	0.2380952380952381	0.2888888888888889	0.3333333333333333	0.2773519201099257	6.7	35.7	0	0.37	30	33.33	0	2.67	-1.333
Jimmy Archer	C	59	3	R	45	0.25	0.2666666666666667	0.3409090909090909	0.267119187550058	0	13.6	0	0.289	27.3	33.33	0	2.67	2.667
Wes Schulmerich	RF	51	5	R	44	0.2368421052631579	0.3023255813953488	0.4473684210526316	0.3250569128826359	9.1	13.2	27.3	0.219	44.4	0	0	4.09	4.091
Andy High	3B	59	5	L	44	0.2631578947368421	0.3181818181818182	0.4473684210526316	0.3291555443042384	9.1	5.3	27.3	0.222	30	0	-6.82	1.36	-1.364
Garrett Hampson	LF	52	0	R	42	0.1842105263157895	0.2619047619047619	0.2368421052631579	0.2326037843034058	9.5	21.1	0	0.233	28.6	0	0	1.43	0
Drew Waters	LF	56	0	S	42	0.1891891891891892	0.2857142857142857	0.2702702702702703	0.2590004084888049	9.5	29.7	0	0.269	42.9	0	0	7.14	-1.429
Yuli Gurriel	1B	41	5	R	42	0.2162162162162162	0.2857142857142857	0.3243243243243243	0.2735319655343246	9.5	18.9	14.3	0.233	25	0	0	1.43	0
Jake Rogers	C	54	0	R	41	0.1538461538461539	0.175	0.2051282051282051	0.1701093455997344	2.4	30.8	0	0.222	33.3	0	0	-1.46	-1.463
Patricio Scantlebury	P	56	0	L	40	0.2702702702702703	0.325	0.3513513513513514	0.3033570478632688	7.5	13.5	0	0.312	30	0	0	13.5	3
Jeff Hamilton	3B	45	5	R	39	0.3611111111111111	0.4102564102564102	0.5277777777777778	0.4107497577388544	7.7	11.1	15.4	0.387	30.8	0	0	-6.15	6.154
Rainey Bibbs	2B	53	0	S	38	0.3548387096774194	0.4324324324324325	0.5161290322580645	0.4049128665863761	10.5	16.1	15.8	0.385	27.3	0	0	9.47	6.316
Nick Sogard	1B	56	0	S	37	0.2121212121212121	0.2972972972972973	0.2727272727272727	0.2640367281281903	10.8	24.2	0	0.28	28.6	0	0	3.24	-1.622
Andy High	3B	59	0	L	37	0.2571428571428571	0.2777777777777778	0.3714285714285714	0.2835377938980826	2.7	14.3	0	0.3	33.3	33.33	0	-14.59	-3.243
Steve Sax	2B	53	0	R	37	0.09090909090909091	0.1891891891891892	0.09090909090909091	0.1469569970154345	10.8	21.2	0	0.115	0		-3.24	0	-8.108
Mel Almada	CF	43	5	L	37	0.1764705882352941	0.2432432432432433	0.1764705882352941	0.2004667923906006	8.1	11.8	0	0.2	0		0	3.24	-3.243
Clay Dalrymple	C	51	2	L	36	0.1333333333333333	0.2571428571428571	0.1333333333333333	0.2005535834871078	13.9	33.3	0	0.2	0		0	5	-1.667
Jimmy Binder	3B	52	0	R	36	0.2571428571428571	0.2571428571428571	0.2857142857142857	0.2399764487989701	0	14.3	0	0.3	11.1	0	0	-1.67	0
Ryne Sandberg	2B	57	4	R	36	0.2058823529411765	0.25	0.3529411764705883	0.2655950338400515	5.6	23.5	16.7	0.24	28.6	50	5	0	3.333
Don Zimmer	SS	59	3	R	35	0.21875	0.2857142857142857	0.25	0.2501990246052263	2.9	37.5	0	0.35	14.3	0	0	0	1.714
Gustavo Campero	RF	52	0	S	33	0.3333333333333333	0.3870967741935484	0.4444444444444444	0.3647742397314667	3	18.5	0	0.391	33.3	0	5.45	12.73	3.636
Tom Poorman	RF	58	5	L	33	0.2333333333333333	0.303030303030303	0.4	0.3116672390643047	6.1	20	18.2	0.261	28.6	50	0	7.27	3.636
Harry Lord	3B	53	5	L	33	0.1666666666666667	0.2424242424242424	0.3	0.2462261072510459	9.1	23.3	18.2	0.182	40	0	0	5.45	-1.818
Will Venable	RF	59	2	L	33	0.1785714285714286	0.2727272727272727	0.2857142857142857	0.2574571831515262	6.1	35.7	18.2	0.222	20	0	0	9.09	0
Walton Cruise	RF	50	0	L	31	0.3214285714285715	0.3870967741935484	0.3928571428571428	0.3490405830578652	9.7	28.6	0	0.45	11.1	100	0	-19.35	0
Eddie Robinson	1B	56	0	L	31	0.2	0.2758620689655172	0.48	0.3220361536396535	9.7	12	38.7	0.143	60	0	0	0	0
Johnny Temple	2B	57	0	R	31	0.1666666666666667	0.2758620689655172	0.1666666666666667	0.2193087761604483	9.7	20.8	0	0.2	0		0	-9.68	-1.935
Tony Piet	2B	54	1	R	30	0.2666666666666667	0.2666666666666667	0.5666666666666667	0.3555835778492532	0	16.7	40	0.261	50	25	0	0	-2