# CAP key=goldcapdaily__20260314 role=hit label=Gold Cap Daily type=Daily env=current variants=all_cards obsval=40-89 minIP=null minPA=30 dates=2026-07-05..2026-07-19 recordsTotal=648 rows=648
Name	POS	VAL	VLvl	Hand	PA	AVG	OBP	SLG	wOBA	BBpct	SOpct	HR600	BABIP	XBHpct	3B/XBH	wSB600	UBR600	WAR600
Chick Hafey	LF	89	0	R	7197	0.2946562593815671	0.3386625886278326	0.5457820474332032	0.3728799373875581	5.9	20.5	31.5	0.319	44.7	4.44	-0.4	4.24	4.177
Matt Wieters	C	82	0	S	5716	0.261633519984553	0.3231739358906989	0.3919675613052713	0.315046496969478	8	17.7	15.2	0.291	27.4	3.77	0	-4.14	3.044
Earl Webb	RF	72	0	L	5633	0.2633679169992019	0.3378354362893193	0.420391061452514	0.3327583841534581	9.7	21.7	11.4	0.315	42.3	2.5	-0.79	2.96	1.726
Nico Hoerner	2B	48	0	R	5631	0.2540936235792718	0.2997328584149599	0.3207474475052977	0.2776872892601565	5.8	15.8	1.7	0.295	21.5	10.95	-0.48	-0.02	0.469
Kevin Alcantara	CF	76	5	R	4808	0.2674664784756528	0.3439649781113196	0.4653022818160433	0.3496314422630106	10.1	24.6	25.7	0.307	36.7	2.88	-0.59	2.91	4.093
Kevin Alcantara	CF	76	0	R	4755	0.2529029261495588	0.3169548713622944	0.456572224802601	0.3335092183604724	8.1	27	27.5	0.296	38.5	5.25	-0.71	2.76	2.852
Ken Berry	LF	55	0	R	4444	0.2436724565756824	0.2941176470588235	0.3563275434243176	0.2869380844900915	6	19.1	9	0.283	31.2	4.58	-0.49	3.7	0.81
Bobby Witt Jr.	SS	83	5	R	4096	0.2791127541589649	0.3193934947419907	0.4724055980987589	0.33790436344503	5.6	16.2	24	0.292	34.1	12.22	1.95	4.22	4.512
Edgardo Alfonzo	2B	79	0	R	4012	0.2741130820399113	0.3395802098950525	0.4506651884700665	0.3429747483884362	8.5	20	16.7	0.313	40.7	2.48	-0.73	0.63	3.843
Carson Williams	SS	87	0	R	3950	0.2371813234030364	0.319634703196347	0.4308221140074477	0.3260696425622084	10.2	31.5	25.2	0.295	38.6	7.5	-1	1.85	3.813
John Donaldson	P	89	0	L	3873	0.2435682326621924	0.2895903991651448	0.3889821029082774	0.2961882469147946	5.4	22.1	15.2	0.286	34.4	8	-0.48	-0.42	-0.139
Prince Fielder	1B	87	0	L	3868	0.278462441314554	0.3542798034652185	0.4445422535211268	0.3485676924851401	10.3	17.8	20	0.303	32	1.32	0	-4.19	1.644
Jason Heyward	RF	57	0	L	3846	0.2607326846021751	0.3159958180867747	0.3606182026330853	0.3006573327289727	7.2	15	6.9	0.293	26.2	9.21	-0.8	2.56	1.092
Ken Griffey Jr.	CF	84	0	L	3708	0.2645278450363196	0.3367539832568188	0.4137409200968523	0.3299042645858413	9.4	20.9	16	0.305	33.5	0.68	-0.6	0.65	2.621
Gregg Jefferies	1B	84	5	S	3601	0.302562519296079	0.3665648430991391	0.4430379746835443	0.3549530573216341	9	10.2	14.5	0.314	26.6	7.66	0.88	2.57	3.149
Ichiro Suzuki	CF	88	0	L	3577	0.2957875457875458	0.3441011235955056	0.3763736263736264	0.3198320559026491	6.4	13.2	5.2	0.33	18.7	11.6	1.24	5.03	3.086
Spoony Palm	C	79	0	R	3415	0.2867877269881027	0.3231402528668039	0.5231684408265498	0.3583876017790151	4.8	16.2	30.4	0.294	42	6.23	-0.14	0.67	4.357
Jimmy Rollins	SS	69	0	S	3388	0.2539525691699605	0.3221040189125295	0.4232542819499341	0.3245230520293477	8.9	14.8	19.3	0.264	36.7	4.59	0.6	3.31	4.109
Bobby Witt Jr.	SS	83	0	R	3069	0.2658799028115238	0.3003926701570681	0.4425546685178757	0.3182439836560308	4.7	15.4	21.9	0.279	32.6	14	2.01	4.26	3.46
Yu Chang	SS	89	5	R	2994	0.2848773343097766	0.3408026755852843	0.4935920908092274	0.3576126563375552	7.2	20	22.4	0.318	42.4	4.85	-0.6	1.6	4.729
Jim Greengrass	LF	74	5	R	2911	0.2646281615704039	0.3211829436038515	0.4862212155530389	0.344750329418901	7.2	23	28.2	0.292	42.4	5.39	-0.72	0.06	2.576
Tony Scott	CF	41	0	S	2905	0.2044444444444445	0.2503462603878117	0.2714814814814815	0.2352399006234811	5.4	22.2	3.5	0.255	24.8	7.3	-0.27	0.66	-2.355
Tsung-Che Cheng	2B	44	0	L	2691	0.2330055579307396	0.3248882265275708	0.2911500641299701	0.2860141393198063	11.4	21.3	4.9	0.285	15.8	6.98	1.69	2.85	-0.089
Willie McGee	CF	79	0	S	2650	0.2833065810593901	0.3192452830188679	0.4542536115569824	0.3317036759188899	4.6	17.3	12.7	0.321	36.4	22.18	-0.23	4.46	3.192
Tino Martinez	1B	87	0	L	2477	0.2517289073305671	0.3346790472345579	0.4190871369294606	0.3292257228674731	10.8	14.6	21.3	0.256	34.1	0.54	-0.7	-1.4	1.55
Tino Martinez	1B	87	5	L	2413	0.303875236294896	0.37893864013267	0.5226843100189036	0.386190668175129	10.5	13.9	29.3	0.304	34.8	1.34	-0.32	-1.54	4.177
Dave Brain	3B	68	0	R	2412	0.2562969509500663	0.2930676629306767	0.4993371630578878	0.3341903744830939	4.4	22.9	33.8	0.273	45.5	5.3	-0.35	0.85	3.259
Carson Williams	SS	87	5	R	2411	0.2449076267171957	0.3298668885191348	0.4471814306016106	0.3367446851858513	11	29.8	26.1	0.296	38.3	9.6	-0.37	-0.6	4.28
Robin Yount	SS	83	5	R	2400	0.263425925925926	0.3281901584653878	0.4592592592592593	0.3395658830780829	8.3	16.6	22.8	0.276	39.9	6.17	-0.75	2.48	4.125
Tim Salmon	RF	65	5	R	2298	0.2512487512487512	0.3387026556377884	0.4555444555444556	0.3435595953629235	11.6	29.2	28.2	0.297	38.2	0.52	-0.55	1.02	1.697
Jim Greengrass	LF	74	0	R	2272	0.2598086124401914	0.3050621669626998	0.4535885167464115	0.3238705098942911	5.8	26.7	25.4	0.308	37.4	4.93	-0.61	1.08	1.532
Yu Chang	SS	89	0	R	2269	0.2502387774594078	0.2990282685512368	0.437440305635148	0.3170632738620706	6.3	22.9	24.1	0.281	38.4	4.48	-0.45	3.17	3.147
Nico Hoerner	2B	48	5	R	2263	0.2565947242206235	0.3028824833702882	0.3227817745803357	0.2806318713787125	6.1	15	1.9	0.295	21.9	5.98	-1.01	0.93	0.61
Jonathan Schoop	2B	67	0	R	2225	0.2688381137578998	0.3155056179775281	0.4506562955760817	0.3295765646054035	6.2	23	24.3	0.306	34.7	1.04	0	-1.91	2.831
Danny Tartabull	RF	87	0	R	2179	0.2475299011960478	0.3285910968334098	0.5054602184087363	0.353331214191223	10.5	34	34.1	0.303	51.1	2.06	-0.17	-0.47	2.038
Luis Castillo	2B	73	0	S	2129	0.266839378238342	0.319753671245855	0.3782383419689119	0.3073400075994707	6.9	12.5	7.9	0.29	27	14.39	-0.82	0.03	2.198
Matty Alou	CF	69	0	L	2064	0.2817851582771147	0.3186012627489072	0.3814218993253762	0.3078093478254518	4.7	8.8	1.7	0.303	30.9	7.14	0.15	2.79	1.163
David Bell	3B	56	0	R	2039	0.240301724137931	0.2966060009837678	0.3636853448275862	0.2916560426174875	7.1	18.2	14.4	0.267	28.7	2.34	0	-0.24	1.501
Charlie Condon	1B	79	5	R	1961	0.2414425427872861	0.3584905660377358	0.4315403422982885	0.3482100349080441	15.2	27.2	19.9	0.289	44.3	3.43	-0.24	-2.81	2.57
Damion Easley	2B	73	0	R	1949	0.2543383947939262	0.290041067761807	0.4734273318872017	0.3246809773192876	4.5	23.5	32	0.278	41.2	1.55	-1.05	1.91	2.801
Danny Tartabull	RF	87	5	R	1889	0.2709599027946537	0.3554025423728814	0.540097205346294	0.3792021853671805	11.4	32.4	35.3	0.329	48	3.27	-0.32	-1.33	3.303
Andre Dawson	CF	77	5	R	1869	0.2848137535816619	0.3247726056714821	0.5163323782234956	0.356133257040656	5.2	20.1	30.2	0.306	38.6	12.5	-0.51	3.18	4.045
Ernie Banks	SS	83	5	R	1857	0.2632530120481928	0.3311793214862682	0.477710843373494	0.3466613772881609	8.9	16.2	28.8	0.263	39.1	4.09	0	-2.46	3.554
Willie McGee	CF	79	5	S	1846	0.2878526194588371	0.3235613463626493	0.482440990213011	0.3444487316959763	4.6	15.5	15.9	0.316	37.8	26.98	2.63	4.1	4.68
Rogers Hornsby	2B	83	0	R	1739	0.2545090180360721	0.3487031700288185	0.4415497661990648	0.345786696874367	12.2	18.4	17.9	0.278	45.9	0.57	0	-2.35	2.588
Zack Cozart	SS	83	0	R	1676	0.267211997273347	0.3508353221957041	0.4608043626448534	0.3520427656335313	11.2	17.9	21.5	0.287	37.2	12.33	-0.11	0.32	4.081
Tim Salmon	RF	65	0	R	1607	0.229957805907173	0.3086496577473553	0.3994374120956399	0.310831899222943	10.1	32.1	24.6	0.285	32.7	1.87	0.22	-0.3	0.075
Ernie Banks	SS	83	0	R	1581	0.2724719101123595	0.3390259329538267	0.4606741573033708	0.3457063171464346	8.9	17.4	25.4	0.287	33.8	2.29	-0.38	-1.4	3.909
Tsung-Che Cheng	2B	44	5	L	1576	0.2382697947214076	0.3333333333333333	0.3372434017595308	0.3041711042755709	11.9	21.3	9.1	0.284	24.9	7.41	1.68	3.2	1.218
Pablo Sandoval	3B	84	0	S	1576	0.2911825017088175	0.3329097839898348	0.4866712235133288	0.3509279861370961	5.5	18.1	23.2	0.317	37.1	3.8	-0.19	0.38	4.378
Duke Snider	CF	73	0	L	1574	0.2183195592286502	0.2685897435897436	0.3698347107438016	0.2787649987467603	5.9	29.2	17.9	0.274	36.3	9.57	-1.07	1.83	0.953
Curtis Granderson	CF	75	0	L	1523	0.2456011730205279	0.3143989431968296	0.4002932551319648	0.3134090988546317	8.4	25	13.4	0.302	35.5	20.17	-0.24	2.99	1.891
Willy Adames	SS	59	0	R	1500	0.224446032880629	0.2685370741482966	0.3917083631165118	0.284350662766953	5.2	27.9	22.4	0.268	38.9	0	-0.4	2.88	2.08
Jackie Robinson	3B	68	0	R	1493	0.2582375478927203	0.3391655450874832	0.3969348659003831	0.3262946353602023	10.4	12.5	16.1	0.266	28.5	5.21	-0.16	1.17	2.733
Jelly Jackson	SS	47	5	R	1491	0.2088752869166029	0.2739160357880248	0.2754399387911247	0.2504031457971999	7.5	17.8	5.2	0.24	20.1	10.91	-0.4	-1.57	-0.04
Travis Bazzana	2B	87	0	L	1486	0.2615384615384616	0.3497304582210243	0.3976923076923077	0.3326061543688461	11.8	16.9	10.9	0.296	32.9	9.82	0.32	2.46	2.584
Jackie Bradley Jr.	CF	69	0	L	1419	0.2364493322859387	0.3034580098800282	0.3487824037706206	0.2905170754900929	8.4	23.9	8	0.292	32.9	6.06	1.14	2.66	1.099
Dan Pasqua	LF	79	5	L	1407	0.2658022690437601	0.3477951635846372	0.4392220421393841	0.343646719732774	10.9	29.6	22.6	0.333	32.9	0	-0.43	-1.66	1.663
John Leary	1B	40	0	R	1387	0.2069224981188864	0.2311594202898551	0.3002257336343115	0.2329975916541095	2.6	23.3	5.2	0.259	34.9	4.17	0.43	-0.56	-3.288
Lorenzo Cain	CF	84	0	R	1376	0.266147859922179	0.3042212518195051	0.3968871595330739	0.305242534530638	4.8	18.9	10	0.309	32.2	10.91	0.26	4.75	2.529
Coot Veal	SS	40	0	R	1357	0.2441008950366151	0.290443942814146	0.2929210740439381	0.2641681235084659	5.6	19	1.8	0.295	17.3	0	-0.22	-1.02	-0.84
Al Burch	CF	41	0	L	1302	0.2068965517241379	0.2687258687258687	0.2371740958788898	0.2348678632077036	7.1	24.8	1.8	0.271	11	3.7	-1.52	-0.41	-3.041
Tony Phillips	LF	88	0	S	1301	0.2601769911504425	0.3528055342044581	0.3300884955752212	0.3125031219575167	12.2	21.4	3.2	0.324	22.1	0	-0.92	2.72	1.337
Robin Yount	SS	83	0	R	1284	0.2679628064243449	0.31640625	0.4623837700760778	0.3341874654202759	6.5	17.2	22.4	0.286	40.1	5.51	0.7	4.3	3.458
Bill Robinson	LF	47	0	R	1273	0.2353426919900908	0.2614173228346457	0.4269199009083402	0.2926098662165443	3.4	28.4	27.8	0.276	37.2	7.55	0.42	0.85	0.424
Juan Uribe	SS	66	0	R	1255	0.239766081871345	0.2642113690952762	0.3943191311612364	0.280616926234656	2.9	24.7	13.4	0.294	35.2	27.72	0.76	1.77	1.578
Jelly Jackson	SS	47	0	R	1251	0.2071428571428572	0.2623355263157895	0.2857142857142857	0.2472130995330894	6.2	18.4	9.1	0.236	19.8	8.7	-0.48	-1.1	-0.288
Howard Johnson	3B	84	5	S	1226	0.2703461178671656	0.3551020408163265	0.4892422825070159	0.3638225039889508	11.4	26.2	25.4	0.317	43.9	2.36	1.13	4.01	3.524
Troy Glaus	3B	58	0	R	1215	0.2186642268984446	0.2864238410596027	0.37419945105215	0.2898689022782155	8.3	27.4	19.3	0.262	37.7	2.22	0.2	3.6	0.198
Henry Blanco	C	54	0	R	1200	0.1925581395348837	0.2626262626262627	0.2725581395348837	0.244111234341994	8.3	22.9	7.5	0.234	23.7	14.29	0	-4.1	-0.65
Bruno Block	C	41	0	R	1193	0.2041181736794987	0.2392223161453931	0.2685765443151298	0.2267622151472248	4.1	27	1	0.274	23.7	25.93	-0.65	-0.55	-2.263
Brooks Robinson	3B	49	0	R	1187	0.2084481175390266	0.2534129692832764	0.2984389348025712	0.2457843284411105	5.2	22.2	9.1	0.248	26.4	3.33	0	-0.4	0
John Olerud	1B	68	0	L	1147	0.2607802874743326	0.3638743455497382	0.3839835728952772	0.3366059833772807	13.7	14.8	11	0.285	29.9	2.63	-0.52	-1.26	2.092
Jim Tabor	3B	54	0	R	1147	0.2526115859449193	0.3001760563380282	0.4283000949667616	0.3140532122053414	5.6	18.7	23.5	0.27	34.6	3.26	-0.21	1.94	2.668
Darrel Chaney	SS	40	0	S	1146	0.2077431539187913	0.2591943957968476	0.2681775259678942	0.2394117741305995	6.1	23	1	0.266	23.6	15.38	-0.05	0	-2.199
Blake Swihart	C	45	0	S	1132	0.1969552806850619	0.2462356067316209	0.2521408182683159	0.2265625832169465	6.1	28	3.2	0.265	21.3	4.55	-0.8	0.9	-3.763
Austin Jackson	CF	48	0	R	1123	0.2363636363636364	0.2768817204301075	0.3531100478468899	0.2754727865667986	4.7	27.8	7.5	0.311	32.4	17.5	0.05	1.28	-0.107
George Pinkney	3B	40	0	R	1119	0.2195367573011077	0.3002680965147453	0.2809667673716012	0.2679714143349556	9.4	19.9	1.6	0.269	22.9	10	-0.7	-1.02	-1.769
Sid Gordon	3B	89	5	R	1114	0.2553191489361702	0.3638814016172507	0.4840425531914894	0.3663206240570711	14.3	16.7	30.2	0.25	42.1	1.98	-0.27	-0.32	3.07
Andy Seminick	C	66	5	R	1089	0.2459183673469388	0.310376492194674	0.4377551020408163	0.3222245782169699	8.4	24	25.3	0.274	37.3	6.67	0	1.76	2.975
Bob Horner	3B	84	0	R	1088	0.2585669781931464	0.3351749539594843	0.4766355140186916	0.3484971616858843	10.2	28.1	27.6	0.306	42.6	3.77	-0.55	-1.65	2.371
Willie Keeler	RF	77	5	L	1084	0.343108504398827	0.3748845798707294	0.4956011730205279	0.3745619476292231	4.6	6.5	7.7	0.356	27.6	31.96	-0.5	3.32	3.819
Mark Bellhorn	2B	64	0	S	1074	0.2287292817679558	0.3380149812734082	0.3491712707182321	0.3123007862201164	13.4	30.6	13.4	0.299	28	5.17	-0.56	3.13	1.62
Jackie Robinson	2B	79	5	R	1068	0.279045643153527	0.3367924528301887	0.4481327800829876	0.340855678382008	7.3	17.1	18	0.306	34.6	6.45	-0.34	2.81	3.652
Cecil Cooper	1B	89	0	L	1026	0.3385093167701863	0.3672869735553379	0.5424430641821946	0.3876245837084786	4.1	14	25.1	0.357	33	2.78	0.7	2.63	4.971
George Hunter	RF	40	0	S	1011	0.2132196162046908	0.2653465346534654	0.2654584221748401	0.2423277909196588	6	30	0	0.303	24	2.08	0	-1.84	-3.501
Chick Hafey	LF	89	5	R	1011	0.288961038961039	0.3363006923837784	0.5465367965367965	0.3696305740525458	6.4	15.8	29.1	0.293	49.8	5.26	-0.12	1.54	3.798
Leo Cardenas	SS	68	0	R	1005	0.2538975501113586	0.32	0.4053452115812918	0.3160504107391523	8.8	25.3	12.5	0.314	35.5	16.05	0	3.04	2.687
Ivan Rodriguez	C	76	0	R	1003	0.2422566371681416	0.3090727816550349	0.3805309734513274	0.3028859681793136	8.6	20.4	13.8	0.278	35.2	2.6	-1.38	1.08	2.094
Braden Montgomery	RF	74	5	S	998	0.2837837837837838	0.354062186559679	0.4628378378378378	0.3541152007978294	9.5	21.3	18.6	0.327	35.7	7.78	-0.18	2.65	3.547
Duke Snider	CF	73	5	L	992	0.2420937840785169	0.2909090909090909	0.4045801526717557	0.3015922559665355	5.7	26.9	17.5	0.298	38.7	5.81	-1.27	3.08	1.935
Tony Scott	CF	41	5	S	979	0.2368715083798883	0.2842430484037075	0.3284916201117318	0.2723096600515522	5.9	19.1	6.1	0.278	27.4	6.9	0.37	1.59	-0.429
Steve Finley	CF	89	0	L	978	0.2767154105736783	0.3298969072164948	0.3959505061867267	0.3195174356674433	6.9	16.2	3.7	0.322	31.3	22.08	1.78	4.42	3.067
David Freese	3B	55	5	R	967	0.2406542056074766	0.3167701863354037	0.3925233644859813	0.3129324486570411	9.5	21.1	19.2	0.268	33	0	-0.62	-3.16	0.807
Giancarlo Stanton	RF	69	0	R	956	0.2545871559633027	0.3138075313807531	0.4678899082568808	0.3355298162000227	7.3	28.8	31.4	0.298	37.8	2.38	-0.19	-2.7	1.82
Devin Mesoraco	C	82	5	R	954	0.2491186839012926	0.3165618448637317	0.5217391304347826	0.3521427031965039	8.7	23.1	41.5	0.243	46.7	1.01	-0.31	-1.57	2.453
Lonny Frey	2B	88	0	L	941	0.2186732186732187	0.310752688172043	0.316953316953317	0.2864950307798143	11.7	18.4	7	0.254	28.1	16	1.28	2.81	1.722
Jonathan Lucroy	C	48	0	R	931	0.2599758162031439	0.3297529538131042	0.3627569528415961	0.3087921164582216	9.2	14.5	6.4	0.289	26	16.07	-0.32	-4.58	-0.387
Bobby Bonilla	RF	84	0	S	931	0.2493796526054591	0.3480128893662728	0.4578163771712159	0.3485667316815077	12.7	19.9	29	0.259	37.8	2.63	-0.32	-0.06	3.416
Maurice Archdeacon	CF	45	0	L	905	0.2229299363057325	0.3181818181818182	0.2713375796178344	0.2763539083080169	11.3	31.1	2	0.317	14.3	28	-2.06	4.24	-0.729
Jackie Bradley Jr.	CF	69	5	L	894	0.230958230958231	0.2930648769574944	0.3525798525798526	0.2857406239249899	7.4	24.4	9.4	0.287	36.7	2.9	2.48	1.68	1.678
Jose Vidro	2B	77	5	S	867	0.2880921895006402	0.3449477351916376	0.41101152368758	0.3321618626208442	7.6	11.3	7.6	0.31	31.6	4.23	0	0.42	2.63
Jeimer Candelario	3B	56	5	S	826	0.2606951871657754	0.3232445520581114	0.3770053475935829	0.3102943691553289	8.2	21.8	8	0.317	32.3	3.17	0	-4.58	0.654
Lu Blue	1B	54	0	S	825	0.1935933147632312	0.2811735941320294	0.2437325905292479	0.2454108485101029	10.5	18.5	1.5	0.231	18	28	-0.51	-1.96	-3.2
Woodie Held	SS	79	0	R	824	0.2270861833105335	0.3090024330900243	0.3939808481532148	0.3085324366619142	9.7	30	18.2	0.288	39.8	9.09	-0.36	-3.86	1.456
Sammy Sosa	RF	43	0	R	824	0.2217847769028871	0.2661782661782662	0.3871391076115486	0.2810540347493172	5.3	34.9	19.7	0.298	37.3	14.29	0.51	3.64	0.073
Gerardo Parra	LF	77	0	L	818	0.2733423545331529	0.3386503067484662	0.4073071718538566	0.3297907046533042	8.1	18.8	13.9	0.314	27.2	10.91	0.22	4.62	2.787
Jackie Robinson	2B	79	0	R	805	0.2493150684931507	0.2935196950444727	0.3767123287671233	0.2921273845308845	6	17.3	11.2	0.28	31.9	8.62	-0.22	1.71	0.894
Roger Maris	RF	82	5	L	803	0.2388888888888889	0.3113325031133251	0.4819444444444445	0.3382447128346848	9	14.4	35.9	0.216	43.6	5.33	0	-0.3	1.719
Bob Horner	3B	84	5	R	800	0.2913719943422914	0.3625	0.5487977369165488	0.385706751100693	9.8	23.1	34.5	0.316	42.7	2.27	-0.07	-1.12	4.8
Roy Campanella	C	86	0	R	797	0.2346521145975443	0.2860727728983689	0.4188267394270123	0.3030506437076404	6.1	23.3	27.1	0.255	34.9	5	0	-0.83	1.807
Felipe Lopez	SS	68	5	S	796	0.2662889518413598	0.3396464646464646	0.4263456090651558	0.3342554670706917	9.7	23.2	17.3	0.315	33.5	6.35	-1.28	2.19	1.96
Mike Stanley	C	80	5	R	781	0.2756598240469208	0.3512820512820513	0.4970674486803519	0.3636644657014369	10.8	19.1	29.2	0.285	39.9	0	0	-5.3	2.766
Brian Dozier	2B	88	5	R	778	0.2670537010159652	0.3410553410553411	0.5079825834542816	0.3616959625832976	9.9	22.9	30.8	0.289	43.5	7.5	0.08	2.7	4.55
Bob Fothergill	LF	86	0	R	772	0.2727272727272727	0.3134715025906736	0.4195804195804196	0.317218193725926	5.2	18.9	9.3	0.317	38.5	8	0.16	-1.79	0.622
Lee May	1B	71	5	R	758	0.260431654676259	0.3139841688654353	0.483453237410072	0.3401791298463708	6.5	30.8	32.5	0.314	37	8.96	-0.4	-2.14	2.137
Charlie Eden	LF	40	0	L	751	0.2297872340425532	0.272	0.3134751773049645	0.2611203038997922	4.9	20	4	0.279	29	4.26	-1.12	-0.72	-2.477
Mickey Tettleton	C	69	0	S	750	0.2106109324758842	0.3413333333333333	0.3488745980707396	0.3161485796965545	15.6	34.7	16.8	0.284	32.1	4.76	0.24	-2.32	0.08
Ken Griffey Jr.	RF	78	5	L	739	0.234108527131783	0.3188602442333786	0.3705426356589147	0.3047224797757945	10.6	20.9	18.7	0.259	27.8	0	0.16	-3.09	-0.162
Brett Butler	CF	64	0	L	734	0.2841614906832298	0.3637602179836512	0.3680124223602484	0.3277653130666671	10.9	17.5	4.1	0.335	20.2	18.92	0.25	4.41	1.471
Eduardo Quintero	CF	88	0	R	733	0.2440570522979398	0.3429355281207133	0.3977812995245642	0.3292562640968666	12.3	25.5	9.8	0.309	40.3	17.74	-0.16	7.29	3.111
Vic Power	1B	76	5	R	728	0.3049853372434018	0.3314993122420908	0.4970674486803519	0.3525416738139668	3.3	8.1	16.5	0.304	39.4	10.98	-1.32	1.15	3.956
Mel Almada	CF	43	0	L	716	0.2203647416413374	0.2638297872340425	0.2750759878419453	0.2429092804291676	4.9	15	2.5	0.253	18.6	11.11	-1.51	1.51	-2.598
Edgardo Alfonzo	2B	79	5	R	706	0.277602523659306	0.3375886524822695	0.4558359621451104	0.3422403244020682	8.6	18.1	19.5	0.303	37.5	1.52	-0.42	-0.08	4.504
Greg Briley	LF	64	5	L	698	0.2476038338658147	0.3160919540229885	0.3674121405750799	0.3041628634197607	8.6	26.2	11.2	0.313	29	8.89	-0.09	1.72	-0.172
Byron Buxton	CF	64	0	R	690	0.2542635658914729	0.2948905109489051	0.3922480620155039	0.2999192424843644	4.8	24.3	9.6	0.319	37.8	8.06	2.26	3.83	2.174
Dick Allen	3B	79	0	R	682	0.2554621848739496	0.3387096774193548	0.4134453781512605	0.3308933202751882	10.7	27.2	22	0.305	27.6	4.76	0.26	1.32	2.023
John Leary	1B	40	5	R	679	0.2426127527216174	0.2717872968980798	0.3530326594090202	0.2730146789002264	3.5	23.3	8	0.3	32.7	3.92	0.09	0.88	-0.707
Joe Torre	C	57	0	R	677	0.2096273291925466	0.241839762611276	0.3105590062111801	0.2429187308668678	4	24.7	8	0.264	31.1	11.9	0	0.44	-1.064
Tim Beckham	SS	48	0	R	669	0.2321428571428572	0.2833583208395802	0.3701298701298701	0.2859022793276997	6	33.1	17	0.312	29.4	11.9	-0.09	-0.63	-1.076
Al Simmons	CF	89	5	R	668	0.2592592592592592	0.3008982035928144	0.4798711755233495	0.3306933485064342	5.5	20.9	27.8	0.278	45.3	2.74	0.36	2.25	1.886
Julio Lugo	SS	73	0	R	665	0.2896081771720613	0.3659638554216867	0.4173764906303237	0.3474831644927254	10.4	14	9.9	0.319	28.8	8.16	3.88	4.33	4.602
John Bateman	C	44	0	R	656	0.1996699669966997	0.2450229709035222	0.2838283828382838	0.2357917577385497	5.5	23.3	6.4	0.245	24	27.59	0	-2.56	-2.378
Owen Caissie	RF	78	0	L	654	0.2120689655172414	0.2940275650842267	0.3741379310344828	0.2922449313444176	9.8	26.7	17.4	0.254	45.5	0	0.18	0.18	-0.734
Ketel Marte	SS	68	0	S	648	0.2692998204667864	0.3534883720930233	0.3536804308797127	0.3200127510349402	11.1	17.8	0	0.321	30.7	2.17	-3.43	2.78	1.204
Oliver Marcell	3B	87	0	R	645	0.2003484320557491	0.2796875	0.3554006968641115	0.2809369594344452	9.5	17.2	18.6	0.208	38.3	11.36	0.09	1.95	1.302
Matt Davidson	1B	56	0	R	642	0.2442477876106195	0.3229329173166927	0.4070796460176991	0.3190589174913505	9.7	28.7	17.8	0.304	39.1	0	0	-4.21	0.748
Del Rice	C	40	0	R	640	0.2105263157894737	0.2421383647798742	0.2960526315789473	0.2384627585884956	3.1	33.1	5.6	0.303	30.5	2.56	0	-2.81	-3.562
Andre Dawson	CF	77	0	R	637	0.2739495798319328	0.3086614173228346	0.4605042016806722	0.3286518236013117	4.2	21.8	23.5	0.309	33.7	10.91	2.26	5.56	3.297
Bobby Bonds	RF	87	0	R	617	0.2048417132216015	0.3035714285714285	0.3854748603351955	0.303663446456435	11.3	29.2	28.2	0.229	34.5	2.63	0.78	3.99	1.459
Bill Buckner	LF	64	0	L	615	0.2996515679442509	0.3278955954323002	0.4425087108013937	0.3322813752790907	4.2	7	8.8	0.305	35.5	4.92	-0.59	-1.07	1.366
Mike Easler	1B	87	5	L	614	0.2559414990859232	0.3311582381729201	0.43327239488117	0.331790258174262	9.4	27.2	22.5	0.31	34.3	6.25	0	-2.35	1.075
Dave Henderson	CF	89	0	R	606	0.2355072463768116	0.2897350993377483	0.3894927536231884	0.2953299062202606	6.9	18.7	14.9	0.261	42.3	0	0	0	1.089
Mark Trumbo	1B	49	5	R	602	0.2169312169312169	0.245	0.4356261022927689	0.2863257724614912	3.7	26.6	33.9	0.228	45.5	0	-0.5	-0.6	-0.797
Carl Crawford	LF	81	0	L	598	0.2867513611615245	0.337248322147651	0.4065335753176044	0.3255622878395811	7	20.3	10	0.343	23.4	24.32	6.32	3.71	2.609
Braden Montgomery	RF	74	0	S	594	0.2386363636363636	0.3181818181818182	0.4261363636363636	0.3231476533102913	9.1	20.8	18.2	0.268	47.6	5	-0.3	1.52	2.525
John Bateman	C	44	5	R	575	0.2413793103448276	0.2952548330404218	0.4080459770114943	0.3046222606223784	6.4	26.8	18.8	0.293	36.5	10.87	0	-0.42	0.835
Brian Dozier	2B	88	0	R	575	0.2678227360308285	0.3275261324041812	0.51252408477842	0.3569040058664688	7.7	17.1	32.3	0.267	44.6	4.84	0.21	4.8	4.696
Ossie Bluege	3B	89	5	R	571	0.2480314960629921	0.3113879003558719	0.3503937007874016	0.2954359688349643	8.2	11.8	6.3	0.268	29.4	8.11	0	2.73	1.891
Carson Benge	RF	82	0	L	568	0.2544378698224852	0.3156028368794326	0.3944773175542406	0.3108019203067846	7.4	21.1	12.7	0.295	33.3	9.3	2.64	2.54	1.796
Mike Grady	C	87	5	R	564	0.2712550607287449	0.3546099290780142	0.5161943319838057	0.3701230824358064	11.3	24.5	30.9	0.302	42.5	10.53	-0.32	0.64	4.043
Hyun-soo Kim	LF	68	0	L	559	0.2469387755102041	0.332737030411449	0.3306122448979592	0.3025301767541983	10.7	16.5	2.1	0.29	29.8	2.78	0	-3.86	0
Roger Maris	RF	82	0	L	559	0.2402464065708419	0.3309481216457961	0.459958932238193	0.3392416297178767	11.8	16	34.3	0.223	33.3	10.26	0	0.64	1.825
Ray Durham	2B	76	5	S	558	0.2229166666666667	0.3195691202872532	0.3416666666666667	0.2977875058913403	12.2	26.9	11.8	0.277	32.7	0	0.97	3.23	1.075
Charlie Condon	1B	79	0	R	555	0.2258726899383983	0.3171171171171171	0.3963039014373717	0.3156026096747852	11.9	26.7	22.7	0.263	37.3	0	0	-0.11	0.649
Vince Coleman	LF	55	0	S	554	0.2757936507936508	0.3278688524590164	0.3412698412698413	0.3001805482321201	6.7	23.2	2.2	0.352	18.7	11.54	5.2	4.66	1.516
Miguel Sano	3B	77	0	R	554	0.2210953346855984	0.2978339350180506	0.3914807302231237	0.3024521762548729	9.4	42.4	22.7	0.328	36.7	5	0	-3.9	-0.433
Grady Sizemore	RF	53	5	L	553	0.2415169660678643	0.3054545454545455	0.343313373253493	0.2906012105348238	7.8	20	7.6	0.288	27.3	12.12	-0.76	-0.22	-1.085
Owen Caissie	RF	78	5	L	548	0.2186836518046709	0.315018315018315	0.356687898089172	0.3013160718078995	12	29.9	13.1	0.281	38.8	2.5	0	0.55	0.438
Vic Power	1B	76	0	R	547	0.2799227799227799	0.3058608058608059	0.4652509652509653	0.3282743619699421	3.8	9.7	19.7	0.279	38.6	7.14	-0.55	0.44	2.852
Moises Alou	LF	74	0	R	541	0.27	0.3142329020332717	0.44	0.3253883684811914	5.9	19.4	17.7	0.303	36.3	8.16	0.22	0.33	1.996
Buck Rodgers	C	42	0	S	540	0.2064777327935223	0.2523364485981308	0.3036437246963563	0.2466038563419765	5	17.2	6.7	0.234	33.3	5.88	0	1.89	-2.222
Ryne Sandberg	2B	57	5	R	535	0.2258064516129032	0.2785046728971963	0.3185483870967742	0.2670870672218053	6.9	21.4	10.1	0.269	23.2	7.69	-0.56	2.69	0.561
Dustin Pedroia	2B	66	0	R	535	0.2545824847250509	0.3101503759398496	0.3543788187372709	0.2965349561829944	6.4	12.4	4.5	0.283	30.4	7.89	-0.11	1.79	1.682
Maurice Archdeacon	CF	45	5	L	522	0.2494331065759637	0.3444227005870841	0.3106575963718821	0.3034051259425651	11.7	26.8	3.4	0.33	18.2	5	-0.34	4.25	0.69
Tim McCarver	C	68	0	L	510	0.2702127659574468	0.3235294117647059	0.3893617021276596	0.3127332560501639	6.9	11.7	5.9	0.296	28.3	27.78	0	2.12	2.235
Cameron Maybin	CF	62	5	R	509	0.232662192393736	0.3064516129032258	0.407158836689038	0.3125950124556106	8.1	26.2	18.9	0.279	36.5	21.05	1.89	6.01	2.358
Joey Meneses	1B	78	0	R	508	0.3451143451143451	0.3700787401574803	0.5051975051975052	0.377615860073153	4.3	14.8	24.8	0.368	21.1	0	-1.3	-2.6	3.189
Dave Harris	LF	67	5	R	507	0.2131519274376417	0.3063241106719368	0.3968253968253968	0.3069641407829162	11.6	26.1	22.5	0.241	43.6	4.88	-0.47	-2.72	-0.592
Jackie Robinson	LF	87	5	R	502	0.2794759825327511	0.3266932270916335	0.4497816593886463	0.3349364469361661	6.4	13.8	19.1	0.289	35.2	2.22	-0.72	3.35	2.151
Eduardo Quintero	CF	88	5	R	498	0.2797202797202797	0.3714859437751004	0.4895104895104895	0.3718002282889727	12.7	21.4	18.1	0.322	42.5	17.65	0.12	1.33	4.458
Steve Finley	CF	89	5	L	496	0.316628701594533	0.3775510204081632	0.4829157175398633	0.3732160639314596	8.3	12.8	8.5	0.346	36	18	-9.19	3.39	4.597
Eddie Joost	SS	89	5	R	487	0.2548076923076923	0.3552361396303901	0.4326923076923077	0.3448691725878109	13.6	26	20.9	0.302	37.7	0	-0.62	-1.36	2.464
Dylan Beavers	RF	87	5	L	475	0.2463414634146341	0.339662447257384	0.4146341463414634	0.3300917842634304	12.4	17.6	16.4	0.267	38.6	10.26	3.03	0.38	2.147
Dave Harris	LF	67	0	R	472	0.2753623188405797	0.3622881355932203	0.5096618357487923	0.3722485073834437	11.7	32.4	33.1	0.345	37.7	4.65	-0.76	2.16	3.178
Sandy Alomar Sr.	2B	65	0	S	472	0.2517162471395881	0.2927350427350427	0.3112128146453089	0.2710807452168449	5.1	13.7	3.8	0.283	16.4	11.11	-0.25	3.05	1.017
Joe Mack	C	74	0	L	470	0.2296650717703349	0.3134328358208955	0.3684210526315789	0.304088540267516	10.4	29.7	17.9	0.293	31.2	0	-2.55	2.3	2.936
Bob Horner	1B	44	0	R	465	0.2316784869976359	0.2946236559139785	0.3096926713947991	0.2725658098708926	8.2	19.6	5.2	0.277	25.5	0	0	-3.87	-2.065
Ted Easterly	C	58	5	L	463	0.2645011600928074	0.2978260869565217	0.345707656612529	0.2830979546629363	4.5	16.2	1.3	0.309	25.4	13.79	-1.3	0.13	-0.259
Bruno Block	C	41	5	R	457	0.1701149425287356	0.2013129102844639	0.2413793103448276	0.1962795775549177	3.1	27.6	0	0.232	27	55	0	2.76	-2.232
Chick Fulmer	2B	41	5	R	456	0.1981351981351981	0.2368421052631579	0.2400932400932401	0.2165606441041083	4.4	22.8	1.3	0.251	15.3	23.08	0.92	-0.13	-3.421
Johnny Neun	1B	63	0	S	448	0.2354497354497354	0.3431151241534989	0.2804232804232804	0.2944263248198487	13.6	23.5	0	0.306	18	6.25	-4.96	4.29	-0.804
David Freese	3B	55	0	R	446	0.2247474747474748	0.301123595505618	0.345959595959596	0.2896287135184181	9.4	23.5	14.8	0.264	28.1	4	0	-4.3	-0.269
Myril Hoag	RF	46	0	R	446	0.2625298329355609	0.3040540540540541	0.4033412887828162	0.3094012218256152	4.9	20.3	18.8	0.3	26.4	6.9	0	1.08	0.135
Tony Lazzeri	2B	89	5	R	445	0.2969543147208122	0.3662921348314607	0.4873096446700508	0.3670158551180809	9	30.2	22.9	0.38	32.5	7.89	0	-1.62	4.18
Greg Briley	LF	64	0	L	438	0.2386934673366834	0.2990867579908676	0.3492462311557789	0.2887475167879388	6.6	25.6	9.6	0.3	30.5	3.45	0.82	4.25	0.274
Melky Cabrera	LF	78	0	S	435	0.271356783919598	0.3171296296296297	0.4045226130653266	0.3149040360696901	6	15.8	11	0.301	28.7	19.35	-0.97	2.07	0.414
Dmitri Young	DH	64	0	S	434	0.2544080604534005	0.3018433179723503	0.3929471032745592	0.3001102003273328	5.8	24.4	16.6	0.302	28.7	6.9	0	-1.52	-0.415
Chick Fulmer	2B	41	0	R	431	0.2313432835820896	0.2750582750582751	0.3009950248756219	0.2585130411371648	5.3	24.1	2.8	0.298	23.7	9.09	0.56	0.42	-0.278
Justin Turner	3B	78	5	R	430	0.2663185378590078	0.3403263403263403	0.4099216710182768	0.328432622814576	8.8	13.6	16.7	0.28	30.4	0	0	-1.53	2.372
Danny Tartabull	RF	63	5	R	430	0.2584856396866841	0.3348837209302326	0.4151436031331593	0.3292885258744491	10.2	32.6	16.7	0.351	33.3	9.09	0	0.28	1.535
Sammy Sosa	RF	43	5	R	426	0.2168367346938775	0.2671394799054373	0.3469387755102041	0.268993185923686	5.6	34.7	14.1	0.301	32.9	10.71	0.28	5.63	-0.282
Matt Nokes	C	57	0	L	426	0.2702020202020202	0.3192488262910798	0.3964646464646465	0.3139442051285511	6.8	20.2	14.1	0.316	25.2	11.11	-0.7	-1.41	0.986
Esteban Quiroz	2B	56	5	L	421	0.237467018469657	0.3064133016627079	0.3799472295514512	0.303284562955659	8.6	18.7	18.5	0.258	30	3.7	0	1.71	0
Tony Fernandez	2B	65	5	S	417	0.2694300518134715	0.3131067961165049	0.3756476683937824	0.3046905097518567	5.3	11.9	8.6	0.293	27.9	0	-0.72	0.58	2.158
Ken Henderson	LF	85	0	S	416	0.2643051771117166	0.3365384615384616	0.3923705722070845	0.3195887097107378	9.6	19.1	5.8	0.311	39.2	2.63	0.72	2.02	1.731
Hal Lanier	SS	43	0	R	416	0.16	0.2084367245657568	0.1973333333333333	0.1872389083982022	3.8	18.4	4.3	0.186	13.3	0	0	1.73	-3.173
Jay Faatz	1B	41	0	R	414	0.2026315789473684	0.2572815533980582	0.2394736842105263	0.2292460650800115	6.5	14.5	1.4	0.232	13	20	1.01	2.03	-3.188
Brice Turang	2B	55	0	L	412	0.2371967654986523	0.2968369829683699	0.3396226415094339	0.2830960168079726	8	15.9	5.8	0.268	30.7	11.11	0.29	0.58	1.019
Garret Anderson	LF	64	0	L	411	0.2710526315789474	0.3078817733990148	0.3578947368421053	0.2943834265864996	4.1	11.3	1.5	0.3	27.2	10.71	-0.88	-3.5	0.584
Jerry Browne	3B	77	5	S	409	0.2428571428571429	0.3432098765432099	0.3371428571428571	0.3104493737146405	12.5	9.4	2.9	0.263	30.6	11.54	0	1.03	0.147
Cristian Guzman	SS	71	0	S	409	0.3053435114503817	0.321078431372549	0.4656488549618321	0.3369394249237392	2	18.3	13.2	0.351	30.8	21.62	0.15	3.96	4.108
Ron Hansen	SS	58	0	R	406	0.1922005571030641	0.2686567164179104	0.2841225626740947	0.2509633160333061	8.9	16.7	8.9	0.212	30.4	0	-0.89	2.66	0.296
Ron LeFlore	LF	48	0	R	400	0.2301369863013699	0.2975	0.3205479452054795	0.2792999938597054	8	29.3	7.5	0.312	21.4	27.78	4.95	3.9	0.15
Bobby Bonds	RF	87	5	R	399	0.2235294117647059	0.3341708542713568	0.4117647058823529	0.3296106075306912	13.3	25.9	27.1	0.247	32.9	12	4.36	4.66	3.459
Wally Berger	LF	83	5	R	398	0.2564841498559078	0.3375314861460957	0.4668587896253602	0.3461492671751251	11.1	21.6	28.6	0.271	36	9.38	-1.51	-1.36	2.111
Matt Davidson	1B	56	5	R	397	0.2259887005649718	0.3047858942065491	0.4096045197740113	0.3126737076890321	9.8	27.4	24.2	0.263	41.2	0	0	-2.87	0.151
Henry Blanco	C	54	5	R	396	0.2290502793296089	0.2969543147208122	0.3547486033519553	0.2890591489640671	8.3	18.4	13.6	0.257	29.3	12.5	0	-3.33	1.818
Joe Judge	1B	74	0	L	386	0.2545454545454545	0.3549222797927461	0.3757575757575757	0.3289241787820359	13	20.9	7.8	0.305	28.6	25	0.31	3.42	2.487
Andres Galarraga	1B	59	0	R	385	0.2162162162162162	0.2441558441558442	0.4189189189189189	0.279656977755305	3.1	32.4	31.2	0.26	42.5	2.94	-0.62	5.61	0
Sammie Haynes	C	40	0	R	384	0.2017291066282421	0.2643979057591623	0.2593659942363112	0.2404743225612933	7.3	23.3	3.1	0.254	22.9	0	0	-2.03	-2.344
Joe Morgan	2B	65	0	L	383	0.2507836990595611	0.3629242819843342	0.3761755485893417	0.3331525908670945	14.4	15.7	14.1	0.268	27.5	0	0.47	4.23	2.037
Doug Flynn	2B	40	0	R	381	0.1689750692520776	0.1962864721485411	0.2631578947368421	0.2015598196820277	2.4	18.8	9.4	0.19	31.1	15.79	0.31	-0.63	-4.409
Lou Brock	CF	51	5	L	380	0.2219020172910663	0.281578947368421	0.2910662824207493	0.2603891530146552	6.1	25.6	3.2	0.29	26	0	-0.47	0.95	-2.053
Ozzie Smith	SS	79	5	S	379	0.2566371681415929	0.3245382585751979	0.3451327433628318	0.2977112080129679	9.2	7.7	3.2	0.27	28.7	4	0.63	5.38	2.85
Felipe Lopez	SS	68	0	S	379	0.228486646884273	0.3076923076923077	0.3590504451038576	0.2982047890877016	9.2	22.8	14.2	0.27	31.2	8.33	0.95	-2.06	0.158
Rickey Henderson	LF	68	0	R	377	0.2616822429906542	0.3687002652519894	0.3364485981308411	0.3258927501740907	13.8	28.3	3.2	0.358	23.8	0	1.27	5.89	1.592
Cal Ripken Jr.	SS	58	0	R	377	0.2264705882352941	0.2864721485411141	0.3382352941176471	0.2773403053733084	7.4	15.6	12.7	0.242	26	10	0	-0.32	0
Jim Doyle	3B	56	0	R	376	0.2322946175637394	0.2688172043010753	0.3342776203966006	0.2662454595378718	4.3	26.9	9.6	0.3	28	4.35	-0.64	2.87	0.319
Bid McPhee	2B	84	0	R	374	0.2727272727272727	0.3556149732620321	0.4060606060606061	0.3377623699341394	10.7	19.1	9.6	0.321	30	18.52	2.25	5.45	4.973
Jeimer Candelario	3B	56	0	S	373	0.2403560830860534	0.3056300268096515	0.3738872403560831	0.3005663517724537	8	21.7	12.9	0.282	35.8	0	-0.97	0.8	0
Gregg Jefferies	1B	84	0	S	372	0.3294797687861272	0.3709677419354839	0.4710982658959538	0.3672258762463466	6.2	11.6	17.7	0.347	22.8	3.85	1.77	2.58	3.226
Hal McRae	LF	88	5	R	371	0.2700296735905044	0.3315363881401617	0.3916913946587537	0.3192633572249562	8.1	13.6	11.3	0.294	28.6	3.85	0	2.59	0.97
Garret Anderson	CF	80	5	L	371	0.2955801104972376	0.3099730458221024	0.5994475138121547	0.3780193577207724	2.2	17.1	43.7	0.292	51.4	1.82	-0.81	-6.95	3.881
George Pinkney	3B	40	5	R	370	0.2792792792792793	0.3441734417344173	0.3753753753753754	0.3207300495619942	8.6	16.8	4.9	0.326	25.8	8.33	1.78	-3.57	1.297
Tony Fernandez	2B	65	0	S	369	0.2521739130434782	0.2857142857142857	0.3768115942028986	0.289769447078925	3.3	17.1	17.9	0.274	23	5	-0.81	1.14	0.813
George Lombard Jr.	SS	86	5	R	368	0.2338461538461538	0.3233695652173913	0.4615384615384616	0.339981614959971	10.9	30.8	27.7	0.284	48.7	8.11	1.63	2.77	4.402
Roldy Brito	CF	69	0	S	368	0.2477064220183486	0.3178082191780822	0.363914373088685	0.3039295597569633	9.2	19	11.4	0.284	28.4	4.35	-0.98	3.75	0.815
Gregg Zaun	C	59	0	S	367	0.1795665634674923	0.2684931506849315	0.2445820433436532	0.2409111889825931	9.8	20.4	4.9	0.215	25.9	0	0	-11.44	-2.616
Elmer Smith	LF	81	0	L	367	0.3191489361702128	0.3760217983651226	0.4316109422492401	0.35522152091054	8.2	9.7	3.3	0.343	24.8	26.92	-0.49	-0.82	2.289
Jerry Mumphrey	LF	69	0	S	367	0.2386706948640483	0.2997275204359673	0.3867069486404834	0.298147948554344	8.2	23	14.7	0.279	38	3.33	0	1.31	-0.49
Doug Mirabelli	C	50	5	R	367	0.2621951219512195	0.335149863760218	0.423780487804878	0.3332413325170951	9.5	27.7	21.3	0.323	30.2	3.85	0	-1.14	2.616
Blake Swihart	C	45	5	S	364	0.1893491124260355	0.2367688022284123	0.2307692307692308	0.2148004928646766	5.8	32.8	1.6	0.279	17.2	9.09	1.32	1.48	-4.615
David Ross	C	88	0	R	361	0.228125	0.3102493074792244	0.284375	0.2743463346131422	9.7	24.7	0	0.3	23.3	5.88	0	-7.81	0
Andy Seminick	C	66	0	R	358	0.229607250755287	0.2773109243697479	0.3836858006042296	0.287522087960306	6.1	24.8	20.1	0.267	34.2	3.85	-2.51	-0.67	0.503
Tony Horton	1B	58	5	R	357	0.25	0.2913165266106443	0.4728915662650602	0.3231694220327649	5.3	17.5	30.3	0.25	43.4	5.56	0.34	-6.39	0.504
Steve Braun	3B	81	0	L	356	0.2761904761904762	0.3539325842696629	0.4412698412698413	0.3487115755349084	10.4	18.1	11.8	0.316	42.5	2.7	0	-0.67	2.528
Eddie Miller	SS	72	5	R	355	0.3167701863354037	0.3644067796610169	0.5124223602484472	0.3758571071664829	7.3	16.8	22	0.342	36.3	0	0.34	3.89	5.746
Bunny Brief	1B	40	0	R	348	0.2127659574468085	0.2536023054755043	0.3343465045592705	0.2568649597791809	5.2	29.5	12.1	0.28	31.4	18.18	0	-3.97	-3.448
George Lombard Jr.	SS	86	0	R	344	0.2274247491638796	0.3148688046647231	0.3779264214046823	0.3066663267486466	9.9	24.7	17.4	0.265	36.8	0	1.57	3.49	2.267
Gates Brown	LF	58	5	L	343	0.2052117263843648	0.2785923753665689	0.3127035830618892	0.2668608435537091	8.2	17.6	10.5	0.229	31.7	5	-0.17	0.35	-1.749
Garret Anderson	LF	64	5	L	343	0.25625	0.2991202346041056	0.325	0.2798155059514514	5.2	10.6	3.5	0.281	20.7	5.88	0.35	2.8	0.175
Jonathan Lucroy	C	48	5	R	343	0.25	0.3090379008746356	0.3461538461538461	0.2922463257412944	8.2	11.2	7	0.268	23.1	22.22	0	-0.7	-0.525
Bob Fothergill	LF	86	5	R	341	0.2817337461300309	0.3088235294117647	0.4427244582043344	0.3221816630030837	3.5	13.6	14.1	0.303	37.4	5.88	0.53	-1.41	1.056
Carl Crawford	LF	81	5	L	339	0.326984126984127	0.3657817109144543	0.5714285714285714	0.3959023224031074	6.2	16.8	21.2	0.36	40.8	26.19	0.53	4.07	5.664
Aaron Boone	3B	59	5	R	336	0.2621359223300971	0.2948328267477204	0.3689320388349515	0.2909672744929332	4.5	21	16.1	0.301	18.5	0	0.18	0.54	0.536
Ray Dandridge	3B	88	5	R	333	0.2730263157894737	0.3192771084337349	0.4013157894736842	0.3129878078708493	6.6	11.2	7.2	0.292	30.1	24	0	-2.52	2.162
Gene Richards	LF	65	0	L	333	0.2	0.2719033232628399	0.2633333333333333	0.2467894916518089	8.7	21.3	3.6	0.247	20	25	3.24	2.52	-0.541
Freddy Galvis	SS	58	0	S	333	0.2508038585209003	0.2891566265060241	0.3922829581993569	0.2961605693687851	4.8	25.1	12.6	0.31	37.2	3.45	0.54	-0.18	1.261
Mike Trout	CF	51	0	R	332	0.1836734693877551	0.2560240963855422	0.3299319727891156	0.2586898227527616	8.7	26.5	21.7	0.199	35.2	0	2.53	-2.71	-1.807
Glenn Wilson	CF	69	5	R	331	0.2222222222222222	0.2454545454545455	0.4031746031746032	0.2742341461844799	3	24.8	23.6	0.25	44.3	0	0	-0.54	-1.269
Jim Thome	3B	64	0	L	328	0.2137931034482759	0.2996941896024465	0.3758620689655172	0.2972037547985186	10.4	30.3	22	0.262	37.1	0	0	2.01	1.28
Lance Johnson	CF	67	0	L	328	0.2427184466019418	0.2752293577981652	0.3042071197411003	0.2564001659777246	4.6	13.3	0	0.277	18.7	35.71	4.02	3.11	0
Mitchell Murray	C	88	0	R	326	0.2474226804123711	0.3076923076923077	0.4054982817869416	0.3093883739629885	7.4	19.6	20.2	0.266	33.3	0	-0.55	-1.29	0.552
Buck Herzog	SS	83	0	R	324	0.2576271186440678	0.308641975308642	0.4813559322033898	0.3351154753421583	7.1	16.3	25.9	0.261	43.4	15.15	-0.19	0.93	2.778
Mike Marshall	LF	56	0	R	323	0.3084745762711865	0.3560371517027864	0.5322033898305085	0.3773213755280279	7.1	22	29.7	0.344	37.4	0	0	-2.23	2.786
Al Simmons	CF	89	0	R	320	0.2664359861591695	0.334375	0.4740484429065744	0.349493162765911	7.5	17.6	20.6	0.289	48.1	2.7	-0.56	1.88	3
Jim Tabor	3B	54	5	R	318	0.3055555555555556	0.3627760252365931	0.5625	0.3931230088501638	6.9	21.5	34	0.333	42	2.7	0	-2.26	6.604
Buck Rodgers	C	42	5	S	316	0.2302405498281787	0.2825396825396825	0.3470790378006873	0.2771242041783075	6.3	14.4	11.4	0.249	29.9	10	0	3.04	-0.759
Connie Ryan	2B	69	5	R	314	0.2765957446808511	0.3311897106109325	0.4361702127659575	0.3333004021786765	7.3	20.6	13.4	0.321	38.5	3.33	-1.15	0.57	2.293
Dave Hollins	3B	73	0	S	314	0.2765957446808511	0.3375796178343949	0.3900709219858156	0.3221518242389031	8.3	25.2	11.5	0.344	24.4	5.26	-0.57	0.57	1.529
Mark Trumbo	1B	49	0	R	312	0.2173913043478261	0.2411575562700965	0.3846153846153846	0.2677085742985619	2.6	27.4	21.2	0.26	43.1	0	0	0	-1.154
John Olerud	1B	68	5	L	309	0.2894736842105263	0.3831168831168831	0.424812030075188	0.3603615690872368	11.7	18	9.7	0.336	32.5	4	0	-1.36	3.301
Joe Carter	RF	64	0	R	304	0.264808362369338	0.2960526315789473	0.4390243902439024	0.3154481918184294	3.6	19.2	21.7	0.29	34.2	7.69	-0.99	3.36	1.184
Ted Easterly	C	58	0	L	303	0.2968197879858657	0.3311258278145696	0.3851590106007067	0.3155960080098473	4.3	18.4	0	0.359	25	19.05	-0.2	4.55	0.792
Chuck Carr	CF	47	0	S	303	0.2290909090909091	0.285234899328859	0.3090909090909091	0.266442780280001	7.3	17.5	5.9	0.267	25.4	0	-1.39	5.94	-0.594
Todd Hundley	C	85	0	S	302	0.2481203007518797	0.3333333333333333	0.424812030075188	0.3340589473303526	10.3	30.8	25.8	0.31	31.8	0	0	-4.37	1.192
Willie Stargell	1B	89	0	L	301	0.2313432835820896	0.3023255813953488	0.417910447761194	0.3123792185810125	9	29.9	19.9	0.286	46.8	3.45	0	0	0.598
Ed Morgan	RF	66	5	R	301	0.3208955223880597	0.3853820598006645	0.4850746268656717	0.3779506919254458	9.6	19	10	0.377	32.6	21.43	0	1.99	3.588
Bill Shipke	3B	40	0	R	297	0.2319391634980989	0.3047945205479452	0.3155893536121673	0.2816716035530565	8.4	18.6	4	0.277	23	28.57	0.2	0.2	-0.202
Eddie Mathews	1B	65	5	L	297	0.2593984962406015	0.32996632996633	0.4736842105263158	0.3461757235559025	9.1	24.1	28.3	0.289	39.1	7.41	0	-2.22	2.828
Jimmie Hall	CF	88	0	L	297	0.2234848484848485	0.2959183673469388	0.3560606060606061	0.2902533343394378	8.4	19.7	16.2	0.248	32.2	0	0	0	1.01
Oscar Charleston	CF	89	0	L	293	0.208	0.2975778546712803	0.34	0.2855421854578628	11.6	18.8	14.3	0.224	36.5	0	-1.02	0.82	0.614
Rickie Weeks Jr.	2B	68	5	R	291	0.2911877394636015	0.3573883161512028	0.4712643678160919	0.3598645861070723	9.3	23	18.6	0.345	36.8	3.57	-2.06	4.33	3.093
Darrel Chaney	SS	40	5	S	289	0.1902985074626866	0.2342657342657343	0.2649253731343283	0.22406615712343	5.5	22.4	4.2	0.236	29.4	6.67	0	-1.45	-3.114
Jack Marshall	2B	58	0	R	289	0.2217898832684825	0.2836879432624114	0.3073929961089494	0.266378796774133	8	18.3	6.2	0.258	24.6	14.29	-1.04	-1.66	-2.076
Roy White	LF	89	0	S	287	0.2817460317460317	0.3623693379790941	0.4642857142857143	0.360132552510768	11.1	14.3	16.7	0.3	38	11.11	-5.02	6.27	3.136
Nate Colbert	1B	80	0	R	285	0.2529644268774703	0.3298245614035088	0.4822134387351779	0.34918367174364	8.8	27.3	31.6	0.287	40.6	7.69	-2.11	0.21	2.105
Vince DiMaggio	CF	46	0	R	281	0.1818181818181818	0.2178571428571429	0.3106060606060606	0.2299460034534177	4.3	32.6	17.1	0.231	35.4	5.88	-0.64	2.99	-5.552
Gil McDougald	SS	85	0	R	281	0.2757201646090535	0.3345864661654135	0.4320987654320987	0.3352539727111941	7.5	18.1	19.2	0.304	26.9	11.11	-1.07	3.42	3.203
Ed Morgan	RF	66	0	R	281	0.2416666666666667	0.3405017921146953	0.3916666666666667	0.3264600519354218	12.1	24.2	12.8	0.292	37.9	9.09	-0.64	-2.56	0.214
Austin Meadows	RF	83	5	L	281	0.2979591836734694	0.3714285714285714	0.5061224489795918	0.3752962292648083	11	18.4	19.2	0.328	38.4	17.86	-1.07	3.42	3.203
Babe Pinelli	3B	44	0	R	280	0.25	0.2892857142857143	0.3192307692307692	0.2708472582830679	5.7	23.8	2.1	0.318	21.5	14.29	0.43	0.43	0.857
Francisco Lindor	SS	66	5	S	279	0.233201581027668	0.271062271062271	0.3596837944664031	0.2728045114424477	5	18.2	15.1	0.254	28.8	5.88	1.08	2.37	0.215
Steve Brady	RF	75	0	S	277	0.2637795275590551	0.3007246376811594	0.358267716535433	0.2896709222871922	5.1	21.7	13	0.307	16.4	9.09	-2.17	-0.43	-1.083
Ray Lankford	CF	88	5	L	277	0.2254098360655738	0.3104693140794224	0.4426229508196721	0.3261448269582569	10.1	24.2	28.2	0.241	47.3	3.85	1.08	2.17	1.733
Willie Randolph	2B	81	0	R	276	0.1908713692946058	0.282051282051282	0.2489626556016598	0.2479221387150448	11.2	19.1	4.3	0.227	19.6	11.11	0.87	4.35	-0.435
Mel Almada	CF	43	5	L	274	0.252	0.3102189781021898	0.32	0.2849621863379987	7.7	17.2	4.4	0.295	20.6	0	0	0.44	0.438
Rickey Henderson	LF	68	5	R	273	0.1687763713080169	0.2747252747252747	0.2236286919831224	0.2392102050944316	12.8	32.5	4.4	0.239	22.5	0	1.1	4.18	-2.857
Kid Elberfeld	2B	82	0	R	271	0.2594142259414226	0.3345724907063197	0.3347280334728033	0.3025099816900283	8.9	11.7	0	0.291	25.8	12.5	-1.33	-0.89	0.221
Ivan Rodriguez	C	76	5	R	271	0.2808510638297873	0.3605947955390335	0.4425531914893617	0.3520331177482488	11.1	17	17.7	0.305	31.8	4.76	-1.77	-1.33	3.764
Ty Wigginton	1B	54	0	R	271	0.2204081632653061	0.2915129151291513	0.4244897959183673	0.3087693729342337	8.9	18	31	0.213	38.9	4.76	-1.11	-0.44	-0.221
Jim Bottomley	1B	60	5	L	269	0.2151898734177215	0.2947761194029851	0.3966244725738396	0.3019146359124731	9.3	13.9	17.8	0.216	47.1	12.5	0	-2.68	-0.223
Herb Souell	3B	74	0	S	268	0.3015873015873016	0.3320754716981132	0.4484126984126984	0.3381928590655542	3.7	11.5	9	0.327	32.9	16	-1.34	3.13	3.806
Dick Groat	SS	89	0	R	266	0.2845188284518829	0.3333333333333333	0.3640167364016736	0.3102521249751582	6.4	12.6	0	0.321	22.1	26.67	-1.13	-0.68	2.481
Vinny Castilla	3B	63	0	R	265	0.1895161290322581	0.2272727272727273	0.3870967741935484	0.261282134650606	4.2	24.2	29.4	0.191	48.9	0	0	-1.58	-0.679
Willie Keeler	RF	77	0	L	265	0.3024193548387097	0.3307984790874525	0.4032258064516129	0.3179424782796212	4.5	8.5	4.5	0.32	24	16.67	0.91	-0.23	0.453
Jay Bell	SS	82	0	R	264	0.2161016949152542	0.2954545454545455	0.2838983050847458	0.2670183338088263	9.8	23.3	2.3	0.276	25.5	7.69	0	0.23	0.455
Irv Hall	SS	40	0	R	264	0.2151394422310757	0.2384615384615385	0.2669322709163346	0.2252097829580311	3	25.5	0	0.287	22.2	8.33	-0.68	-4.77	-3.182
Johnny Edwards	C	48	5	L	263	0.1767241379310345	0.2528735632183908	0.2974137931034483	0.2454425731965445	8.4	16.4	11.4	0.187	41.5	5.88	0	0	-2.966
Don Baylor	1B	64	0	R	260	0.2139737991266376	0.2923076923076923	0.3493449781659388	0.2857351500514103	8.8	21	18.5	0.232	30.6	0	3.92	1.38	-0.231
Whitey Kurowski	3B	84	0	R	259	0.225531914893617	0.2895752895752896	0.3914893617021277	0.2973100246881287	8.5	16.2	23.2	0.228	32.1	11.76	0.46	-1.62	1.158
Sid Gordon	3B	89	0	R	255	0.2535885167464115	0.3740157480314961	0.4736842105263158	0.3695642013949659	15.3	18.2	28.2	0.253	39.6	4.76	0	-3.53	2.353
Paul Easterling	LF	74	0	R	252	0.2251082251082251	0.2828685258964144	0.3809523809523809	0.2909005230326389	6.3	32.5	21.4	0.291	32.7	5.88	0.48	-0.48	-0.952
Howard Johnson	3B	84	0	S	251	0.2807017543859649	0.3386454183266932	0.5657894736842105	0.3795792243897574	7.6	25.9	38.2	0.31	51.6	0	1.91	-0.24	4.064
Dusty Baker	LF	56	0	R	251	0.222707423580786	0.2749003984063745	0.314410480349345	0.2625858940074921	6.8	20.1	7.2	0.261	27.5	7.14	-1.91	-3.35	-1.912
Mike Easler	1B	87	0	L	250	0.2568807339449541	0.3373493975903614	0.3944954128440367	0.3242448054531195	10.4	28.4	14.4	0.327	28.6	12.5	0	-4.8	0.72
Irvin Brooks	CF	78	0	R	249	0.2286995515695067	0.2979591836734694	0.4349775784753363	0.3159548144940672	8.4	27.8	28.9	0.262	41.2	4.76	-0.96	0	0.964
Hal Chase	1B	61	0	R	247	0.2360515021459227	0.2653061224489796	0.3776824034334764	0.2778211621885215	3.6	21	17	0.268	29.1	18.75	-0.73	5.83	-0.243
Avisail Garcia	RF	78	5	R	246	0.2727272727272727	0.3102040816326531	0.5021645021645021	0.3452471305814618	4.9	19.9	29.3	0.293	42.9	7.41	-1.22	-1.71	3.659
Clyde Spearman	RF	64	0	L	245	0.3013698630136986	0.3647540983606558	0.4292237442922374	0.3497383908402703	9.4	17.4	12.2	0.343	24.2	12.5	-1.22	1.22	3.184
Roy Campanella	C	86	5	R	240	0.2117117117117117	0.2666666666666667	0.3828828828828829	0.2826209322697061	6.7	17.6	25	0.213	38.3	0	0	-0.5	1.5
Jimmie Lyons	LF	72	0	L	239	0.25	0.3004291845493562	0.3518518518518519	0.2896956942341168	5.9	15.3	5	0.286	29.6	12.5	2.01	5.02	0.502
Chris Cannizzaro	C	65	0	R	239	0.2315270935960591	0.3319327731092437	0.3103448275862069	0.2963851615566632	12.6	16.3	7.5	0.259	19.1	11.11	0	-2.76	-0.502
Wilmer Flores	1B	59	5	R	238	0.3022222222222222	0.326271186440678	0.4577777777777778	0.3366614501820028	2.9	12.9	17.6	0.319	30.9	0	0	-5.8	1.765
Byron Buxton	CF	76	0	R	238	0.2544642857142857	0.2815126050420168	0.4821428571428572	0.3210228136374291	4.2	26.3	32.8	0.282	42.1	4.17	1.51	3.53	3.025
Tommy Clarke	C	75	0	R	237	0.2405660377358491	0.3047210300429185	0.3113207547169811	0.2796640518386198	8	11.8	2.5	0.267	23.5	8.33	3.54	-3.8	-1.013
Curry Foley	RF	72	0	L	237	0.1928251121076233	0.2362869198312236	0.2331838565022422	0.2151764921539988	4.2	17	2.5	0.227	16.3	0	0	3.04	-4.051
Gus Zernial	LF	59	5	R	235	0.2162162162162162	0.2595744680851064	0.4054054054054054	0.2863134779639798	5.1	29.3	28.1	0.253	39.6	5.26	-1.28	-0.51	-1.532
Madison Bumgarner	P	88	5	R	235	0.1788990825688073	0.2340425531914894	0.3440366972477064	0.2521462866927956	6.4	39.9	25.5	0.238	41	0	0	-1.28	-1.787
Fred Tenney	1B	64	1	L	233	0.2303921568627451	0.3060344827586207	0.3774509803921569	0.299375673327313	9.9	17.6	12.9	0.251	42.6	0	-1.29	3.35	0.258
Cal McVey	1B	47	0	R	231	0.25	0.2687224669603524	0.3409090909090909	0.2662565615881846	2.6	14.1	0	0.289	30.9	17.65	-1.3	2.08	-1.039
Matt Carlisle	2B	64	0	R	230	0.2475247524752475	0.304932735426009	0.3811881188118812	0.3011574602221487	7	15.3	10.4	0.271	34	11.76	-1.3	-1.04	-1.304
Jerry Adair	2B	45	0	R	228	0.2570093457943925	0.2857142857142857	0.3504672897196262	0.2803491863604943	3.1	19.2	7.9	0.304	25.5	0	0	-1.32	-1.053
Charlie Pick	2B	74	0	L	225	0.251207729468599	0.2882882882882883	0.3333333333333333	0.2749690843829308	4.9	10.1	2.7	0.271	25	15.38	0	-0.53	-0.267
Gus Bell	CF	70	0	L	224	0.295	0.3660714285714285	0.47	0.3611820467817946	9.4	14.5	16.1	0.319	33.9	15	-2.68	0	2.143
Dick Higham	RF	84	0	L	219	0.2727272727272727	0.3348623853211009	0.4646464646464646	0.3461047910964166	8.2	19.2	19.2	0.305	44.4	0	-3.56	6.85	2.74
Ray Dandridge	3B	88	0	R	219	0.2511848341232227	0.2752293577981652	0.4218009478672986	0.2983918919854727	3.2	12.8	11	0.272	43.4	21.74	-1.37	-0.55	1.918
Billy Jurges	SS	57	0	R	219	0.1878172588832487	0.2546296296296297	0.2436548223350254	0.2306967642964152	7.3	21.3	2.7	0.232	21.6	12.5	0	5.75	-0.548
Cal McVey	1B	47	5	R	216	0.2205128205128205	0.2608695652173913	0.3025641025641025	0.2509614836833192	4.6	14.9	5.6	0.248	23.3	20	-2.78	-1.94	-3.611
Thad Christopher	LF	87	0	L	216	0.253968253968254	0.3425925925925926	0.3650793650793651	0.3197581771247759	10.6	24.3	16.7	0.304	18.8	0	-1.39	1.94	0.278
George Strickland	SS	80	0	R	215	0.2513089005235602	0.3175355450236967	0.3979057591623036	0.3127587615897416	8.4	25.1	14	0.309	31.2	20	0	1.67	3.07
Danny Tartabull	RF	63	0	R	215	0.1836734693877551	0.2558139534883721	0.3112244897959184	0.2542584768474043	8.4	33.7	14	0.248	38.9	7.14	0	0.84	-2.791
Albie Pearson	RF	85	5	L	214	0.3216374269005848	0.4532710280373832	0.4444444444444444	0.4044447225497544	18.2	9.9	5.6	0.346	27.3	13.33	3.93	6.17	6.729
Billy Bean	CF	40	0	L	214	0.2587064676616915	0.2830188679245283	0.3134328358208955	0.2646776494629922	3.7	22.9	2.8	0.325	17.3	0	0	-0.56	-1.121
Zack Taylor	C	40	0	R	213	0.2178217821782178	0.2369668246445498	0.2623762376237624	0.2218967326897076	2.3	21.3	2.8	0.267	13.6	16.67	-1.41	-0.85	-5.634
Alex Johnson	LF	50	5	R	211	0.2786069651741294	0.3080568720379147	0.4029850746268657	0.3100556098116964	3.8	21.4	11.4	0.335	28.6	6.25	-1.42	5.97	-0.284
Del Crandall	C	72	0	R	211	0.2307692307692308	0.2761904761904762	0.4051282051282051	0.2942242757715728	5.2	22.1	25.6	0.248	35.6	0	0	-1.99	1.991
Tom O&#39;Brien	1B	43	5	R	210	0.2238805970149254	0.2523809523809524	0.3432835820895522	0.2571911630750939	3.3	20.9	8.6	0.268	35.6	12.5	0	0.86	-2
Dan Pasqua	LF	79	0	L	210	0.3027027027027027	0.3809523809523809	0.5297297297297298	0.3903446838408765	11	23.2	31.4	0.341	35.7	0	0	-17.14	3.429
Jorge Mateo	SS	47	5	R	208	0.2371134020618557	0.2766990291262136	0.3865979381443299	0.2882537606761651	4.8	25.3	20.2	0.281	30.4	7.14	-0.87	1.73	-0.288
Paul Konerko	1B	82	0	R	207	0.2263157894736842	0.2705314009661836	0.3526315789473684	0.272129927703496	6.3	22.6	17.4	0.255	27.9	0	0	-4.35	-0.87
Jose Cruz Jr.	CF	81	0	S	207	0.2393617021276596	0.3091787439613526	0.3670212765957447	0.3008403708981722	9.2	16	11.6	0.266	31.1	14.29	1.16	0	0
Nick Pratto	1B	45	0	L	207	0.2432432432432433	0.3106796116504854	0.3297297297297297	0.2893409694229732	7.2	35.1	8.7	0.353	22.2	0	-1.74	-3.77	-1.449
Luis Aparicio	SS	52	0	R	206	0.2473118279569892	0.2885572139303483	0.3225806451612903	0.2722066711327181	4.9	11.8	2.9	0.271	26.1	0	0.87	0	-0.291
Dick Allen	3B	79	5	R	205	0.2228571428571429	0.3317073170731707	0.3714285714285714	0.3150255835419305	12.2	25.1	20.5	0.256	30.8	0	2.05	0.29	1.463
Jimmy Crooks	C	68	0	L	204	0.2346368715083799	0.3186274509803921	0.3240223463687151	0.2927234486425932	9.8	31.3	5.9	0.325	28.6	0	0	2.65	2.353
Dmitri Young	DH	64	5	S	201	0.2486486486486487	0.2985074626865671	0.4702702702702703	0.3273716557607154	7	19.5	29.9	0.255	43.5	5	-1.49	-2.09	0.896
Buddy Bell	3B	85	0	R	201	0.2513368983957219	0.2885572139303483	0.4117647058823529	0.2998184170483379	4.5	10.2	17.9	0.248	38.3	0	-1.49	-4.18	1.493
Roy McMillan	SS	47	0	R	200	0.1657142857142857	0.2512562814070352	0.2114285714285714	0.2203972998839277	8.5	24	6	0.201	13.8	0	-1.5	-3.6	-3
Austin Jackson	CF	48	5	R	199	0.2580645161290323	0.2964824120603015	0.3763440860215054	0.2920358848024078	5	27.4	9	0.336	27.1	23.08	1.21	4.22	0.905
Carden Gillenwater	CF	81	0	R	198	0.2216216216216216	0.2626262626262627	0.3027027027027027	0.2521519909318565	4.5	21.6	9.1	0.264	22	0	0.61	-1.21	-1.515
Jorge Posada	C	78	0	S	196	0.2189349112426036	0.3230769230769231	0.3017751479289941	0.2901159197893882	12.8	24.9	6.1	0.28	24.3	11.11	0	-7.04	-0.612
Larry Gardner	3B	68	0	L	194	0.2275449101796407	0.3157894736842105	0.3053892215568862	0.2827869965161543	10.8	10.8	0	0.253	26.3	30	0	-3.4	-0.619
Dexter Fowler	CF	53	0	S	194	0.2662721893491125	0.3315508021390374	0.3668639053254438	0.3091429931481622	8.2	23.1	0	0.344	26.7	41.67	0	5.57	-0.309
Patricio Scantlebury	P	56	5	L	194	0.2622950819672131	0.3041237113402062	0.3333333333333333	0.2852661031033874	5.7	12	3.1	0.294	20.8	10	0	-2.78	-1.546
Don Padgett	RF	52	5	L	193	0.2880434782608696	0.3160621761658031	0.4402173913043478	0.3264652771110088	4.1	11.4	9.3	0.311	37.7	10	0	-9.95	1.865
Devin Mesoraco	C	82	0	R	191	0.2386363636363636	0.2774869109947644	0.4034090909090909	0.2924537687551839	5.2	27.8	25.1	0.276	31	0	0	-2.51	-0.942
George Davis	SS	86	0	S	190	0.2797619047619048	0.3475935828877005	0.3571428571428572	0.3160095603855034	8.9	18.5	3.2	0.336	23.4	0	-4.11	3.47	2.526
Sandy Leon	C	72	5	S	190	0.2272727272727273	0.2736842105263158	0.3920454545454545	0.287789293225031	5.3	35.8	15.8	0.318	42.5	11.76	0	-12	-1.579
Jack Burdock	2B	87	0	R	190	0.3016759776536313	0.3421052631578947	0.5139664804469274	0.3670643144892756	4.7	24.6	25.3	0.362	37	10	-1.26	0.32	4.737
Brenton Doyle	CF	61	3	R	189	0.2111111111111111	0.2380952380952381	0.3555555555555556	0.2548858016987262	3.7	23.3	9.5	0.255	47.4	11.11	2.86	-0.95	-2.222
Hilton Smith	P	88	0	R	189	0.231638418079096	0.2606382978723404	0.3107344632768362	0.2522268067774128	3.2	29.9	6.3	0.312	24.4	0	-1.59	-0.95	-2.857
Bill Dahlen	SS	77	5	R	185	0.2060606060606061	0.2826086956521739	0.3333333333333333	0.2749699113261167	8.6	22.4	9.7	0.246	29.4	50	1.3	5.19	0.973
Josh Bell	1B	78	0	S	184	0.2052980132450331	0.3478260869565217	0.3576158940397351	0.3230594232972914	17.9	16.6	16.3	0.215	41.9	0	0	-5.54	0
Fred Hartman	3B	70	0	R	183	0.2392638036809816	0.3131868131868132	0.4049079754601227	0.3131811131707989	8.7	18.4	19.7	0.258	35.9	7.14	-2.62	2.62	1.639
Ken Griffey	RF	77	0	L	183	0.2634730538922156	0.3224043715846995	0.3772455089820359	0.310311381567173	7.7	22.2	6.6	0.326	31.8	7.14	-0.98	-2.62	0
Lou Berberet	C	65	0	L	182	0.2142857142857143	0.2582417582417583	0.2976190476190476	0.2474770346534242	6	23.8	9.9	0.258	22.2	0	0	-6.26	-1.319
Gary Roenicke	LF	59	5	R	181	0.2606060606060606	0.3149171270718232	0.4606060606060606	0.3309148310281995	7.7	21.8	26.5	0.285	39.5	0	0	-0.33	1.326
Jeff Blauser	SS	88	5	R	181	0.2424242424242424	0.3093922651933702	0.3272727272727273	0.2884079318002037	8.3	24.8	9.9	0.306	20	0	0	-1.33	0.331
Kevin Brown	C	45	0	R	181	0.2576687116564417	0.3085714285714286	0.3496932515337423	0.294126196267753	6.6	25.8	9.9	0.331	21.4	0	0	-4.97	-0.994
Dink Mothell	2B	73	0	S	179	0.2389937106918239	0.3202247191011236	0.4088050314465409	0.3207464270427728	10.1	15.7	16.8	0.256	36.8	21.43	-1.68	1.68	1.341
Jerry Adair	2B	45	5	R	178	0.2606060606060606	0.2954545454545455	0.2909090909090909	0.265083392489624	4.5	14.5	0	0.301	11.6	0	0	2.36	-0.674
Tom O&#39;Brien	1B	43	0	R	175	0.1951219512195122	0.2196531791907514	0.2682926829268293	0.215253499527939	2.3	19.5	6.9	0.226	25	0	1.03	1.37	-4.8
Bobby Byrne	3B	69	0	R	175	0.2666666666666667	0.3714285714285714	0.4	0.3461880079594246	13.7	12.7	3.4	0.3	37.5	20	-2.74	0.69	2.057
Danny Jansen	C	88	5	R	171	0.2418300653594771	0.3099415204678362	0.4444444444444444	0.3251243616285048	8.8	22.2	24.6	0.263	43.2	6.25	0	-1.75	1.053
Frankie Pytlak	C	81	0	R	170	0.1946308724832215	0.2797619047619048	0.2348993288590604	0.2432055235758498	10.6	13.4	0	0.223	20.7	0	0.71	6	0.353
Javier Baez	2B	78	0	R	168	0.1962025316455696	0.2321428571428572	0.3227848101265823	0.2413952376188569	3.6	17.7	10.7	0.217	38.7	16.67	0	2.14	0.714
Jim Hickman	CF	56	5	R	167	0.1753246753246753	0.2335329341317365	0.2987012987012987	0.236690917053753	6.6	27.9	14.4	0.213	40.7	0	0	0	-2.874
Greg Myers	C	77	5	L	167	0.2482758620689655	0.3373493975903614	0.4068965517241379	0.3275784000611374	10.2	22.1	18	0.284	36.1	0	0	0.36	1.437
Tony Gwynn	CF	58	0	L	165	0.1830065359477124	0.2138364779874214	0.2418300653594771	0.2041683736588249	3.6	14.4	0	0.214	28.6	12.5	0.73	6.55	-5.455
Rube Foster	P	67	0	R	164	0.1753246753246753	0.225609756097561	0.2532467532467532	0.2168659220701029	5.5	36.4	11	0.253	18.5	20	0	-1.1	-4.39
Brooks Robinson	3B	49	5	R	164	0.2323943661971831	0.3353658536585366	0.3450704225352113	0.3102544144837731	12.8	15.5	11	0.256	27.3	11.11	0	-4.02	2.561
Mickey Tettleton	C	69	5	S	164	0.1818181818181818	0.3414634146341464	0.2727272727272727	0.2960874071734765	18.9	28.8	11	0.231	25	0	0	-2.2	-0.732
Roger Metzger	SS	43	0	S	163	0.2611464968152866	0.2822085889570552	0.4012738853503185	0.2937942973904351	3.1	19.7	7.4	0.312	31.7	38.46	0	3.31	1.104
Duffy Dyer	C	69	0	R	162	0.2206896551724138	0.2901234567901235	0.3862068965517241	0.2958603952187763	7.4	29	14.8	0.277	46.9	6.67	0	-1.85	1.852
Newt Allen	2B	85	0	R	162	0.272108843537415	0.3291925465838509	0.3605442176870748	0.3079727163278927	7.4	19	0	0.333	27.5	18.18	0.74	-5.19	0.37
MJ Melendez	RF	55	5	L	159	0.2291666666666667	0.2830188679245283	0.3472222222222222	0.2775936265188683	6.3	23.6	7.5	0.279	36.4	8.33	0	-1.13	-1.132
Brian Giles	SS	54	0	R	158	0.2027972027972028	0.2721518987341772	0.3076923076923077	0.2610305567521859	8.2	27.3	7.6	0.262	34.5	10	-1.9	0	-1.139
J.J. Hardy	SS	64	0	R	158	0.2517006802721088	0.2948717948717949	0.4081632653061225	0.3064741762716534	3.2	19.7	15.2	0.289	37.8	7.14	0	-0.38	3.038
Kid Nichols	P	79	0	S	156	0.2972972972972973	0.3225806451612903	0.5472972972972973	0.3666151074950626	3.2	34.5	30.8	0.4	40.9	16.67	0	-0.77	3.462
Ray Brown	P	85	5	S	154	0.1824817518248175	0.2532467532467532	0.3284671532846715	0.2565316752098039	9.1	24.8	19.5	0.198	40	0	0	-3.9	-1.948
Deacon White	3B	72	0	L	153	0.2916666666666667	0.3026315789473684	0.4930555555555556	0.3339321247266117	2.6	13.2	19.6	0.298	42.9	5.56	-1.96	-4.71	1.569
Nelson Santovenia	C	49	0	R	153	0.198581560283688	0.2549019607843137	0.3546099290780142	0.2666359395298483	6.5	26.2	19.6	0.23	42.9	0	0	0.78	-1.176
Kevin McReynolds	LF	73	5	R	152	0.2624113475177305	0.2960526315789473	0.4822695035460993	0.3286751211991845	3.9	11.3	31.6	0.242	37.8	7.14	1.58	5.92	1.579
Pretzels Getzien	P	64	5	R	152	0.2836879432624114	0.3355263157894737	0.5531914893617021	0.3760374082787703	6.6	31.2	31.6	0.36	47.5	15.79	0.79	-3.95	3.158
Phil Masi	C	79	0	R	150	0.2272727272727273	0.3061224489795918	0.2575757575757576	0.2650326891160211	9.3	20.5	4	0.279	6.7	0	0.8	-0.8	-2.8
Cy Williams	RF	69	0	L	149	0.328125	0.4013605442176871	0.5078125	0.3940095621770318	10.7	12.5	24.2	0.333	23.8	10	0	-5.64	3.624
Del Rice	C	40	5	R	146	0.1925925925925926	0.2344827586206897	0.2592592592592592	0.2219380426432611	4.8	27.4	4.1	0.253	26.9	0	0	-2.88	-4.11
Mickey Mantle	1B	68	5	S	145	0.1833333333333333	0.3172413793103449	0.4083333333333333	0.3207276369642161	15.9	27.5	33.1	0.175	50	0	0	2.07	2.069
George Hunter	RF	40	5	S	144	0.2444444444444444	0.2797202797202797	0.3777777777777778	0.2857257157907836	4.9	24.4	4.2	0.314	45.5	6.67	0	-3.75	-2.083
Joe DiMaggio	CF	64	0	R	144	0.2061068702290076	0.2777777777777778	0.3511450381679389	0.2793652602303346	9	15.3	20.8	0.208	33.3	0	-2.08	6.67	1.25
Bill Everitt	1B	42	1	L	143	0.2384615384615385	0.2957746478873239	0.2923076923076923	0.2681348790076203	7	16.2	4.2	0.275	16.1	0	-1.26	7.13	-1.259
U L Washington	SS	64	0	S	142	0.1818181818181818	0.2323943661971831	0.2878787878787879	0.2316060924340696	6.3	20.5	12.7	0.204	33.3	0	1.69	6.34	-0.845
Casey Candaele	2B	71	0	S	138	0.211864406779661	0.3211678832116788	0.288135593220339	0.2822341038169196	11.6	15.3	4.3	0.242	20	40	-1.3	3.04	0
Billy Jurges	SS	57	5	R	137	0.2583333333333334	0.3308823529411765	0.3	0.2900630707643756	10.2	17.5	0	0.307	16.1	0	0	4.82	3.066
Bill Shipke	3B	40	1	R	136	0.2015503875968992	0.2352941176470588	0.2790697674418605	0.227633710944764	4.4	26.4	0	0.271	26.9	42.86	-1.32	1.32	-3.088
Tom Daley	LF	61	0	L	136	0.2336448598130841	0.3684210526315789	0.3271028037383177	0.323355023719072	17.6	11.2	8.8	0.242	24	0	2.21	3.53	0
Jesus Alou	RF	59	0	R	135	0.216	0.2462686567164179	0.296	0.2384992430195833	4.4	9.6	0	0.233	37	0	0	-4.89	-3.111
Tommy Bond	P	77	0	R	134	0.2734375	0.2985074626865671	0.3359375	0.2815059188437302	3	12.5	0	0.31	22.9	0	1.79	-4.48	-0.448
Gary Roenicke	LF	59	0	R	133	0.2083333333333333	0.2857142857142857	0.4166666666666667	0.3054052060932851	9	30	27.1	0.244	52	0	0	-10.83	-0.902
Maury Wills	SS	78	0	S	132	0.2869565217391304	0.3712121212121212	0.3130434782608696	0.3150211024533906	11.4	8.7	0	0.311	9.1	0	1.82	0.45	5
Johnny Edwards	C	48	0	L	132	0.2333333333333333	0.2803030303030303	0.3333333333333333	0.2705270659959333	6.1	14.2	4.5	0.257	32.1	11.11	0	-0.45	0
Garret Anderson	LF	49	0	L	132	0.2635658914728682	0.2803030303030303	0.3488372093023256	0.276172986780107	1.5	17.1	4.5	0.311	23.5	12.5	0.91	-0.45	-0.455
Chase Utley	2B	73	0	L	132	0.2241379310344828	0.3181818181818182	0.3620689655172414	0.3057769962481707	12.1	12.9	13.6	0.235	38.5	0	0.91	4.55	1.364
Lance Blankenship	2B	83	0	R	131	0.2090909090909091	0.3230769230769231	0.2909090909090909	0.286408468908778	14.5	22.7	0	0.267	34.8	12.5	6.41	3.21	2.748
Eguy Rosario	3B	44	0	R	131	0.1693548387096774	0.2	0.2258064516129032	0.1912871826946153	3.1	34.7	4.6	0.247	23.8	0	0	-2.29	-5.038
Luis Aparicio	SS	52	5	R	130	0.1904761904761905	0.2903225806451613	0.2285714285714286	0.2433525619304456	12.3	13.3	0	0.213	15	33.33	-0.46	-2.77	-1.385
Jackie Robinson	1B	58	0	R	130	0.2436974789915966	0.3	0.3109243697478992	0.2727921676728944	7.7	19.3	4.6	0.292	20.7	0	0.92	7.85	0.462
Esteban Quiroz	2B	56	0	L	130	0.2155172413793103	0.2846153846153846	0.3017241379310345	0.2656514352738521	7.7	22.4	9.2	0.256	24	0	0	2.77	-1.385
Aaron Boone	3B	59	0	R	129	0.275	0.296875	0.475	0.3264845132270855	1.6	16.7	27.9	0.278	36.4	0	-4.65	-3.72	1.86
Yogi Berra	LF	68	0	L	129	0.2016806722689076	0.2558139534883721	0.2521008403361344	0.2288928678275616	7	21	4.7	0.245	16.7	0	0	-3.72	-3.721
Vince Coleman	LF	55	5	S	128	0.2288135593220339	0.2734375	0.3559322033898305	0.2746829574850079	6.2	11	9.4	0.238	37	10	-5.16	5.16	-0.469
Don Padgett	RF	52	0	L	127	0.2113821138211382	0.2362204724409449	0.3089430894308943	0.2391073001261556	2.4	21.1	4.7	0.26	34.6	11.11	0	-6.14	-1.89
Niko Goodrum	2B	64	0	S	127	0.2389380530973451	0.2992125984251969	0.3097345132743363	0.2742301927197258	7.1	17.7	0	0.281	25.9	14.29	-1.42	-6.14	-2.362
Wilbert Robinson	C	77	0	R	123	0.2545454545454545	0.3032786885245902	0.3090909090909091	0.2685294720526972	5.7	16.4	4.9	0.287	14.3	0	0.98	-3.41	-1.951
Jack Shepard	C	56	5	R	123	0.2678571428571428	0.3166666666666667	0.4642857142857143	0.3366311492064387	5.7	20.5	19.5	0.306	43.3	7.69	0	-13.17	0
Yuli Gurriel	1B	41	5	R	122	0.2566371681415929	0.2950819672131147	0.3893805309734513	0.2973949898403004	4.9	12.4	4.9	0.28	44.8	0	-0.49	0.49	-0.492
Bob Horner	1B	44	5	R	121	0.2641509433962264	0.3166666666666667	0.3490566037735849	0.2950932517040435	7.4	15.1	9.9	0.283	17.9	0	0	-5.45	-0.992
Clyde Vollmer	RF	55	0	R	121	0.2477064220183486	0.3	0.5045871559633027	0.3359752397620806	5	27.5	39.7	0.26	40.7	9.09	0	-11.4	-1.488
Steve Balboni	1B	43	5	R	120	0.2857142857142857	0.375	0.6	0.4119216384187048	11.7	34.3	50	0.339	43.3	0	0	-2.5	5.5
Brian Harper	C	83	5	R	117	0.247787610619469	0.264957264957265	0.3628318584070797	0.2720079703678104	2.6	8.8	10.3	0.255	32.1	0	0	5.13	-2.051
Josh Bell	1B	78	5	S	117	0.2616822429906542	0.3247863247863248	0.4018691588785047	0.3207763528450724	8.5	18.7	15.4	0.298	32.1	0	0	-5.64	1.026
Jonathan Villar	3B	58	0	S	115	0.2692307692307692	0.3125	0.375	0.302213800071023	6.1	25	0	0.354	32.1	22.22	0	2.61	-1.043
Otto Miller	C	40	1	R	114	0.1923076923076923	0.2543859649122807	0.3269230769230769	0.2573740985176855	7	19.2	15.8	0.207	40	0	1.05	3.16	-2.632
Roger Bresnahan	C	83	5	R	114	0.29	0.3771929824561404	0.46	0.3675194207638695	11.4	20	5.3	0.354	44.8	15.38	1.05	3.68	4.211
Quincy Trouppe	C	84	5	S	114	0.2211538461538461	0.2719298245614035	0.4038461538461539	0.290325929780954	7	20.2	26.3	0.225	39.1	0	1.05	3.68	0
Richie Scheinblum	RF	87	0	S	114	0.2989690721649484	0.3628318584070797	0.4845360824742268	0.3625199418104976	7.9	11.3	15.8	0.299	37.9	9.09	0	4.21	3.684
Ichiro Suzuki	RF	61	0	L	113	0.2884615384615384	0.3303571428571428	0.3461538461538461	0.2992981674910584	6.2	12.5	0	0.326	20	0	1.06	3.72	1.062
Eddie Robinson	1B	67	5	L	113	0.2164948453608248	0.3274336283185841	0.3298969072164948	0.3029662569438579	10.6	20.6	15.9	0.243	23.8	0	0	0	0
Lee Thomas	1B	77	0	L	113	0.3131313131313131	0.3805309734513274	0.3636363636363636	0.3331777481813304	10.6	16.2	0	0.365	16.1	0	-4.78	0	1.593
Tony Armas	CF	48	0	R	111	0.2545454545454545	0.2612612612612613	0.4909090909090909	0.3161826081296064	0.9	21.8	32.4	0.275	50	0	0	5.95	2.703
Marr Phillips	SS	42	0	R	110	0.2264150943396226	0.2545454545454545	0.3018867924528302	0.2467691086990725	3.6	15.1	0	0.267	33.3	0	0	3.27	-2.182
Michael Young	SS	59	5	R	108	0.2346938775510204	0.287037037037037	0.3775510204081632	0.2894724906326223	7.4	25.5	11.1	0.288	43.5	0	-5.56	-3.33	1.111
Clyde Milan	CF	66	1	L	107	0.3894736842105263	0.4433962264150944	0.6421052631578947	0.4565723479027105	9.3	10.5	22.4	0.402	32.4	33.33	2.8	-6.17	7.29
Chick Fullis	CF	73	5	R	106	0.2421052631578947	0.2924528301886792	0.3263157894736842	0.2748463235148841	7.5	14.7	11.3	0.256	17.4	0	1.13	0.57	-0.566
Hal Lanier	SS	43	5	R	106	0.2448979591836735	0.2952380952380952	0.2959183673469388	0.2689732029280527	5.7	14.3	0	0.286	20.8	0	0	6.23	0.566
Buck Ewing	C	82	0	R	105	0.2424242424242424	0.2857142857142857	0.404040404040404	0.2993302814442338	5.7	16.2	17.1	0.262	37.5	11.11	-0.57	1.14	1.714
Yuli Gurriel	1B	41	0	R	104	0.1979166666666667	0.2596153846153846	0.2708333333333333	0.2424183432235391	6.7	16.7	5.8	0.228	26.3	0	-1.73	1.73	-4.615
Jarrod Dyson	CF	61	0	L	104	0.154639175257732	0.2115384615384615	0.2371134020618557	0.2039754800085671	6.7	15.5	5.8	0.173	33.3	20	-2.88	3.46	-4.615
Tim Murnane	1B	71	0	L	104	0.2555555555555555	0.3461538461538461	0.3	0.3002770932819568	12.5	20	0	0.315	17.4	0	1.73	1.73	0
Al Lopez	C	62	0	R	103	0.1875	0.2330097087378641	0.3229166666666667	0.2430584582583197	5.8	26	17.5	0.217	38.9	0	0	-4.66	-2.913
Wesley Pryor	3B	64	0	L	103	0.2	0.2621359223300971	0.2947368421052631	0.2518561053130766	6.8	23.2	11.7	0.239	26.3	0	0	0.58	0
Fred Hutchinson	SS	74	5	R	103	0.1382978723404255	0.198019801980198	0.2553191489361702	0.203261484088116	6.8	18.1	17.5	0.135	30.8	25	1.17	1.75	-1.165
Larry Brown	SS	51	5	R	102	0.1931818181818182	0.2871287128712871	0.2613636363636364	0.2571369591584396	8.8	20.5	5.9	0.229	23.5	0	0	-1.18	-1.765
Rick Dempsey	C	55	0	R	102	0.1888888888888889	0.2647058823529412	0.3666666666666666	0.275475142171732	8.8	24.4	23.5	0.197	47.1	0	0	-2.35	-1.176
Phil Cockrell	P	70	0	R	102	0.1595744680851064	0.18	0.1808510638297872	0.1625616184646283	2.9	22.3	0	0.197	13.3	0	0	1.76	-5.882
Spottswood Poles	CF	85	0	S	102	0.1931818181818182	0.297029702970297	0.2386363636363636	0.2562695871945201	12.7	13.6	5.9	0.213	11.8	0	1.18	6.47	-0.588
Julio Franco	2B	83	0	R	102	0.2045454545454546	0.3069306930693069	0.3522727272727273	0.2978225164094405	9.8	17	11.8	0.225	50	0	7.65	2.94	0
Buck Martinez	C	63	0	R	102	0.1395348837209302	0.2673267326732673	0.2209302325581395	0.2368151097652344	14.7	37.2	11.8	0.192	25	0	0	0.59	-3.529
Al Spohrer	C	43	0	R	101	0.1182795698924731	0.1515151515151515	0.1290322580645161	0.1316684199426729	4	12.9	0	0.133	9.1	0	-2.97	1.19	-8.911
Phil Garner	2B	63	0	R	98	0.2127659574468085	0.2346938775510204	0.2659574468085106	0.2223076135400582	2	21.3	0	0.267	20	25	4.29	-1.22	-2.449
Delino DeShields	2B	62	0	L	97	0.1764705882352941	0.2783505154639175	0.2705882352941176	0.2563148043310515	10.3	14.1	6.2	0.194	40	0	0	6.8	-1.237
Larry Bowa	SS	57	0	S	97	0.3085106382978723	0.3298969072164948	0.425531914893617	0.3299938925340308	3.1	11.7	12.4	0.333	24.1	0	-1.86	3.71	2.474
Joe Carter	RF	64	5	R	97	0.2777777777777778	0.3298969072164948	0.4888888888888889	0.3524168819849001	6.2	17.8	24.7	0.3	44	0	-1.86	5.57	4.33
Dick Gernert	1B	65	5	R	96	0.2804878048780488	0.375	0.5487804878048781	0.3930850344693952	13.5	18.3	37.5	0.274	43.5	0	0	-12.5	2.5
Bunny Brief	1B	40	5	R	96	0.1744186046511628	0.2604166666666667	0.2093023255813954	0.2254836003660735	8.3	41.9	0	0.3	20	0	-3.12	-8.75	-4.375
Jose Offerman	2B	70	5	S	95	0.1704545454545454	0.2	0.3068181818181818	0.2168966832941673	3.2	22.7	18.9	0.176	40	0	-3.16	-3.16	-4.421
Sam Rice	RF	48	0	L	95	0.2528735632183908	0.2978723404255319	0.3563218390804598	0.2893844977254946	5.3	12.6	12.6	0.267	22.7	0	2.53	3.79	1.263
Pete Coscarart	2B	46	0	R	95	0.2022471910112359	0.2421052631578947	0.3370786516853932	0.2517248201096973	5.3	20.2	12.6	0.229	38.9	14.29	0	-1.89	-4.421
Billy Myers	SS	67	1	R	94	0.2352941176470588	0.2978723404255319	0.3764705882352941	0.2972327940776874	7.4	18.8	25.5	0.242	20	0	-3.19	3.83	1.915
George Watkins	RF	74	5	L	94	0.2941176470588235	0.3617021276595745	0.4470588235294118	0.3553992379178614	9.6	18.8	12.8	0.343	36	0	3.19	-1.91	1.915
Joe Mack	C	74	5	L	94	0.2906976744186047	0.3440860215053764	0.4883720930232558	0.3598385917913573	7.4	16.3	31.9	0.299	28	0	0	8.94	5.745
Andy Etchebarren	C	63	5	R	94	0.2333333333333333	0.2659574468085106	0.3888888888888889	0.2840462097131775	3.2	25.6	25.5	0.27	28.6	0	0	-1.28	0.638
Julio Cruz	2B	62	0	S	93	0.2405063291139241	0.3406593406593407	0.3037974683544304	0.3001727549020522	12.9	17.7	6.5	0.281	15.8	0	-6.45	4.52	0.645
Jake Stahl	1B	86	5	R	92	0.2941176470588235	0.3478260869565217	0.5176470588235295	0.3711842272565893	6.5	24.7	26.1	0.35	40	10	1.3	5.22	4.565
Juan Pierre	CF	70	0	L	92	0.2857142857142857	0.3068181818181818	0.3809523809523809	0.3002059275322407	3.3	8.3	6.5	0.299	20.8	20	-0.65	5.87	1.957
Pete Runnels	SS	60	0	L	92	0.2470588235294118	0.3043478260869565	0.3411764705882353	0.288299463811292	7.6	20	0	0.309	28.6	33.33	0	4.57	0.652
David Dahl	CF	75	0	L	92	0.2592592592592592	0.3369565217391304	0.4444444444444444	0.3389154581538622	10.9	29.6	13	0.339	42.9	22.22	0	5.87	3.261
Will Venable	RF	59	0	L	90	0.2168674698795181	0.2666666666666667	0.2771084337349398	0.2461792566605069	6.7	25.3	6.7	0.274	16.7	0	0	-14.67	-0.667
Frank Duncan	C	61	5	L	90	0.2469135802469136	0.2921348314606741	0.308641975308642	0.2693730657631219	5.6	19.8	6.7	0.288	15	0	-2	2.67	0.667
Bernie Carbo	LF	56	0	L	89	0.2816901408450704	0.3977272727272727	0.4647887323943662	0.3770651143114674	16.9	16.9	6.7	0.317	55	0	-7.42	-4.04	2.697
Deacon White	3B	72	4	L	89	0.3	0.3595505617977528	0.55	0.3856233411022116	7.9	8.8	27	0.286	45.8	9.09	0	-4.72	4.719
Eliezer J. Alfonzo	C	48	0	R	89	0.1976744186046512	0.2247191011235955	0.2674418604651163	0.2192547825900642	2.2	31.4	6.7	0.276	23.5	0	0	-4.72	-6.067
Charlie Eden	LF	40	5	L	88	0.308641975308642	0.3636363636363636	0.3950617283950617	0.3386482146032956	8	18.5	6.8	0.369	16	25	0	-6.82	3.409
Jed Lowrie	SS	80	0	S	88	0.2073170731707317	0.2613636363636364	0.3414634146341464	0.266145201416095	5.7	20.7	6.8	0.25	52.9	0	0	-3.41	-1.364
Willie Stargell	1B	89	5	L	86	0.1875	0.2441860465116279	0.2375	0.2227645617934792	4.7	32.5	0	0.278	26.7	0	0	0	-4.186
Jorge Mateo	SS	47	0	R	85	0.1518987341772152	0.1904761904761905	0.2658227848101266	0.1996764401417361	4.7	29.1	14.1	0.182	33.3	25	0	1.41	-3.529
Jeff Frye	2B	42	0	R	85	0.1728395061728395	0.1927710843373494	0.1975308641975309	0.176874672690836	1.2	16	0	0.206	14.3	0	0	-2.82	-4.235
Tom Padden	C	57	0	R	84	0.2597402597402597	0.3214285714285715	0.3636363636363636	0.3064294824521672	8.3	20.8	14.3	0.305	20	0	0	3.57	2.143
Ray Schalk	C	68	5	R	84	0.2054794520547945	0.2976190476190476	0.2602739726027397	0.2615683120673777	10.7	23.3	0	0.263	26.7	0	-3.57	4.29	-0.714
Deacon White	3B	72	5	L	84	0.3116883116883117	0.3493975903614458	0.4805194805194805	0.357395251549161	4.8	10.4	14.3	0.324	33.3	12.5	0	-2.14	4.286
Jimmy Crooks	C	68	5	L	84	0.1666666666666667	0.2682926829268293	0.25	0.2437694106199673	11.9	23.6	7.1	0.204	33.3	0	0	3.57	-0.714
Endy Chavez	CF	59	0	L	83	0.175	0.1927710843373494	0.3125	0.2149806637823304	1.2	22.5	14.5	0.197	35.7	40	0	0	-4.337
Spike Owen	3B	85	5	S	82	0.2857142857142857	0.3658536585365854	0.4142857142857143	0.3449607383471648	9.8	12.9	14.6	0.295	25	0	0	-2.2	2.195
Terry Steinbach	C	60	0	R	82	0.2465753424657534	0.3170731707317073	0.3287671232876712	0.2918634077296819	9.8	20.5	7.3	0.293	22.2	0	0	-6.59	-0.732
Corey Koskie	3B	55	1	L	81	0.2	0.2469135802469136	0.2133333333333333	0.2138648800280159	6.2	24	0	0.259	6.7	0	0	-0.74	-1.481
Double Duty Radcliffe	CF	57	0	R	80	0.1351351351351351	0.1666666666666667	0.1756756756756757	0.1556385716539586	3.8	27	0	0.182	30	0	0	9.75	-6.75
Biff Pocoroba	C	44	0	S	79	0.25	0.3544303797468354	0.3970588235294117	0.336843865452046	13.9	7.4	15.2	0.246	35.3	0	0	-6.08	0.759
Dixie Walker	RF	89	5	L	78	0.2638888888888889	0.3205128205128205	0.4861111111111111	0.3460760062798547	7.7	22.2	23.1	0.302	52.6	0	0	-7.69	2.308
Fred Odwell	LF	44	0	L	77	0.1818181818181818	0.2763157894736842	0.2424242424242424	0.2381005184954415	11.7	33.3	7.8	0.25	16.7	0	0	0.78	-2.338
Yainer Diaz	C	63	0	R	77	0.1733333333333333	0.1948051948051948	0.24	0.1931286687438978	1.3	17.3	7.8	0.197	23.1	0	0	2.34	-5.455
Sparky Adams	2B	75	0	R	75	0.3333333333333333	0.36	0.4242424242424243	0.3390212466103342	5.3	4.5	16	0.308	9.1	0	0	4	3.2
John Bissant	LF	48	0	R	75	0.1805555555555556	0.2133333333333333	0.3333333333333333	0.2348075329458918	4	13.9	8	0.197	53.8	28.57	0	-2.4	-2.4
Justin Smoak	1B	69	0	S	75	0.2153846153846154	0.3066666666666666	0.4461538461538462	0.3242716055314112	12	16.9	32	0.196	50	0	0	-3.2	1.6
Bert Haas	1B	41	0	R	74	0.3088235294117647	0.3513513513513514	0.3970588235294117	0.3303700646662938	6.8	11.8	8.1	0.333	14.3	33.33	0	4.05	2.432
Johnny Peacock	C	43	0	L	74	0.2647058823529412	0.3055555555555556	0.3088235294117647	0.2778428064215197	5.4	11.8	0	0.3	16.7	0	0	8.11	-0.811
Derek Bell	RF	58	5	R	74	0.2615384615384616	0.3378378378378378	0.4461538461538462	0.3413126867466977	9.5	29.2	32.4	0.302	23.5	0	0	0	1.622
Rennie Stennett	2B	60	0	R	74	0.2535211267605634	0.2837837837837838	0.3098591549295774	0.2650431070832778	4.1	18.3	0	0.31	16.7	33.33	0	-4.05	0
Carlos Ruiz	C	68	5	R	74	0.2153846153846154	0.2972972972972973	0.3230769230769231	0.2802738917365282	9.5	21.5	8.1	0.255	35.7	0	1.62	0.81	-1.622
Pete Hill	CF	80	0	L	74	0.2542372881355932	0.3918918918918919	0.423728813559322	0.3642545853467529	18.9	18.6	16.2	0.277	40	0	1.62	3.24	3.243
Chuck Cottier	2B	43	0	R	74	0.1194029850746269	0.1780821917808219	0.1194029850746269	0.1466908663498001	6.8	32.8	0	0.174	0		1.62	4.86	-7.297
Claudell Washington	LF	59	0	L	73	0.2083333333333333	0.2191780821917808	0.2361111111111111	0.2027245659785803	1.4	20.8	0	0.263	6.7	100	0	0.82	-2.466
Curtis Granderson	LF	45	0	L	73	0.2153846153846154	0.2816901408450704	0.4153846153846154	0.3019455096027318	8.2	18.5	16.4	0.235	64.3	0	0	0	-0.822
Tom Herr	2B	58	0	S	73	0.06060606060606061	0.1506849315068493	0.06060606060606061	0.1171674159347507	9.6	22.7	0	0.078	0		-2.47	2.47	-9.041
Bill Everitt	1B	42	5	L	72	0.1904761904761905	0.2816901408450704	0.2380952380952381	0.2457361343594523	11.1	15.9	0	0.226	16.7	50	1.67	0.83	-2.5
Emilio Bonifacio	3B	47	5	S	72	0.2380952380952381	0.3142857142857143	0.2698412698412698	0.2723461853104071	9.7	25.4	0	0.319	6.7	100	3.33	-1.67	-3.333
Mark Grace	1B	80	0	L	71	0.2575757575757576	0.3098591549295774	0.3636363636363636	0.2997276953175599	7	16.7	16.9	0.283	17.6	0	0	2.54	0.845
George Shively	LF	61	0	L	71	0.3181818181818182	0.3571428571428572	0.5303030303030303	0.375427434802459	5.6	13.6	25.4	0.333	33.3	14.29	0	-2.54	4.225
Frank Howard	LF	81	0	R	71	0.3387096774193548	0.3802816901408451	0.7419354838709677	0.4519094267688326	7	32.3	59.2	0.368	52.4	0	0	-0.85	6.761
Harry Wolverton	3B	61	0	S	70	0.3076923076923077	0.3478260869565217	0.3538461538461539	0.3162717654466906	4.3	4.6	0	0.323	15	0	1.71	5.14	1.714
Freddie Patek	SS	43	0	R	70	0.06557377049180328	0.1343283582089552	0.06557377049180328	0.1068808261031891	5.7	24.6	0	0.085	0		4.29	0	-8.571
Ozzie Smith	SS	79	0	S	70	0.3166666666666667	0.4	0.4166666666666667	0.359438178950885	11.4	8.3	0	0.339	26.3	20	-0.86	7.71	6.857
Julio Lugo	SS	73	5	R	70	0.2698412698412698	0.3333333333333333	0.3492063492063492	0.3068262263017601	8.6	15.9	0	0.321	17.6	66.67	5.14	6.86	5.143
Jack Brohamer	2B	75	0	L	69	0.2459016393442623	0.3235294117647059	0.360655737704918	0.3079930035400058	8.7	6.6	17.4	0.236	20	0	0	-2.61	2.609
Brad Miller	SS	71	0	L	68	0.3728813559322034	0.4393939393939394	0.6271186440677966	0.4553420312204609	10.3	37.3	35.3	0.545	31.8	0	0	-2.65	8.824
Mule Haas	CF	69	0	L	68	0.2786885245901639	0.303030303030303	0.4426229508196721	0.3170234216715473	4.4	8.2	17.6	0.268	35.3	0	0	-8.82	-2.647
Frank Malzone	3B	58	0	R	68	0.1694915254237288	0.2307692307692308	0.3050847457627119	0.2366998899192609	5.9	18.6	8.8	0.188	60	0	0	4.41	-0.882
Burgess Whitehead	2B	58	0	R	68	0.2711864406779661	0.2923076923076923	0.3220338983050847	0.2693122498015806	4.4	10.2	0	0.286	18.8	0	0	4.41	0
Billy O&#39;Brien	1B	68	0	R	68	0.2537313432835821	0.2647058823529412	0.3283582089552239	0.2595889492206926	1.5	16.4	0	0.304	23.5	25	0	-3.53	-1.765
Gus Suhr	1B	80	0	L	68	0.1724137931034483	0.2941176470588235	0.2758620689655172	0.2676558204138136	14.7	13.8	8.8	0.184	40	0	0	2.65	-0.882
Steve Balboni	1B	43	0	R	67	0.180327868852459	0.2537313432835821	0.4098360655737705	0.2858219449831622	9	42.6	35.8	0.226	54.5	0	0	9.85	0.896
Gus Mancuso	C	58	5	R	67	0.1774193548387097	0.2272727272727273	0.2258064516129032	0.2081671469507819	4.5	14.5	0	0.208	18.2	50	0	-8.06	-4.478
Lou Brock	CF	51	0	L	66	0.21875	0.2424242424242424	0.3125	0.2442430588472733	1.5	20.3	9.1	0.26	28.6	0	0	0.91	-0.909
Junior Felix	RF	57	0	S	66	0.180327868852459	0.2272727272727273	0.3278688524590164	0.2405844398569218	6.1	13.1	18.2	0.173	36.4	25	0	0.91	-0.909
Tito Fuentes	2B	60	0	S	65	0.1833333333333333	0.234375	0.3166666666666667	0.2428012026996565	6.2	15	9.2	0.2	54.5	0	0	2.77	-1.846
Michael Young	SS	59	0	R	65	0.25	0.296875	0.45	0.3211830123242915	6.2	23.3	18.5	0.295	53.3	0	1.85	-6.46	0.923
Pepper Bassett	C	57	0	S	64	0.2131147540983606	0.2258064516129032	0.4098360655737705	0.2690970839129327	0	13.1	28.1	0.2	46.2	0	0	3.75	0
Bill Everitt	1B	42	0	L	63	0.2033898305084746	0.2380952380952381	0.2542372881355932	0.2210841979635993	4.8	23.7	0	0.261	25	0	0	2.86	-3.81
Tony Scott	CF	41	1	S	63	0.1147540983606557	0.1428571428571428	0.1639344262295082	0.1392975983045608	1.6	24.6	0	0.152	42.9	0	0	0	-9.524
Doug Mirabelli	C	50	0	R	63	0.2333333333333333	0.2419354838709677	0.4	0.2712745503415768	1.6	30	19	0.293	42.9	0	0	0.95	-1.905
Brenton Doyle	CF	61	1	R	62	0.2241379310344828	0.2741935483870968	0.3793103448275862	0.2860021198219058	4.8	17.2	19.4	0.239	38.5	0	-2.9	1.94	-0.968
Juan Gonzalez	RF	81	0	R	62	0.2711864406779661	0.3064516129032258	0.4576271186440678	0.3290981063174361	4.8	23.7	29	0.31	31.2	0	0	0.97	0
Walt Lerian	C	54	0	R	62	0.2181818181818182	0.2786885245901639	0.3272727272727273	0.2697465608444404	8.1	32.7	19.4	0.278	16.7	0	0	-1.94	-1.935
Van Kelly	3B	40	0	L	62	0.2	0.3548387096774194	0.3	0.3107659552249321	19.4	38	9.7	0.3	30	0	0	1.94	0.968
Otto Miller	C	40	0	R	61	0.169811320754717	0.2666666666666667	0.1886792452830189	0.223482023167449	9.8	18.9	0	0.209	11.1	0	0	0	-4.918
Max Carey	LF	60	0	S	61	0.2678571428571428	0.3114754098360656	0.375	0.3017458334359372	6.6	14.3	9.8	0.292	26.7	0	1.97	1.97	0
Brian McCann	C	84	0	L	61	0.2545454545454545	0.3166666666666667	0.3818181818181818	0.3092035210418489	6.6	23.6	0	0.333	42.9	16.67	0	-12.79	0.984
Mickey Vernon	1B	83	0	L	59	0.2363636363636364	0.2711864406779661	0.3454545454545455	0.2697760276559786	3.4	25.5	0	0.31	46.2	0	0	-2.03	-3.051
Jack Harshman	P	69	0	L	59	0.2222222222222222	0.288135593220339	0.5370370370370371	0.3460675578637613	8.5	40.7	50.8	0.259	58.3	0	0	-11.19	2.034
Lou Criger	C	51	5	R	59	0.1071428571428571	0.1525423728813559	0.1071428571428571	0.1270874148430515	5.1	23.2	0	0.14	0		0	4.07	-7.119
George Shuba	LF	80	0	L	59	0.1851851851851852	0.2542372881355932	0.2962962962962963	0.2490782745692732	6.8	22.2	20.3	0.2	20	0	0	-2.03	-5.085
Gabby Street	C	41	0	R	58	0.2037037037037037	0.2586206896551724	0.2222222222222222	0.2247443719711141	6.9	5.6	0	0.216	9.1	0	2.07	6.21	-2.069
Orlando Cabrera	SS	89	5	R	58	0.42	0.5	0.72	0.5141983582889875	12.1	16	20.7	0.475	47.6	10	2.07	-6.21	13.448
Don Baylor	1B	64	5	R	58	0.2549019607843137	0.3275862068965517	0.392156862745098	0.3180023864736846	8.6	17.6	20.7	0.268	23.1	0	7.24	2.07	4.138
Bennie Tate	C	48	0	L	57	0.3461538461538461	0.4035087719298245	0.5384615384615384	0.4070892107340248	8.8	13.5	21.1	0.372	27.8	20	0	-4.21	6.316
Yoan Moncada	3B	81	0	S	57	0.2222222222222222	0.2631578947368421	0.3703703703703703	0.2761847934209705	5.3	20.4	21.1	0.244	33.3	0	0	7.37	2.105
Dick Green	2B	81	0	R	57	0.1730769230769231	0.2456140350877193	0.2884615384615384	0.2412613707727524	8.8	26.9	10.5	0.216	44.4	0	0	8.42	0
Brent Mayne	C	67	0	L	56	0.2222222222222222	0.25	0.2407407407407407	0.2233507434031471	3.6	35.2	0	0.343	8.3	0	0	0	-3.214
Pepper Martin	3B	77	5	R	56	0.2127659574468085	0.3392857142857143	0.3404255319148936	0.3133723854846272	12.5	14.9	10.7	0.231	40	0	0	-2.14	3.214
Hal Morris	1B	56	5	L	55	0.1702127659574468	0.2641509433962264	0.1914893617021277	0.2221548987806606	10.9	25.5	0	0.229	12.5	0	0	7.64	-3.273
Frank Duncan	C	61	0	L	55	0.1956521739130435	0.3272727272727273	0.2391304347826087	0.2761015949897315	14.5	23.9	0	0.257	22.2	0	-5.45	0	-1.091
Jeferson Quero	C	80	0	R	55	0.2040816326530612	0.2909090909090909	0.3673469387755102	0.2918403368184418	10.9	22.4	21.8	0.222	30	33.33	0	-4.36	2.182
Rap Dixon	RF	81	0	R	54	0.1764705882352941	0.2222222222222222	0.2941176470588235	0.2283355231286947	5.6	27.5	11.1	0.222	44.4	0	2.22	-3.33	-2.222
Tony Gwynn Jr.	LF	60	0	L	54	0.1276595744680851	0.2407407407407407	0.1702127659574468	0.2052048891720531	11.1	17	0	0.154	33.3	0	-5.56	3.33	-4.444
Andy Etchebarren	C	63	0	R	54	0.2857142857142857	0.3518518518518519	0.5510204081632653	0.3842062869011529	9.3	16.3	33.3	0.289	50	0	0	0	4.444
Vic Wertz	1B	60	0	L	53	0.22	0.2452830188679245	0.46	0.293233032957532	3.8	34	34	0.258	45.5	20	0	-19.25	-4.528
Billy Herman	2B	88	5	R	53	0.3617021276595745	0.4150943396226415	0.425531914893617	0.3739872464820587	9.4	8.5	0	0.386	17.6	0	-5.66	0	3.396
Lou Whitaker	2B	77	0	L	53	0.2666666666666667	0.3773584905660378	0.3111111111111111	0.3157111113963577	15.1	20	0	0.333	16.7	0	0	0	3.396
Willie Mays Aikens	1B	85	0	L	53	0.2439024390243902	0.3962264150943396	0.3170731707317073	0.3363571345169487	20.8	34.1	0	0.357	30	0	0	1.13	2.264
Jason Castro	C	68	0	L	53	0.2040816326530612	0.2452830188679245	0.3265306122448979	0.2495163432131793	5.7	26.5	11.3	0.25	40	0	-6.79	1.13	-3.396
Ival Goodman	LF	70	5	L	52	0.3255813953488372	0.4423076923076923	0.5116279069767442	0.4186645333733385	15.4	9.3	11.5	0.342	35.7	20	0	4.62	5.769
Del Rice	C	40	1	R	52	0.1836734693877551	0.2307692307692308	0.2244897959183673	0.2100047705604442	3.8	28.6	0	0.257	22.2	0	0	0	-4.615
Dee Williams	LF	54	0	R	52	0.1923076923076923	0.1923076923076923	0.4230769230769231	0.2525855264813009	0	28.8	23.1	0.229	50	60	0	-13.85	-2.308
Geraldo Perdomo	SS	59	0	S	51	0.282051282051282	0.4313725490196079	0.4102564102564102	0.369026536837599	15.7	10.3	11.8	0.286	18.2	50	-7.06	-9.41	1.176
Max Carey	LF	60	5	S	51	0.1956521739130435	0.2745098039215687	0.2608695652173913	0.2482632501686726	7.8	23.9	0	0.257	22.2	50	2.35	2.35	-2.353
Pepper Bassett	C	57	5	S	51	0.3191489361702128	0.3333333333333333	0.7021276595744681	0.4294178420230221	2	10.6	58.8	0.27	53.3	0	0	1.18	7.059
Eliezer Alfonzo	C	48	0	S	51	0.1777777777777778	0.2549019607843137	0.2888888888888889	0.2457321100819847	7.8	15.6	11.8	0.184	37.5	0	0	3.53	-3.529
Grady Sizemore	RF	53	0	L	50	0.2790697674418605	0.38	0.3720930232558139	0.3425350138238486	14	7	0	0.3	33.3	0	-7.2	6	2.4
John Gochnauer	SS	40	0	R	50	0.06976744186046512	0.148936170212766	0.1162790697674419	0.1326824785707143	8	37.2	0	0.111	66.7	0	0	-18	-10.8
Doc Lavan	SS	50	0	R	49	0.2	0.2448979591836735	0.2222222222222222	0.2156196248949425	4.1	11.1	0	0.22	11.1	0	0	0	-1.224
Monte Beville	C	40	0	L	49	0.1666666666666667	0.1836734693877551	0.2291666666666667	0.1822353636982326	2	8.3	0	0.182	37.5	0	0	9.8	-2.449
Paul Hardy	C	47	0	R	49	0.2380952380952381	0.3125	0.2380952380952381	0.2603526901298625	10.2	23.8	0	0.303	0		0	0	-2.449
Ken Griffey Jr.	RF	78	0	L	48	0.2682926829268293	0.375	0.3902439024390244	0.3459851552614863	14.6	29.3	12.5	0.357	27.3	0	2.5	2.5	1.25
Chase Headley	3B	60	0	S	48	0.2608695652173913	0.2916666666666667	0.4130434782608696	0.3059673427190201	2.1	23.9	12.5	0.324	41.7	0	0	-6.25	-1.25
Luis Arraez	1B	88	0	L	48	0.275	0.3958333333333333	0.375	0.3464249973198866	14.6	12.5	12.5	0.294	18.2	0	0	6.25	2.5
Will Clark	1B	78	0	L	48	0.2444444444444444	0.2916666666666667	0.3111111111111111	0.2719573913286407	6.2	26.7	12.5	0.312	9.1	0	-6.25	-20	-3.75
Kevin Newman	2B	47	5	R	47	0.2325581395348837	0.2608695652173913	0.3255813953488372	0.2568125862288095	2.1	25.6	0	0.303	40	0	0	-5.11	-2.553
Starlin Castro	2B	51	5	R	47	0.1777777777777778	0.2127659574468085	0.2888888888888889	0.2206402960800194	4.3	15.6	12.8	0.189	37.5	0	0	-1.28	-2.553
Tito Fuentes	2B	60	3	S	47	0.3095238095238095	0.3829787234042553	0.5238095238095238	0.3924047100320606	8.5	16.7	25.5	0.333	38.5	0	-6.38	-11.49	3.83
Boots Day	CF	75	0	L	47	0.3023255813953488	0.3617021276595745	0.3953488372093023	0.3380495490403267	8.5	9.3	0	0.333	30.8	0	0	-12.77	2.553
Cliff Mapes	CF	68	5	L	47	0.1794871794871795	0.2978723404255319	0.2564102564102564	0.2523833227396704	14.9	15.4	12.8	0.182	14.3	0	2.55	2.55	-2.553
Harry Simpson	1B	75	0	L	47	0.2857142857142857	0.3404255319148936	0.5476190476190477	0.37079163770514	8.5	9.5	12.8	0.289	58.3	28.57	-6.38	7.66	3.83
Pretzels Getzien	P	64	0	R	47	0.1666666666666667	0.2553191489361702	0.2380952380952381	0.2313389335298789	8.5	31	0	0.241	28.6	50	0	0	-2.553
Jose Tartabull	CF	46	0	L	47	0.3181818181818182	0.3478260869565217	0.4772727272727273	0.3581506159393686	2.1	11.4	12.8	0.342	35.7	0	0	-2.55	3.83
Red Smith	3B	63	0	R	46	0.1904761904761905	0.2608695652173913	0.3333333333333333	0.2632885131569589	8.7	23.8	13	0.226	37.5	33.33	2.61	-1.3	0
Oscar Charleston	CF	89	5	L	46	0.1891891891891892	0.3260869565217391	0.4054054054054054	0.3222987658911693	17.4	24.3	26.1	0.185	57.1	0	0	-6.52	3.913
Jackie Robinson	3B	68	5	R	46	0.2894736842105263	0.391304347826087	0.3157894736842105	0.3212656324316	15.2	10.5	0	0.314	9.1	0	0	6.52	3.913
Bert Haas	1B	41	5	R	45	0.1904761904761905	0.2444444444444444	0.3095238095238095	0.2475584799968463	2.2	14.3	13.3	0.2	37.5	0	0	0	0
Muddy Ruel	C	78	5	R	45	0.275	0.3111111111111111	0.35	0.2888570641206372	6.7	7.5	0	0.282	18.2	50	0	0	1.333
Rafael Landestoy	2B	44	5	S	45	0.282051282051282	0.3777777777777778	0.4102564102564102	0.3430598187313361	13.3	12.8	0	0.324	27.3	66.67	-6.67	-12	-1.333
Joey Meneses	1B	78	5	R	44	0.2857142857142857	0.3181818181818182	0.4761904761904762	0.3416282564192416	4.5	9.5	27.3	0.278	33.3	0	0	-21.82	0
Milt May	C	63	0	L	44	0.3095238095238095	0.3409090909090909	0.4285714285714285	0.3379751703018212	2.3	9.5	13.6	0.324	23.1	0	0	5.45	4.091
Tim McCarver	C	68	5	L	44	0.225	0.2954545454545455	0.375	0.2975109162656689	6.8	2.5	27.3	0.189	22.2	0	0	5.45	2.727
Fred Odwell	LF	44	5	L	43	0.3421052631578947	0.4047619047619048	0.4210526315789473	0.3689988978732227	9.3	18.4	0	0.419	15.4	50	2.79	9.77	2.791
Don Bollweg	1B	50	0	L	43	0.2	0.3488372093023256	0.2	0.2778338402286623	18.6	25.7	0	0.269	0		0	2.79	-1.395
Eddie Joost	SS	89	0	R	43	0.282051282051282	0.3488372093023256	0.4871794871794872	0.3618412843301166	9.3	15.4	27.9	0.29	36.4	0	0	0	2.791
Monte Beville	C	40	5	L	43	0.2631578947368421	0.3255813953488372	0.4210526315789473	0.3236129739402373	9.3	21.1	0	0.323	60	0	0	4.19	1.395
Milton Lewis	2B	67	5	L	43	0.225	0.2790697674418605	0.35	0.2791815272193683	4.7	20	14	0.258	33.3	0	0	2.79	0
Joe Scott	1B	54	0	L	43	0.2162162162162162	0.3255813953488372	0.2702702702702703	0.2820720019689751	14	18.9	0	0.267	25	0	0	1.4	0
Arky Vaughan	LF	75	0	L	43	0.2142857142857143	0.2325581395348837	0.2619047619047619	0.2193815271707532	2.3	14.3	0	0.25	11.1	100	0	-2.79	-4.186
Tim Beckham	SS	48	5	R	43	0.1707317073170732	0.186046511627907	0.4146341463414634	0.2467153175796752	0	39	41.9	0.174	57.1	0	0	0	0
Craig Reynolds	SS	68	0	L	42	0.2972972972972973	0.3809523809523809	0.4054054054054054	0.3531100266229297	11.9	13.5	14.3	0.323	18.2	0	0	-12.86	4.286
Darrell Porter	C	74	0	L	42	0.358974358974359	0.4047619047619048	0.7435897435897436	0.4775007323705643	7.1	17.9	57.1	0.357	50	0	0	4.29	10
Dave Valle	C	55	5	R	41	0.07894736842105263	0.1463414634146341	0.07894736842105263	0.1174491134559281	7.3	13.2	0	0.091	0		0	-21.95	-8.78
Frank Snyder	C	84	5	R	41	0.2972972972972973	0.3658536585365854	0.4864864864864865	0.3693411488878821	7.3	24.3	14.6	0.37	27.3	66.67	0	0	4.39
Jeferson Quero	C	80	5	R	41	0.3846153846153846	0.4146341463414634	0.5897435897435898	0.4327795360309233	2.4	17.9	29.3	0.433	26.7	0	0	-1.46	11.707
Ichiro Suzuki	RF	61	1	L	41	0.1891891891891892	0.2439024390243902	0.2432432432432433	0.222004349162704	7.3	5.4	0	0.194	28.6	0	0	2.93	-2.927
George Altman	RF	84	0	L	41	0.3142857142857143	0.3902439024390244	0.5714285714285714	0.4047127760075105	7.3	20	14.6	0.357	45.5	40	-7.32	-7.32	4.39
Jim Hegan	C	46	0	R	41	0.2162162162162162	0.2682926829268293	0.3783783783783784	0.2794089892931099	7.3	27	29.3	0.231	25	0	0	-5.85	1.463
Tony Armas	CF	48	5	R	41	0.2631578947368421	0.3170731707317073	0.5	0.3502047784336458	4.9	23.7	43.9	0.269	30	0	0	-7.32	2.927
Odell Hale	3B	80	0	R	40	0.3235294117647059	0.3684210526315789	0.7058823529411765	0.4370296615418106	7.5	11.8	45	0.286	54.5	16.67	0	0	6
Terry Puhl	RF	80	0	L	40	0.2307692307692308	0.25	0.3076923076923077	0.2455945190640598	2.5	5.1	0	0.243	33.3	0	3	3	0
Tom Herr	2B	58	5	S	40	0.3142857142857143	0.4	0.4571428571428571	0.3806189263896364	7.5	14.3	0	0.367	45.5	0	10.5	-3	4.5
Ivan De Jesus	SS	41	0	R	39	0.3142857142857143	0.3846153846153846	0.4285714285714285	0.3628026934971436	7.7	14.3	15.4	0.345	18.2	0	0	1.54	3.077
Tommy Davis	3B	67	0	R	39	0.1428571428571428	0.2051282051282051	0.2285714285714286	0.1836204524508446	7.7	25.7	15.4	0.154	20	0	0	12.31	-6.154
Buck Rodgers	C	42	1	S	39	0.25	0.3076923076923077	0.3055555555555556	0.2792480563684322	7.7	22.2	0	0.321	22.2	0	0	7.69	0
Buddy Hassett	1B	50	5	L	38	0.2894736842105263	0.2894736842105263	0.3157894736842105	0.2682003632665754	0	2.6	0	0.297	9.1	0	0	1.58	-1.579
Joe Harris	1B	79	5	R	38	0.1515151515151515	0.2368421052631579	0.303030303030303	0.2395582948067488	7.9	36.4	15.8	0.19	40	50	0	0	-3.158
Doug Flynn	2B	40	5	R	38	0.2162162162162162	0.2368421052631579	0.2432432432432433	0.2163094716481991	2.6	16.2	0	0.258	12.5	0	0	4.74	-1.579
Bill Handy	2B	80	5	R	38	0.2424242424242424	0.3421052631578947	0.303030303030303	0.3012573687603021	10.5	21.2	0	0.308	25	0	0	7.89	3.158
Ryne Sandberg	2B	57	0	R	38	0.1891891891891892	0.1842105263157895	0.2432432432432433	0.1834081181059158	0	27	0	0.25	28.6	0	0	0	-4.737
Wade Boggs	3B	74	0	L	38	0.25	0.2894736842105263	0.3333333333333333	0.2772281764502916	5.3	2.8	0	0.257	33.3	0	0	4.74	0
Muddy Ruel	C	78	0	R	37	0.08823529411764706	0.1621621621621622	0.08823529411764706	0.1301463149106231	8.1	8.8	0	0.097	0		0	3.24	-6.486
Vic Harris	LF	79	0	L	37	0.1764705882352941	0.1944444444444444	0.2352941176470588	0.1885041802562359	2.7	35.3	0	0.261	33.3	0	0	1.62	-3.243
Ken Griffey Jr.	LF	50	0	L	37	0.28125	0.3783783783783784	0.375	0.3428983455722741	13.5	21.9	16.2	0.333	11.1	0	0	-14.59	0
Otto Miller	C	40	5	R	36	0.2121212121212121	0.2777777777777778	0.2727272727272727	0.2528382865464129	8.3	27.3	0	0.292	28.6	0	0	-1.67	-5
Alex Radcliff	3B	77	0	R	36	0.1764705882352941	0.2	0.3235294117647059	0.223863412731004	2.8	35.3	16.7	0.238	33.3	50	0	-1.67	-1.667
Kevin Stocker	SS	49	5	S	33	0.3571428571428572	0.4242424242424243	0.3928571428571428	0.3688030152651475	9.1	14.3	0	0.4	10	0	0	1.82	3.636
Jake Daubert	1B	86	5	L	33	0.2413793103448276	0.3333333333333333	0.2758620689655172	0.2742770542860685	9.1	20.7	0	0.304	14.3	0	3.64	9.09	-1.818
Jhonny Peralta	SS	82	5	R	32	0.1111111111111111	0.21875	0.1481481481481481	0.1847113723220906	9.4	25.9	0	0.143	33.3	0	0	1.88	-1.875
Fernando Tatis	3B	73	5	R	32	0.3	0.34375	0.3666666666666666	0.3190424414560753	3.1	33.3	0	0.45	22.2	0	3.75	5.62	5.625
Rabbit Maranville	SS	60	0	R	31	0.2	0.2	0.2666666666666667	0.2013257300582237	0	20	0	0.25	16.7	100	0	0	-3.871
Eddie Moore	RF	78	5	R	31	0.2258064516129032	0.2258064516129032	0.3870967741935484	0.2598085835262754	0	19.4	19.4	0.25	42.9	0	0	7.74	0
Joe Scott	1B	60	0	L	31	0.1666666666666667	0.1935483870967742	0.1666666666666667	0.1671654725578602	3.2	16.7	0	0.2	0		0	3.87	-5.806
John McGuinness	1B	40	0	S	30	0.3333333333333333	0.3333333333333333	0.4	0.3217417437357261	0	30	0	0.476	20	0	0	4	2
Henry Easterday	SS	42	0	R	30	0.03703703703703703	0.103448275862069	0.1111111111111111	0.1041339983059778	3.3	48.1	0	0.071	100	100	0	2	-8
Chris Cannizzaro	C	65	5	R	30	0.1111111111111111	0.2	0.1481481481481481	0.1723433366994656	10	11.1	0	0.125	33.3	0	0	0	-6