# CAP key=diamondquick__20260313 role=hit label=Diamond Quick type=Quick env=current variants=all_cards obsval=55-99 minIP=null minPA=30 dates=2026-07-05..2026-07-19 recordsTotal=177 rows=177
Name	POS	VAL	VLvl	Hand	PA	AVG	OBP	SLG	wOBA	BBpct	SOpct	HR600	BABIP	XBHpct	3B/XBH	wSB600	UBR600	WAR600
Honus Wagner	SS	99	0	R	3770	0.2671843543284441	0.3123499599893305	0.4222030486051194	0.3157706937412416	5.6	13.9	11.8	0.29	33.8	24.52	0.32	3.09	4.106
Al Kaline	RF	99	0	R	2863	0.2632978723404255	0.3067463106113844	0.3996960486322189	0.3045572484671825	5.7	16.9	9.4	0.298	34.9	11.16	2.28	4.32	1.76
Garret Anderson	LF	99	0	L	2358	0.2632978723404255	0.2880780653372932	0.4095744680851064	0.2998355630079906	3	18	14.5	0.297	34.7	4.85	-0.33	-3.41	0.738
Tyler O&#39;Neill	LF	98	0	R	2110	0.2328556806550665	0.2816500711237553	0.3607983623336745	0.2799627533615261	5.8	28.2	16.5	0.292	28.8	2.29	0.63	3.92	0.427
Paul Blair	CF	98	0	R	1803	0.2630651790957134	0.2914349276974416	0.4268937169700529	0.3075883901170661	3.8	17.5	17.3	0.289	37.5	4.17	2.83	4.43	2.762
Rico Petrocelli	SS	99	0	R	1761	0.2269861286254729	0.2948863636363636	0.4003783102143758	0.301347779979699	8.5	19.4	22.1	0.24	39.7	1.4	-0.24	-1.91	3.339
Colt Emerson	SS	98	0	L	1704	0.2586094866796621	0.3197879858657244	0.3996101364522417	0.3128722334718421	7.7	23.9	11.6	0.317	34.7	9.42	0.04	2.89	3.697
Max Clark	CF	98	0	L	1484	0.243993993993994	0.3123306233062331	0.3490990990990991	0.2911381219706818	8.6	20.8	7.7	0.293	27.1	15.91	-0.12	0.93	1.092
Buster Posey	C	96	0	R	1330	0.2504145936981758	0.3132530120481928	0.3391376451077944	0.2881824897807306	8	17.7	6.8	0.291	25.5	0	0.05	-1.76	3.248
Frankie Frisch	2B	94	0	S	1330	0.28	0.3122648607975922	0.416	0.3127217918678349	4.1	9.6	8.1	0.295	31.1	22.94	2.3	2.17	3.88
JJ Wetherholt	2B	96	0	L	1238	0.2673179396092362	0.3238866396761134	0.3685612788632327	0.3035346443505484	6.8	18.6	5.8	0.316	27.2	9.76	0.68	3.05	2.036
Prince Fielder	1B	99	0	L	1233	0.248	0.3065693430656934	0.4168888888888889	0.3125893284475347	7	26.2	20.4	0.297	36.6	3.92	-0.24	0.83	1.314
Al Simmons	LF	99	0	R	1176	0.2991840435176791	0.3327659574468085	0.5349048050770625	0.3671729507174231	4.8	17.4	27	0.319	39.7	17.56	-0.61	0.31	3.52
Jimmy Ryan	CF	99	0	R	1032	0.2395397489539749	0.2897286821705427	0.3671548117154811	0.2860411584916074	6.1	23.2	12.2	0.289	31.9	9.59	1.86	0.35	0.64
Red Schoendienst	2B	94	0	S	940	0.2852233676975945	0.3216187433439829	0.4238258877434135	0.3200847284316232	5.2	13.4	12.1	0.307	30.1	10.67	-0.32	4.21	3.83
George Harper	RF	97	0	L	911	0.2573789846517119	0.3058305830583058	0.3896103896103896	0.3023869928564052	5.8	21.3	12.5	0.306	30.7	10.45	-0.33	-0.46	0.461
Chase DeLauter	RF	99	0	L	905	0.2333736396614269	0.2898230088495575	0.3724304715840387	0.2883134521495833	7	19.7	15.2	0.262	34.7	2.99	-0.46	-0.93	0.199
John Anderson	1B	97	0	S	875	0.28125	0.3051428571428572	0.4807692307692308	0.3320437812046542	3.1	13	13.7	0.3	39.7	35.48	0.48	1.92	2.606
Yoenis Cespedes	LF	98	0	R	786	0.2417437252311757	0.2636942675159236	0.3976221928665786	0.2824638595078363	2.5	25.2	13	0.3	34.4	33.33	0	4.12	0.458
Hank Aaron	1B	98	0	R	746	0.2274052478134111	0.2788203753351207	0.3979591836734694	0.2911620240620902	6.8	20.1	19.3	0.248	39.7	11.29	0	-2.57	-0.322
Carlos Correa	SS	99	0	R	742	0.2023460410557185	0.2618083670715249	0.281524926686217	0.2421339163265681	7.1	22.6	6.5	0.249	26.8	2.7	-0.4	0	-0.081
Nap Lajoie	2B	99	0	R	726	0.2492492492492492	0.2887029288702929	0.3768768768768769	0.2871701020863798	5	15.8	6.6	0.281	38.6	7.81	0.08	-1.32	2.149
Rocky Colavito	LF	96	0	R	712	0.2244897959183673	0.2939521800281294	0.3657770800627944	0.2883912905269544	8.8	21	16.9	0.251	33.6	4.17	0	-3.46	-0.59
Home Run Baker	3B	99	0	L	682	0.28125	0.3005952380952381	0.4421875	0.3155674705957723	2.6	15.9	12.3	0.311	38.3	8.7	-0.18	2.73	2.991
Bryce Eldridge	1B	97	0	L	659	0.2101694915254237	0.2804878048780488	0.3169491525423729	0.2641125494624481	8	28.6	10.9	0.27	29.8	5.41	0	-1.37	-0.91
Matt Wieters	C	82	0	S	640	0.1733800350262697	0.2539184952978056	0.2504378283712785	0.2304456517436259	8.4	29.1	9.4	0.223	24.2	0	0	-0.56	0.187
Eddie Mathews	3B	98	0	L	633	0.231304347826087	0.2911392405063291	0.3739130434782609	0.2894276332582735	7.4	23.7	14.2	0.274	32.3	20.93	0.38	0.28	0.948
Walt Wilmot	CF	94	0	S	602	0.2513464991023339	0.2966666666666667	0.3913824057450628	0.2960506525951325	5.5	16.2	12	0.278	29.3	31.71	2.59	3.09	1.296
Chris Hoiles	C	97	0	R	588	0.2172211350293542	0.2931937172774869	0.3679060665362035	0.2896589918270029	9	27.8	18.4	0.261	36.9	0	0	-5.41	2.041
Gary Sheffield	3B	99	0	R	583	0.2722222222222222	0.3087478559176672	0.4277777777777778	0.3163599456851686	5.3	19.1	22.6	0.294	27.2	0	0	2.26	3.19
Trea Turner	SS	98	0	R	579	0.2434456928838951	0.2953367875647668	0.3820224719101123	0.2950870150161535	6.4	21.2	17.6	0.277	29.2	5.26	-2.28	3.94	1.762
Ron Santo	3B	93	5	R	567	0.2587548638132296	0.3262786596119929	0.3715953307392996	0.3074568579355657	8.5	23	14.8	0.311	21.8	3.45	0	0.11	2.116
Sandy Alomar Jr.	C	91	0	R	566	0.2760511882998172	0.2902654867256637	0.43327239488117	0.3095209323300463	1.4	16.5	18	0.301	33.8	1.96	0	-0.53	2.544
Yoenis Cespedes	LF	98	5	R	533	0.2309197651663405	0.2537593984962406	0.4285714285714285	0.2876667309993481	3	26.4	15.8	0.284	45.8	35.19	0	2.25	0.675
Sal Stewart	3B	97	0	R	530	0.2243589743589744	0.3075471698113207	0.3717948717948718	0.2979092259261313	9.6	20.1	17	0.248	37.1	0	-0.23	-1.13	0.226
Fernando Tatis Jr.	SS	95	0	R	515	0.2161572052401747	0.2970873786407767	0.368995633187773	0.2919592662249393	9.5	32.5	19.8	0.278	36.4	0	-1.86	3.84	0.583
Honus Wagner	SS	99	5	R	476	0.3088888888888889	0.3445378151260504	0.5422222222222223	0.3756405863235741	4.6	11.6	22.7	0.318	42.4	16.95	-0.13	3.53	7.941
Ethan Holliday	SS	95	0	L	474	0.2511737089201878	0.3128964059196617	0.4530516431924883	0.3284591583966583	8.2	25.1	24.1	0.288	43	4.35	0	0.38	2.785
Ken Boyer	3B	96	0	R	473	0.2612826603325415	0.3283898305084746	0.3919239904988123	0.3127982421372332	8.2	26.1	3.8	0.341	33.6	32.43	-2.16	6.6	3.044
Gene Tenace	C	98	0	R	465	0.2266355140186916	0.2838709677419355	0.3831775700934579	0.289807636153427	7.3	29	21.9	0.277	32	6.45	-0.65	-2.45	1.935
John Beckwith	SS	98	0	R	465	0.2355658198614319	0.2774193548387097	0.3648960739030023	0.2780040461823214	5.2	22.6	9	0.285	37.3	10.53	0	1.16	0.903
Ted Simmons	C	99	0	S	439	0.2061068702290076	0.2801822323462415	0.3409669211195929	0.2722164409538945	9.3	19.3	17.8	0.221	30.9	8	0	-4.78	0
Jeff Bagwell	1B	99	0	R	431	0.1889168765743073	0.2505800464037123	0.3073047858942066	0.2478312459098356	7	29.7	18.1	0.232	28	0	0	-0.84	-1.671
Carlos Delgado	1B	98	0	L	426	0.2857142857142857	0.3450704225352113	0.4207792207792208	0.3318920994677337	8	23.4	12.7	0.348	29.1	6.25	0	-5.77	1.268
Felipe Alou	1B	92	5	R	407	0.3228346456692913	0.3562653562653563	0.5616797900262467	0.3890901620727085	4.2	12.6	28	0.327	39	10.42	-0.74	-1.77	5.307
Munetaka Murakami	1B	99	0	L	396	0.2186588921282799	0.3113924050632911	0.3702623906705539	0.3012315788246433	11.6	31.5	22.7	0.268	29.3	0	0	-2.12	1.515
Aaron Robinson	C	98	0	L	394	0.226158038147139	0.2715736040609137	0.3405994550408719	0.267047089256543	5.8	26.7	10.7	0.287	28.9	16.67	0	-3.05	-0.457
Jim Brown	C	96	0	S	383	0.2536023054755043	0.3076923076923077	0.3746397694524496	0.2979100968628461	6.8	20.5	9.4	0.301	30.7	11.11	-0.31	-1.1	3.133
Nap Lajoie	2B	99	5	R	377	0.2435530085959886	0.2864721485411141	0.3667621776504298	0.2830795361512601	5.8	12	9.5	0.258	35.3	3.33	-1.27	-3.18	1.273
Larry Doby	2B	98	5	L	360	0.2360248447204969	0.3083333333333333	0.360248447204969	0.2935512112451869	8.3	24.2	8.3	0.293	30.3	30.43	-1.67	-1.5	1.5
Alejandro Oms	CF	99	0	L	353	0.2249240121580547	0.264957264957265	0.3100303951367781	0.2514581724621497	4.8	21	3.4	0.276	24.3	33.33	-0.85	0.68	-2.38
Chuck Knoblauch	2B	95	0	R	353	0.1850649350649351	0.2784090909090909	0.2824675324675325	0.254343806658744	10.2	19.5	10.2	0.208	26.3	20	1.53	3.4	0.68
Tom Young	C	91	5	L	316	0.2457912457912458	0.2738853503184713	0.3703703703703703	0.27635855381444	3.2	18.2	11.4	0.278	31.5	8.7	-0.19	3.61	1.709
Roy Sievers	1B	94	5	R	314	0.2685512367491166	0.3248407643312102	0.431095406360424	0.324383644626744	8	22.3	17.2	0.31	35.5	3.7	0	-4.97	0.764
Alex Rodriguez	SS	98	0	R	303	0.2427536231884058	0.3003300330033004	0.4818840579710145	0.3336666889902937	7.9	19.9	33.7	0.242	47.8	0	-1.58	1.19	2.772
Rocky Colavito	LF	96	5	R	302	0.2105263157894737	0.2980132450331126	0.3984962406015037	0.3035350079124149	9.9	19.2	25.8	0.211	42.9	0	0	-3.97	-0.397
Chick Hafey	LF	89	0	R	298	0.2659574468085106	0.3053691275167785	0.4113475177304964	0.3103543717495427	5	19.9	14.1	0.311	33.3	8	-1.21	4.03	1.611
Larry Doby	2B	98	0	L	293	0.2173913043478261	0.2627986348122867	0.3514492753623188	0.2666591357659328	5.1	23.6	8.2	0.271	35	38.1	0	-5.12	-0.41
Norm Siebern	1B	99	0	L	287	0.2170542635658915	0.2961672473867596	0.3255813953488372	0.2781474591272118	9.1	27.1	14.6	0.271	23.2	7.69	0	0.42	-0.209
Tony Fernandez	SS	96	0	S	286	0.2150943396226415	0.2701754385964912	0.290566037735849	0.2492342772539002	6.3	14	2.1	0.247	24.6	28.57	1.47	1.68	1.259
Ryan Waldschmidt	CF	94	0	R	259	0.1964285714285714	0.28515625	0.2901785714285715	0.2594197493965263	10.8	35.3	9.3	0.278	27.3	8.33	0.93	0	-1.158
Sal Stewart	3B	97	5	R	247	0.2266666666666667	0.2793522267206478	0.3911111111111111	0.2898086486944327	6.1	23.6	21.9	0.251	37.3	0	0	-5.59	-0.243
Nelson Cruz	RF	93	0	R	246	0.206140350877193	0.2560975609756098	0.3157894736842105	0.2517469102622987	6.1	28.5	17.1	0.253	21.3	10	0	1.71	-1.463
Wilson Redus	LF	99	0	R	246	0.2060085836909871	0.2357723577235772	0.3390557939914163	0.246079655561822	3.3	19.7	7.3	0.241	35.4	47.06	-1.22	-3.66	-2.683
Gary Sheffield	3B	99	5	R	245	0.2489082969432314	0.2938775510204082	0.4235807860262009	0.3088560541809444	5.3	14.4	17.1	0.263	40.4	13.04	0	3.43	3.673
Felipe Alou	1B	92	0	R	242	0.3114035087719298	0.3264462809917356	0.4868421052631579	0.3438705170856066	2.9	17.5	17.4	0.342	35.2	4	-1.49	0.25	2.975
Hank Aaron	1B	98	5	R	237	0.2735849056603774	0.3248945147679325	0.4481132075471698	0.3304443370166005	8	22.2	25.3	0.298	27.6	6.25	0	1.52	3.038
Aramis Ramirez	3B	98	5	R	230	0.1981132075471698	0.2456140350877193	0.3254716981132075	0.2495820589285506	5.2	20.8	13	0.224	40.5	0	0.78	-0.52	0.522
Eddie Collins	2B	98	0	L	227	0.2285714285714286	0.2624434389140272	0.3238095238095238	0.25536817811778	3.5	12.4	5.3	0.251	25	33.33	-0.26	-2.38	-1.057
Tony Conigliaro	RF	95	0	R	222	0.2388059701492537	0.3018018018018018	0.3582089552238806	0.2897921372951373	8.1	23.9	13.5	0.287	27.1	7.69	0	1.08	0.27
Lennie Pearson	LF	93	5	R	213	0.2041884816753927	0.2723004694835681	0.3455497382198953	0.2702788381847412	8.9	29.8	14.1	0.258	41	6.25	1.41	-0.28	-0.282
Newt Joseph	3B	94	5	R	201	0.2596685082872928	0.3061224489795918	0.4033149171270718	0.3063472237681293	5.5	26	11.9	0.326	31.9	20	2.09	-1.79	3.881
Keith Hernandez	1B	94	0	L	201	0.2176470588235294	0.318407960199005	0.3352941176470588	0.2919462003085864	12.4	24.7	14.9	0.252	27	0	0.9	-2.99	0
Elston Howard	C	95	5	R	198	0.2634408602150538	0.303030303030303	0.3602150537634409	0.2905905390764524	4	24.2	12.1	0.326	20.4	0	0	-7.27	0.606
Bryce Eldridge	1B	97	5	L	195	0.2386363636363636	0.3092783505154639	0.4431818181818182	0.3244388260391426	8.2	21.6	27.7	0.256	42.9	0	0	-1.54	2.462
Al Kaline	RF	99	5	R	193	0.2912087912087912	0.3212435233160622	0.478021978021978	0.3403967336111414	4.1	16.5	15.5	0.322	41.5	9.09	0.93	4.04	4.041
JJ Wetherholt	2B	96	5	L	186	0.3103448275862069	0.3548387096774194	0.5172413793103449	0.3726107850667407	5.9	13.2	12.9	0.34	48.1	7.69	1.61	2.9	5.484
Tyler O&#39;Neill	LF	98	5	R	182	0.1954022988505747	0.2252747252747253	0.3160919540229885	0.2349659590026916	3.3	28.2	16.5	0.24	26.5	22.22	0	2.64	-2.637
Aaron Robinson	C	98	5	L	179	0.2682926829268293	0.3184357541899441	0.4207317073170732	0.3172646202083487	7.3	23.2	16.8	0.317	34.1	0	0.67	-3.69	2.346
Jeff Bagwell	1B	99	5	R	178	0.2763157894736842	0.3426966292134832	0.4144736842105263	0.3253756854126572	10.1	20.4	13.5	0.306	31	0	0	-4.72	1.685
Elston Howard	C	95	0	R	178	0.2130177514792899	0.2359550561797753	0.3017751479289941	0.2332936088354573	2.8	25.4	13.5	0.256	16.7	16.67	0	-5.39	-1.011
Piper Davis	2B	97	0	R	177	0.2121212121212121	0.2598870056497175	0.3151515151515151	0.2525273706622526	5.1	26.1	10.2	0.267	22.9	37.5	-1.69	4.41	-0.678
Willie Wells	SS	91	0	R	170	0.2628205128205128	0.3076923076923077	0.4294871794871795	0.3176124422497512	5.3	21.2	21.2	0.294	34.1	0	1.76	3.53	4.588
Freddie Freeman	1B	99	0	L	159	0.2	0.2893081761006289	0.3071428571428572	0.2633214310860786	8.8	23.6	11.3	0.238	28.6	12.5	-1.89	0.38	-1.887
Garrett Atkins	3B	94	0	R	158	0.2464788732394366	0.3164556962025317	0.4014084507042254	0.3134298691286567	8.9	14.1	19	0.254	34.3	0	0.76	-2.66	1.899
Joe Adcock	1B	95	5	R	158	0.2214765100671141	0.2594936708860759	0.3959731543624161	0.2827355852857196	4.4	26.8	26.6	0.252	36.4	0	0	-3.8	1.139
Colt Emerson	SS	98	5	L	158	0.25	0.3291139240506329	0.3142857142857143	0.2861839753727936	9.5	25	0	0.33	22.9	12.5	0	-3.8	0.759
Munetaka Murakami	1B	99	5	L	156	0.25	0.3225806451612903	0.4071428571428571	0.3192505570860102	9	37.9	19.2	0.366	31.4	9.09	0	-11.54	1.154
Wilson Redus	LF	99	5	R	155	0.2885906040268457	0.3096774193548387	0.4429530201342282	0.3220122847397385	3.2	16.1	15.5	0.32	27.9	25	0	-3.48	0.387
Jerry Lynch	LF	94	0	L	155	0.2836879432624114	0.3290322580645161	0.4184397163120567	0.32265035684544	5.8	22.7	15.5	0.333	27.5	0	0	1.55	1.548
Aramis Ramirez	3B	98	0	R	153	0.2567567567567567	0.2745098039215687	0.3918918918918919	0.28647243332994	2.6	23.6	15.7	0.309	31.6	0	0	0.78	1.961
Jason Kendall	C	91	5	R	150	0.2340425531914894	0.28	0.2765957446808511	0.248434167574099	6	16.3	0	0.28	18.2	0	0.4	2.8	1.2
Carson Williams	SS	87	5	R	144	0.2615384615384616	0.3146853146853147	0.4384615384615385	0.3243154560195646	6.9	33.1	25	0.337	32.4	0	-0.83	2.92	4.583
Danny Tartabull	RF	87	5	R	144	0.2076923076923077	0.2777777777777778	0.3923076923076923	0.2913278699361586	8.3	36.2	25	0.269	40.7	9.09	0	-1.67	0
Chase DeLauter	RF	99	5	L	140	0.288	0.3357142857142857	0.448	0.3347128823305582	7.1	20	17.1	0.32	33.3	0	0	-6.43	1.286
Sam Jethroe	CF	94	0	S	131	0.2166666666666667	0.2824427480916031	0.35	0.2792843151432972	7.6	29.2	18.3	0.272	30.8	0	-3.66	1.37	-0.458
Ethan Holliday	SS	95	5	L	119	0.3018867924528302	0.3697478991596639	0.4433962264150944	0.3507892072273086	9.2	21.7	15.1	0.358	28.1	0	-2.52	1.01	4.538
Yu Chang	SS	89	0	R	117	0.2450980392156863	0.3217391304347826	0.4215686274509804	0.3235963077562166	9.4	28.4	25.6	0.29	32	0	0	1.03	3.59
Mike Trout	CF	98	0	R	116	0.1538461538461539	0.2260869565217391	0.2692307692307692	0.2223651520411364	7.8	31.7	15.5	0.188	37.5	0	0	-3.62	-4.655
Charlie Hollocher	SS	96	0	L	116	0.2818181818181818	0.3043478260869565	0.3818181818181818	0.2960514697729166	2.6	14.5	5.2	0.319	22.6	28.57	0	6.21	0.517
Nellie Fox	2B	96	5	L	112	0.2178217821782178	0.2429906542056075	0.2475247524752475	0.2159445161265754	3.6	4	0	0.222	13.6	0	0	0	-1.071
Tom Young	C	91	0	L	112	0.297029702970297	0.3394495412844037	0.4158415841584158	0.3279862181774687	3.6	20.8	10.7	0.354	23.3	14.29	2.14	-8.57	2.679
Masataka Yoshida	LF	94	0	L	111	0.2038834951456311	0.2612612612612613	0.2621359223300971	0.2355860155342274	5.4	22.3	0	0.262	28.6	0	0	-1.62	-2.703
Kevin Youkilis	1B	94	0	R	105	0.2365591397849462	0.3047619047619048	0.4301075268817204	0.3155982032668243	9.5	25.8	22.9	0.269	45.5	0	1.14	-1.14	3.429
Buster Posey	C	96	5	R	102	0.2872340425531915	0.3137254901960784	0.4361702127659575	0.3189791165113174	4.9	13.8	17.6	0.296	29.6	0	0	-1.76	4.706
Bryce Harper	1B	99	0	L	101	0.2087912087912088	0.2871287128712871	0.3516483516483517	0.2826352296814523	9.9	24.2	17.8	0.242	36.8	0	-2.97	5.94	-0.594
Jim Brown	C	96	5	S	97	0.264367816091954	0.3298969072164948	0.3333333333333333	0.2899648328906665	9.3	24.1	0	0.343	26.1	0	1.86	3.09	3.711
Oscar Gamble	DH	95	0	L	95	0.2441860465116279	0.3052631578947368	0.2558139534883721	0.2545518673806612	8.4	26.7	0	0.328	4.8	0	0	-6.32	-3.158
Randy Arozarena	LF	91	0	R	94	0.2560975609756098	0.351063829787234	0.4024390243902439	0.332015611124661	12.8	26.8	12.8	0.328	38.1	0	0	3.83	2.553
Roy Sievers	1B	94	0	R	93	0.2278481012658228	0.3440860215053764	0.379746835443038	0.3190269442041999	12.9	17.7	19.4	0.242	27.8	20	0	0.65	1.935
Mickey Tettleton	C	92	5	S	92	0.2962962962962963	0.3695652173913043	0.5802469135802469	0.3978194210254848	8.7	32.1	32.6	0.373	50	8.33	0	0	7.174
Jayson Werth	RF	96	0	R	89	0.2948717948717949	0.3636363636363636	0.358974358974359	0.3204146451599676	10.1	34.6	6.7	0.431	13	0	4.72	1.35	1.348
Carson Williams	SS	87	0	R	88	0.08974358974358974	0.1839080459770115	0.1538461538461539	0.1631006753964439	9.1	48.7	6.8	0.154	28.6	50	0	3.41	-3.409
Byron Buxton	CF	94	0	R	87	0.2380952380952381	0.2441860465116279	0.3571428571428572	0.2571151532796984	1.1	31	13.8	0.316	30	0	-3.45	4.83	-2.069
Johnny Evers	2B	93	0	L	87	0.2405063291139241	0.2988505747126437	0.2405063291139241	0.245669975962264	8	22.8	0	0.306	0		0	-5.52	0.69
Joe Adcock	1B	95	0	R	87	0.1975308641975309	0.2183908045977012	0.2469135802469136	0.1962816930698352	3.4	33.3	0	0.281	25	0	0	6.9	-3.448
Eli Willits	SS	94	0	S	86	0.2266666666666667	0.3255813953488372	0.28	0.2778063070640137	11.6	26.7	0	0.309	23.5	0	-4.88	-3.49	0
Yandy Diaz	1B	99	0	R	81	0.273972602739726	0.345679012345679	0.3561643835616438	0.3120245041146817	9.9	26	7.4	0.358	20	0	0	-5.19	0.741
Elly De La Cruz	SS	92	0	S	80	0.2465753424657534	0.275	0.5205479452054794	0.330683363191615	5	26	45	0.235	44.4	0	0	3	3
Bobby Byrne	3B	69	0	R	80	0.2465753424657534	0.3037974683544304	0.3287671232876712	0.2792474732650802	6.2	17.8	0	0.3	22.2	50	1.5	-11.25	-1.5
Riley Greene	LF	99	0	L	79	0.1971830985915493	0.2784810126582278	0.3802816901408451	0.2899964835390302	6.3	23.9	22.8	0.216	50	0	0	0.76	0.759
Joe Morgan	2B	97	5	L	78	0.217948717948718	0.217948717948718	0.2948717948717949	0.2195166954653185	0	23.1	0	0.283	29.4	20	0	0	-2.308
Brent Rooker	RF	86	0	R	77	0.3333333333333333	0.3766233766233766	0.4583333333333333	0.3624173216229652	6.5	20.8	15.6	0.4	16.7	25	0	0.78	3.117
Charlie Hollocher	SS	96	5	L	77	0.3181818181818182	0.3698630136986301	0.3333333333333333	0.3126836110857311	7.8	13.6	0	0.362	4.8	0	-2.34	0	2.338
Troy Tulowitzki	SS	94	5	R	75	0.208955223880597	0.2933333333333333	0.417910447761194	0.3105268396906817	9.3	25.4	32	0.217	42.9	0	0	0.8	6.4
Yu Chang	SS	89	5	R	73	0.2295081967213115	0.3561643835616438	0.3278688524590164	0.3118989679337865	15.1	26.2	8.2	0.295	28.6	0	2.47	1.64	3.288
Trea Turner	SS	98	5	R	73	0.2794117647058824	0.3287671232876712	0.4411764705882353	0.3332110878798119	5.5	25	16.4	0.347	31.6	16.67	1.64	7.4	4.11
Andres Torres	CF	92	5	S	73	0.2647058823529412	0.3055555555555556	0.3823529411764706	0.2937493521538588	5.5	35.3	8.2	0.395	27.8	20	0	8.22	3.288
Robby Thompson	2B	97	0	R	71	0.2575757575757576	0.2857142857142857	0.3787878787878788	0.287334736012866	2.8	27.3	16.9	0.319	23.5	0	0	-12.68	0.845
Ted Kluszewski	1B	98	0	L	70	0.2686567164179104	0.2857142857142857	0.2835820895522388	0.2498254891521699	2.9	23.9	0	0.346	5.6	0	0	-5.14	-1.714
Jackie Robinson	SS	93	0	R	70	0.1363636363636364	0.1857142857142857	0.2272727272727273	0.1856872385591237	5.7	25.8	17.1	0.149	22.2	0	-1.71	11.14	-3.429
Marvin Williams	2B	96	0	R	70	0.3015873015873016	0.3571428571428572	0.4761904761904762	0.3552917123562283	8.6	20.6	8.6	0.36	36.8	28.57	0	2.57	5.143
Jerry Denny	3B	92	0	R	68	0.3015873015873016	0.3283582089552239	0.492063492063492	0.3484882890042346	2.9	14.3	17.6	0.321	36.8	14.29	0	-0.88	2.647
Andres Torres	CF	92	0	S	67	0.2380952380952381	0.2835820895522388	0.3015873015873016	0.2591302308603643	6	19	0	0.294	26.7	0	1.79	4.48	-1.791
Xander Bogaerts	SS	95	0	R	65	0.2380952380952381	0.2615384615384616	0.3968253968253968	0.2827224994258579	3.1	17.5	18.5	0.26	33.3	20	0	0.92	1.846
Jonathan Aranda	1B	97	0	L	61	0.2407407407407407	0.3114754098360656	0.3518518518518519	0.2916769433364546	9.8	29.6	9.8	0.316	30.8	0	0	2.95	0
Ryan Waldschmidt	CF	94	5	R	61	0.2545454545454545	0.3278688524590164	0.3818181818181818	0.3138084538360295	8.2	38.2	19.7	0.375	21.4	0	1.97	0.98	1.967
David Ross	C	88	0	R	60	0.2105263157894737	0.2241379310344828	0.2982456140350877	0.2255637540508972	1.7	24.6	0	0.279	41.7	0	0	-5	1
Brice Turang	2B	97	0	L	59	0.2307692307692308	0.3220338983050847	0.3653846153846154	0.3062801648036999	10.2	25	20.3	0.27	25	0	2.03	1.02	2.034
Fred Clarke	LF	95	0	L	59	0.169811320754717	0.2542372881355932	0.169811320754717	0.2024540123746797	10.2	22.6	0	0.22	0		-5.08	0	-5.085
Mike Napoli	C	97	0	R	59	0.2592592592592592	0.3220338983050847	0.4814814814814815	0.3457440565554977	8.5	35.2	30.5	0.344	42.9	0	0	1.02	3.051
Curtis Granderson	CF	75	0	L	58	0.196078431372549	0.2807017543859649	0.2156862745098039	0.2327037196782604	6.9	33.3	0	0.294	10	0	0	1.03	-2.069
Ron Santo	3B	93	0	R	58	0.169811320754717	0.2413793103448276	0.169811320754717	0.194250428175067	8.6	32.1	0	0.25	0		0	0	-4.138
William Contreras	C	96	0	R	57	0.2592592592592592	0.2807017543859649	0.2777777777777778	0.2453980443436567	3.5	22.2	0	0.326	7.1	0	2.11	1.05	0
Jose Ramirez	3B	97	0	S	57	0.2452830188679245	0.2982456140350877	0.2830188679245283	0.260526633880507	7	20.8	0	0.31	15.4	0	0	6.32	0
Alejandro Kirk	C	88	0	R	57	0.2307692307692308	0.2678571428571428	0.3653846153846154	0.2742407524930252	3.5	25	21.1	0.263	25	0	0	2.11	2.105
Travis Jackson	SS	99	0	R	57	0.26	0.3392857142857143	0.38	0.3188343965019028	10.5	22	21.1	0.297	15.4	0	0	-8.42	3.158
Joey Votto	1B	61	0	L	52	0.22	0.25	0.26	0.2258355092837063	3.8	24	0	0.289	18.2	0	0	-6.92	-4.615
Orlando Cabrera	SS	89	5	R	52	0.163265306122449	0.1923076923076923	0.1836734693877551	0.1680297107306393	3.8	10.2	0	0.178	12.5	0	0	1.15	-3.462
Alfredo Duno	C	95	0	R	52	0.2391304347826087	0.3269230769230769	0.4565217391304348	0.3335719229814312	11.5	32.6	34.6	0.286	36.4	0	0	-9.23	2.308
Johnny Evers	2B	93	5	L	51	0.3	0.3137254901960784	0.34	0.2855937313698817	2	12	0	0.341	13.3	0	3.53	2.35	3.529
Jazz Chisholm Jr.	2B	80	0	L	50	0.2340425531914894	0.28	0.2340425531914894	0.2332009779756234	6	21.3	0	0.297	0		2.4	-2.4	-2.4
Amos Otis	CF	95	0	R	48	0.186046511627907	0.2291666666666667	0.2558139534883721	0.2112371533306887	6.2	25.6	0	0.235	25	50	2.5	-1.25	-5
Frank Snyder	C	84	0	R	47	0.2619047619047619	0.2978723404255319	0.2619047619047619	0.2387345000614989	6.4	33.3	0	0.367	0		0	-21.7	-2.553
Luke Easter	1B	95	0	L	47	0.1818181818181818	0.2340425531914894	0.2272727272727273	0.2076288004236419	6.4	40.9	0	0.308	12.5	100	0	2.55	-3.83
Royce Lewis	3B	91	0	R	46	0.2272727272727273	0.2608695652173913	0.3181818181818182	0.2541851020650754	4.3	27.3	13	0.29	20	0	0	3.91	-1.304
Jackie Robinson	LF	87	0	R	46	0.3488372093023256	0.391304347826087	0.5116279069767442	0.3887399628223474	4.3	16.3	13	0.4	26.7	25	0	-7.83	2.609
Newt Joseph	3B	94	0	R	45	0.3720930232558139	0.4	0.627906976744186	0.4332048338296293	4.4	20.9	13.3	0.455	37.5	50	4	4	10.667
Walt Wilmot	CF	94	5	S	44	0.2619047619047619	0.2954545454545455	0.4761904761904762	0.3271709403426455	4.5	9.5	13.6	0.27	45.5	40	2.73	6.82	1.364
Frankie Pytlak	C	81	0	R	40	0.1176470588235294	0.225	0.1176470588235294	0.1722851298206141	12.5	14.7	0	0.133	0		0	7.5	-1.5
Jeff Kent	2B	91	0	R	40	0.1351351351351351	0.1538461538461539	0.2432432432432433	0.1702341835310751	2.5	27	15	0.148	40	0	0	3	-4.5
Matty McIntyre	LF	90	0	L	38	0.2121212121212121	0.2972972972972973	0.3636363636363636	0.2903341562561995	10.5	18.2	0	0.259	71.4	0	0	-6.32	1.579
Kyle Schwarber	LF	97	0	L	37	0.2727272727272727	0.3513513513513514	0.5454545454545454	0.3847233619262336	8.1	33.3	48.6	0.316	33.3	0	0	1.62	4.865
Beals Becker	LF	93	5	L	36	0.2424242424242424	0.3055555555555556	0.3636363636363636	0.2950202426226101	8.3	27.3	16.7	0.304	25	0	0	0	-1.667
Carlton Fisk	C	91	0	R	36	0.3333333333333333	0.3333333333333333	0.3611111111111111	0.3022532466431184	0	16.7	0	0.4	8.3	0	0	-6.67	3.333
Josh Donaldson	3B	95	0	R	35	0.2333333333333333	0.3142857142857143	0.5	0.343134809215163	11.4	26.7	34.3	0.238	57.1	0	0	0	5.143
Brian Dozier	2B	88	5	R	34	0.3548387096774194	0.4117647058823529	0.7419354838709677	0.482861875296245	8.8	16.1	52.9	0.348	54.5	0	0	3.53	10.588
Jackson Chourio	LF	94	0	R	33	0.1515151515151515	0.1515151515151515	0.2121212121212121	0.1556599733713061	0	39.4	0	0.25	40	0	-9.09	0	-5.455
Alex Rodriguez	SS	98	5	R	33	0.125	0.1515151515151515	0.21875	0.1631296814995204	3	25	18.2	0.13	25	0	0	0	-7.273
Ray Chapman	SS	92	0	R	32	0.2333333333333333	0.2580645161290323	0.3	0.2440351249592597	3.1	26.7	0	0.318	28.6	0	3.75	9.38	-1.875
Earl Averill	CF	93	0	L	32	0.2580645161290323	0.28125	0.4193548387096774	0.3014073338272316	3.1	6.5	18.8	0.25	37.5	0	0	0	0
Moises Ballesteros	DH	84	5	L	32	0.1851851851851852	0.28125	0.4444444444444444	0.308713772688659	12.5	14.8	37.5	0.136	60	0	0	0	0
Johnny Pesky	SS	97	0	L	32	0.3	0.34375	0.4666666666666667	0.3489882393053175	3.1	20	0	0.375	55.6	0	-9.38	-1.88	5.625
Ezra Sutton	3B	91	5	R	31	0.28	0.3793103448275862	0.44	0.3570754096270619	9.7	8	0	0.304	42.9	33.33	3.87	-1.94	7.742
John Beckwith	SS	98	5	R	31	0.2666666666666667	0.2903225806451613	0.4333333333333333	0.3111301510474648	3.2	20	19.4	0.304	37.5	0	0	11.61	5.806
Amos Otis	CF	95	5	R	30	0.2333333333333333	0.2333333333333333	0.3333333333333333	0.240985791458351	0	20	0	0.292	28.6	50	0	4	-2
Willie Randolph	2B	81	0	R	30	0.16	0.3	0.32	0.2790098005447745	13.3	20	0	0.2	50	100	0	-14	-6