# CAP key=earlygold__20260314 role=hit label=Early Gold type=Daily env=current variants=all_cards obsval=47-89 minIP=null minPA=30 dates=2026-07-05..2026-07-19 recordsTotal=516 rows=516
Name	POS	VAL	VLvl	Hand	PA	AVG	OBP	SLG	wOBA	BBpct	SOpct	HR600	BABIP	XBHpct	3B/XBH	wSB600	UBR600	WAR600
Tony Phillips	LF	88	0	S	27757	0.27988043785596	0.3440883656710995	0.3353394999394111	0.3210696140879932	8.7	9	1.9	0.302	16.7	3.02	-0.96	1.72	2.482
Yu Chang	SS	89	0	R	21108	0.2805306080313822	0.3189306358381503	0.3856715185299887	0.3227050069038184	5.2	9.1	5.3	0.298	24.9	23.21	-0.21	2.3	2.999
David Ross	C	88	0	R	20633	0.255961580922941	0.3137756381324909	0.3319717376904394	0.3009481535647618	7.4	9.4	2	0.276	24.2	10.51	-0.05	-4.68	2.012
Steve Finley	CF	89	0	L	19452	0.2772755348419338	0.3127476359025834	0.4150148801167949	0.3302841136191786	4.6	5.9	2.7	0.288	30.8	49.93	-1.15	4.24	3.556
Carson Williams	SS	87	0	R	13001	0.2476756198347107	0.3039685658153242	0.3759469696969697	0.3111666109998567	7.1	12.7	5.8	0.271	29.2	47.62	-0.77	0.96	4.001
Ossie Bluege	3B	89	0	R	11935	0.2662756034234061	0.3268292682926829	0.3540725069718242	0.3149285596153149	7.8	6	1.3	0.278	23.8	30.85	-0.29	2.9	3.238
Lonny Frey	2B	88	0	L	11515	0.2588807303036317	0.3088556851311953	0.3430244096050803	0.3021235426475424	6.3	7.1	2.4	0.272	20.8	39.23	-0.11	2.71	2.564
Tino Martinez	1B	87	0	L	11167	0.2562536931258617	0.3114019361778415	0.345578097301556	0.302860657836563	7.2	6.2	7.3	0.259	21.6	13.14	-0.44	-0.82	0.956
Ray Dandridge	3B	88	0	R	10214	0.292726887192536	0.3196167423096319	0.4113655640373198	0.3319523390128109	3.5	6.6	2	0.308	28	35.79	-0.28	0.71	3.66
Dick Groat	SS	89	0	R	9839	0.2852333931777379	0.3253388946819604	0.4159560143626571	0.3373867033806405	5.3	4.4	1.4	0.293	31.1	41.47	-0.68	2.48	4.202
Travis Bazzana	2B	87	0	L	9079	0.2833706189410887	0.3455841407729146	0.4151130996768581	0.346962941664848	8.6	6.9	3.6	0.295	30.3	37.68	0.03	2.87	3.41
Lorenzo Cain	CF	84	0	R	8237	0.2804612427930814	0.3069620253164557	0.3932094811018578	0.3183700737777511	3.6	7.7	3.9	0.295	27.2	29.87	0.56	4.22	3.3
Ichiro Suzuki	CF	88	0	L	7955	0.3013420089467263	0.3313167717853006	0.3906737156025485	0.3322719132329965	3.9	5.2	2.3	0.313	18.6	44.55	-0.25	4.59	4.005
Matt Wieters	C	82	0	S	7488	0.2620961847683087	0.3092838909042053	0.3381084636749013	0.2988394730358627	6.3	8.1	5	0.274	19.4	13.79	0	-3.81	2.476
Old Hoss Radbourn	P	89	0	R	7269	0.2017343678685532	0.2428896473265074	0.2297276738171307	0.2257272859976052	4.9	8.7	1.3	0.216	10	15.15	-0.78	-0.12	-2.039
Eduardo Quintero	CF	88	0	R	7267	0.2661550268610898	0.3243469758346137	0.4072141212586339	0.3345542441840868	7.7	9.2	3.7	0.285	32.5	47.25	-0.97	5.31	3.947
Chick Hafey	LF	89	0	R	6410	0.290284757118928	0.325920125293657	0.440033500837521	0.3444883329456411	4.9	7.9	8.9	0.299	32.7	24.38	-0.47	4.13	3.501
Sid Gordon	3B	89	0	R	6394	0.2322716874890023	0.3059081648644413	0.3098715467182826	0.2905246586360366	9.5	7.5	7.2	0.237	19.9	9.13	-0.14	-1.15	0.066
Willie McGee	CF	79	0	S	6262	0.3026249791004849	0.3206486833654464	0.5057682661762247	0.3667461597001034	2.5	7.5	3.2	0.319	39.1	62.29	-0.55	4.26	5.509
Ken Henderson	LF	85	0	S	6173	0.2798708288482239	0.3312592107417717	0.3681377825618945	0.3235002593981428	7.1	8	2.4	0.297	23.8	19.14	-0.73	3.89	2.42
Brandon Marsh	LF	89	0	L	5270	0.2890495867768595	0.3240452065471551	0.3770661157024793	0.3230289372729619	4.4	10.7	3.4	0.317	21	24.49	-0.26	-0.58	1.753
Carl Crawford	LF	81	0	L	5076	0.290905315614618	0.3153830924569392	0.4593023255813953	0.3470842882557442	3.3	6.3	4.1	0.302	34.5	53.42	-0.43	3.77	3.794
Mike Easler	1B	87	0	L	5051	0.2805989583333333	0.329962324013484	0.3962673611111111	0.3296292890098033	6.7	10.2	8.3	0.296	24.8	22.43	0	-2.76	1.33
Cecil Cooper	1B	89	0	L	4960	0.3004436932178323	0.3200404858299595	0.4096767377984365	0.329423039547055	2.8	5.5	6.4	0.306	23.7	21.96	0	1.65	2.77
Bryan Reynolds	LF	89	0	S	4806	0.2724121996303142	0.3221061607333191	0.3699168207024029	0.320571128794874	6.4	9.1	3.7	0.292	25.7	19.47	-0.41	-0.06	1.111
Ken Griffey Jr.	CF	84	0	L	4704	0.2865853658536585	0.3366887984579139	0.3590525328330206	0.3227530910605828	7	8.1	4.5	0.301	18.9	3.46	-0.09	0.27	3.597
Eddie Joost	SS	89	0	R	4406	0.2410830512887269	0.3151162790697675	0.3256964332205155	0.3005295366722643	9.3	11	4.8	0.261	23.7	16.44	-0.48	0.3	1.77
Earl Webb	RF	72	0	L	4056	0.2934841141626279	0.341403162055336	0.3982229402261712	0.3405282214575643	6.9	8.3	2.8	0.312	28.6	12.5	-0.52	3.25	2.929
Yu Chang	SS	89	5	R	3782	0.2940668202764977	0.3360874200426439	0.3983294930875576	0.3367781597780045	5.7	7.6	5.4	0.307	23.4	23.01	-0.19	1.49	3.633
Rogers Hornsby	2B	83	0	R	3688	0.2593835825450107	0.323924362839134	0.3454379005187672	0.3129265283575846	8.6	7.5	4.1	0.271	25.3	7.91	-0.11	-0.41	1.546
Tony Lazzeri	2B	89	0	R	3563	0.2554536832121403	0.3076026798718322	0.3582042364843503	0.308365809622056	6.4	12.9	5.4	0.283	23.9	35.23	-0.17	0.54	2.711
Jack Burdock	2B	87	0	R	3410	0.294556765163297	0.3208713570797763	0.4665629860031104	0.3528776939502301	3.7	7.9	6	0.308	35.8	43.07	0.58	2.52	5.578
Albie Pearson	RF	85	0	L	3312	0.2542727589815138	0.3273123637496107	0.3334495988838507	0.3108645327552804	9.3	5.3	2.4	0.263	20.3	35.81	-0.22	4.55	1.812
Joe Judge	1B	74	0	L	3302	0.2737411287597161	0.3297578915108796	0.4754984792159513	0.3591025722478361	7.6	7.3	3.1	0.287	43.7	59.04	-0.2	0.36	3.489
Jackie Robinson	LF	87	0	R	3160	0.2728230337078651	0.3189347190646314	0.3588483146067415	0.3140240220504738	6.1	5.7	4.7	0.28	19.4	29.14	-0.72	1.63	1.12
Oscar Charleston	CF	89	0	L	3028	0.2417787742899851	0.2989445011916922	0.312780269058296	0.2835348426730361	7.2	7.5	4.6	0.252	20.1	10.77	-0.16	0.91	0.436
Carter Jensen	C	89	0	L	2971	0.2472296522735957	0.3182897862232779	0.3523118074130684	0.3076723620247698	9.1	10.5	4	0.266	26.3	38.24	-0.48	-1.92	1.535
Ray Dandridge	3B	88	5	R	2926	0.2983100661278472	0.3284722222222222	0.4254224834680382	0.3423149668335145	3.9	5.6	1.8	0.311	30.4	32.79	-0.35	-0.62	3.876
Brandon Crawford	SS	88	0	L	2828	0.3038652889399158	0.3431303116147309	0.4137007271335629	0.3466854810523021	5.8	8.3	5.5	0.319	23.6	25.67	-0.42	0.38	4.222
Dave Brown	P	89	0	L	2775	0.1644710578842315	0.1978063540090771	0.1936127744510978	0.1869110304239759	3.7	14.8	1.7	0.188	13.8	0	0	-3.05	-4.259
Steve Finley	CF	89	5	L	2767	0.2849206349206349	0.322556943423953	0.4507936507936508	0.346646107299577	5.3	5.8	3	0.293	35.7	52.34	-1.67	4.29	4.467
Bobby Bonds	RF	87	0	R	2707	0.2351263243683782	0.2975175991107818	0.3410757946210269	0.2978060669218742	8	13.2	9.5	0.254	23.7	27.01	-0.24	4.77	2.061
Bob Fothergill	LF	86	0	R	2531	0.290391156462585	0.3207243460764588	0.3983843537414966	0.3293070208550749	4.1	6.8	4.3	0.303	25.6	24.57	-0.83	-1.64	1.944
Curtis Granderson	CF	75	0	L	2510	0.277349069450749	0.3252609603340292	0.4489332728098048	0.3474419543827358	6.5	10	5.7	0.296	35.2	53.49	-0.17	3.85	3.825
Carson Benge	RF	82	0	L	2508	0.2634062634062634	0.3037364403374849	0.4024024024024024	0.3189667757288586	5.1	8	3.3	0.279	31.9	51.02	-0.29	3.68	2.512
Carson Williams	SS	87	5	R	2477	0.2578505086245024	0.3099391480730223	0.394515701017249	0.3198705107295773	6.9	11.3	5.6	0.279	31	45.3	-0.12	0.68	4.99
Roy White	LF	89	0	S	2425	0.2573394495412844	0.3203963666391412	0.3605504587155963	0.3137516453947439	8.5	6.3	4.7	0.264	25	33.57	-0.25	5.89	2.301
Orlando Cabrera	SS	89	0	R	2303	0.2477240057498802	0.2873769024171889	0.3200766650694777	0.2813982392973264	4.7	5.6	3.6	0.254	21.7	9.82	-0.08	0.83	1.146
Warren Spahn	P	84	0	L	2250	0.2184349495919347	0.2411737734983952	0.2808449351896303	0.2422027342693112	2.3	16.3	5.6	0.248	17.8	8.64	0	-1.97	-0.907
Dock Ellis	P	85	0	S	2227	0.1955143832276938	0.2126463700234192	0.219405168210629	0.2024018551611337	1.8	18.3	1.6	0.232	8.2	12.12	-0.16	-1.91	-2.964
Dylan Beavers	RF	87	0	L	2209	0.2496233048719237	0.3053645116918844	0.3611250627825213	0.3076134481568961	7.3	7.8	5.4	0.26	27	35.82	-0.79	3.29	0.896
Bid McPhee	2B	84	0	R	2199	0.2670340681362726	0.3222272934732999	0.4273547094188377	0.3388792482123536	7.5	9	1.1	0.288	37	58.38	-0.16	1.34	4.584
Willie Stargell	1B	89	0	L	2133	0.2657520325203252	0.311590802440169	0.3628048780487805	0.3095522514663786	6.3	11.6	5.9	0.289	25.6	11.19	0	-3.23	0.703
Ossie Bluege	3B	89	5	R	1991	0.2547332185886403	0.3076519916142558	0.3327596098680436	0.2978489844579404	6.8	4.3	0.6	0.262	23.9	24.53	0.06	3.8	3.405
Hilton Smith	P	88	0	R	1910	0.2725733634311512	0.2902173913043478	0.322234762979684	0.2838040923743851	2.5	8.7	1.3	0.294	16.1	2.56	0	1.45	0.754
Oneil Cruz	CF	88	0	L	1899	0.25	0.3035040431266846	0.3370588235294117	0.2981425052660837	6.8	12.9	5.4	0.276	22.4	20	0.22	0.98	1.295
Rich Gedman	C	86	0	L	1873	0.296875	0.339946380697051	0.4375	0.3518878232988778	6	8.9	7.7	0.312	31	22.64	-0.06	-2.43	4.421
Steve O&#39;Neill	C	87	0	R	1840	0.2589665653495441	0.3142857142857143	0.3434650455927052	0.3030283500537282	7.3	5.5	1.3	0.267	26.1	18.02	-0.03	1.14	2.576
Clint Thomas	CF	88	0	R	1833	0.2456033959975743	0.2895033860045147	0.3850818677986659	0.3064744238950746	5.6	7	3.6	0.256	34.6	48.57	-0.43	0.95	1.899
Luis Castillo	2B	73	0	S	1822	0.2677696078431372	0.3183352080989876	0.3541666666666667	0.3104588678366365	6.6	5.8	0.3	0.281	21.5	47.87	-0.07	2.93	3.425
Mickey Vernon	1B	83	0	L	1807	0.2879238548483046	0.3186383928571428	0.438429506246282	0.3388381182598751	4.6	5.8	4	0.296	34.1	38.79	-0.17	-1.93	2.191
Richie Ashburn	CF	87	0	L	1788	0.2710805746408494	0.3318284424379233	0.3210493441599001	0.3087355025857937	8	6	2	0.282	10.6	47.83	-0.37	3.26	1.51
Jake Daubert	1B	86	0	L	1780	0.2932098765432099	0.3361726291879614	0.4135802469135803	0.3414814176548441	6	6.4	4	0.303	23.6	52.68	-0.2	0.84	2.292
Steve O&#39;Neill	C	87	5	R	1764	0.2899185973700689	0.3379389752446747	0.3788353162179086	0.3308936691382576	6.5	5.1	1	0.301	25.7	14.29	-0.51	-0.85	3.844
Mark Fidrych	P	84	0	R	1633	0.1249190938511327	0.1372549019607843	0.143042071197411	0.1320622176867082	1	23.6	1.8	0.158	8.8	5.88	0	-3.12	-6.65
Old Hoss Radbourn	P	89	5	R	1607	0.2348066298342542	0.2817080943275972	0.2727900552486188	0.2633006416997898	5.8	8	2.2	0.248	10.9	16.22	-0.22	-0.26	-0.411
Howard Johnson	3B	84	0	S	1607	0.2654867256637168	0.3210952084629745	0.3893805309734513	0.3258617144442215	7.5	10.3	6.7	0.284	30.5	22.69	1.23	2.28	2.726
Juan Uribe	SS	66	0	R	1594	0.2406311637080868	0.2552648372686662	0.3892176199868508	0.2868429020805762	1.7	9.8	3	0.26	36.9	55.56	0.23	0.19	3.312
Danny Tartabull	RF	87	0	R	1572	0.2657689581856839	0.3290897517504774	0.406094968107725	0.330772256771552	8.5	15.2	8	0.297	35.2	18.18	-0.23	0.34	1.908
Mike Easler	1B	87	5	L	1542	0.2754957507082153	0.3244646333549643	0.3902266288951841	0.3227145014090251	7	12.9	6.6	0.302	26.2	25.49	0	-2.06	0.934
Carl Crawford	LF	81	5	L	1542	0.2850174216027875	0.3237971391417425	0.4620209059233449	0.3520386021349465	4.5	5.9	4.7	0.294	36.4	54.36	-0.62	3.81	4.28
George Lombard Jr.	SS	86	0	R	1523	0.2511380880121396	0.3225152129817444	0.3550834597875569	0.3165638479178339	8.8	11.8	5.5	0.273	26.9	22.47	-0.28	-0.04	2.167
Albie Pearson	RF	85	5	L	1520	0.2803149606299213	0.3663028649386085	0.3811023622047244	0.3501606911967385	11.6	5.8	2	0.291	25.3	31.11	0.08	3.12	3.276
Tommy Troy	2B	83	0	R	1488	0.270849273144606	0.3270963270963271	0.37796480489671	0.3226195630239606	7.6	10.6	1.6	0.296	27.4	36.08	-1.25	1.29	1.855
Frankie Pytlak	C	81	0	R	1473	0.2611996962794229	0.3105849582172702	0.3462414578587699	0.3009839636746848	6.7	4.9	1.6	0.269	21.8	38.67	-1.18	1.34	2.363
Tony Lazzeri	2B	89	5	R	1473	0.2424471299093656	0.2985487214927436	0.3451661631419939	0.2971843832545317	7	13.6	4.1	0.271	26.2	38.1	-0.77	0.9	2.159
Satchel Paige	P	87	0	R	1435	0.2049736247174077	0.21875	0.2562170308967596	0.2186495279394218	1.8	12.4	1.3	0.228	15.4	47.62	0	-1.8	-2.049
Elmer Smith	RF	88	0	L	1415	0.2774343122102009	0.3290870488322717	0.4265842349304482	0.3437366523087617	6.8	7.6	5.9	0.289	32.3	42.24	-0.64	0.34	2.417
Zack Cozart	SS	83	0	R	1411	0.2755344418052256	0.3364153627311522	0.3697545526524149	0.3233115815904265	8	7.3	3.4	0.288	21.3	39.19	-0.34	-0.6	3.7
Buddy Bell	3B	85	0	R	1405	0.2714067278287462	0.2923976608187134	0.3539755351681957	0.2949891896276859	2.8	5.6	3.4	0.279	21.7	19.48	-0.43	1.62	2.776
Tommy Troy	2B	83	5	R	1403	0.2780049059689289	0.3520923520923521	0.401471790678659	0.3446647564286887	10.3	8.5	5.6	0.292	29.1	26.26	0.13	4.36	3.421
Dan Pasqua	LF	79	5	L	1396	0.2759170653907496	0.3318777292576419	0.3692185007974482	0.3260551534671073	7.7	10.5	9	0.293	21.1	2.74	0	-3.14	1.074
Roger Bresnahan	C	83	5	R	1394	0.2849025974025974	0.3481104651162791	0.4862012987012987	0.3724763361883318	8.8	5.8	3	0.294	43.3	53.95	-0.09	-1.72	5.337
Gil McDougald	SS	85	0	R	1361	0.2809642560266002	0.3262032085561498	0.400665004156276	0.3302761611220011	6.1	7.6	4.4	0.293	26.9	36.26	0	0.79	3.483
Jake Daubert	1B	86	5	L	1351	0.3009630818619582	0.344005956813105	0.4317817014446228	0.3527568867774202	6	6.1	5.8	0.31	24	52.22	-0.27	-0.13	3.286
Tom Cheney	P	78	0	R	1334	0.1305758313057583	0.1433070866141732	0.137875101378751	0.1331982804236417	1	23	0.4	0.166	4.3	0	0	-1.3	-5.982
Willie Keeler	RF	77	0	L	1319	0.3032915360501567	0.3146322971948446	0.4913793103448276	0.358091555971002	1.9	3.2	1.8	0.307	36.2	65.71	-0.36	-0.73	3.275
Kris Bryant	3B	84	0	R	1317	0.274395329441201	0.3292682926829268	0.3711426188490409	0.321982351840312	7.7	11.5	4.1	0.301	23.1	28.95	-0.23	2.19	2.278
Pablo Sandoval	3B	84	0	S	1302	0.2813021702838063	0.3220338983050847	0.4098497495826378	0.3318603388725604	5.8	6.6	10.1	0.282	28.5	14.58	-0.09	0.74	2.811
Kevin McGonigle	SS	88	0	L	1282	0.2642980935875217	0.3178233438485805	0.3717504332755633	0.3174968215738431	7.3	8.9	4.7	0.279	26.9	26.83	-0.98	2.25	1.919
Mark Buehrle	P	84	0	L	1262	0.1173986486486486	0.1284779050736498	0.1216216216216216	0.1185386783054825	0.9	25.1	0	0.153	3.6	0	0	-3.99	-5.99
Al Simmons	CF	89	0	R	1254	0.2525597269624573	0.2829426030719482	0.363481228668942	0.2947837613766889	4.1	9	6.2	0.266	29.1	20.93	-0.33	-0.81	0.67
Robin Yount	SS	83	0	R	1247	0.2557544757033248	0.2880128720836685	0.3631713554987212	0.2971065272703317	4.4	9	2.9	0.274	27.3	39.02	-0.91	0.72	2.021
Spottswood Poles	CF	85	0	S	1242	0.2250922509225092	0.268733850129199	0.2998154981549815	0.2653756534778026	5.3	9.7	1	0.245	22.1	42.59	-2.17	4.78	-0.242
Willard Brown	RF	88	0	R	1239	0.2515337423312883	0.2839403973509934	0.336546888694128	0.2842551824323742	3.6	8.2	3.4	0.266	23	25.76	-1.6	0.44	1.017
Ken Griffey	RF	77	0	L	1235	0.2754385964912281	0.3192526401299756	0.3710526315789474	0.3184309885324461	5.8	6.8	1.5	0.29	23.9	37.33	-0.05	1.8	1.895
Jeff Blauser	SS	88	0	R	1231	0.2796380090497738	0.326955074875208	0.351131221719457	0.316200032182811	6.4	9.3	6.3	0.295	16.2	6	-0.58	1.56	2.535
Ben Brown	P	89	0	R	1206	0.1437613019891501	0.1626086956521739	0.1518987341772152	0.1499011456026524	1.7	20.4	0	0.177	5.7	0	0	-2.39	-5.622
Bob Fothergill	LF	86	5	R	1202	0.3059768064228368	0.3308080808080808	0.4281891168599465	0.3442271973466439	4	5.6	4.5	0.313	28.6	21.43	0.3	-1.35	2.446
Eddie Joost	SS	89	5	R	1187	0.2473222979552094	0.330196749358426	0.3456669912366115	0.3165170662988004	10.9	11.3	7.1	0.265	24	19.67	-0.86	-0.3	3.083
Gabriel Moreno	C	88	0	R	1181	0.2346153846153846	0.2954545454545455	0.2932692307692308	0.2776333224297611	7.4	8.1	3.6	0.247	18	6.82	-0.91	-1.68	0.914
Madison Bumgarner	P	88	0	R	1157	0.2140845070422535	0.2365591397849462	0.2713615023474178	0.2361581870229702	2.6	13.6	8.3	0.231	11.8	7.41	0	-3.73	-1.919
Howie Kendrick	1B	88	0	R	1141	0.2699156513589503	0.2995555555555556	0.3533270852858482	0.3010676832066613	3.7	6.1	4.7	0.278	22.6	9.23	-0.26	-3.52	-0.789
Teddy Higuera	P	89	0	S	1103	0.1293774319066148	0.1415004748338082	0.1381322957198444	0.1323764019462595	0.9	26.6	0.5	0.173	5.3	0	0	-4.57	-6.038
Michael Soroka	P	89	0	R	1102	0.15234375	0.1671415004748338	0.166015625	0.157342940457572	1.4	17.6	1.1	0.181	5.8	11.11	0	-1.96	-5.717
Buck O&#39;Neil	1B	84	0	R	1072	0.2882051282051282	0.3367826904985889	0.4287179487179487	0.3481864395660547	6.6	6.8	0.6	0.305	29.2	64.63	-0.95	-2.57	2.799
George Davis	SS	86	0	S	1069	0.2513144058885384	0.2980582524271845	0.3533123028391167	0.2961734041327173	6	8.3	0.6	0.27	30.5	30.14	-0.28	1.07	2.133
Prince Fielder	1B	87	0	L	1068	0.2777777777777778	0.3320825515947467	0.345679012345679	0.3150141108310777	7.1	7.3	3.9	0.291	16.7	15.56	0	-2.3	0.281
Brian Dozier	2B	88	0	R	1062	0.243801652892562	0.2956273764258555	0.3316115702479339	0.2886447466393864	6.9	9.5	5.1	0.259	23.3	21.82	0.85	2.03	2.147
Robin Yount	SS	83	5	R	1056	0.2686414708886619	0.3085714285714286	0.414708886618999	0.3269128740154013	5.1	6.3	6.2	0.275	33.1	39.08	0	2.73	3.807
Oliver Marcell	3B	87	0	R	1033	0.2203023758099352	0.2770137524557957	0.3239740820734341	0.2754910086498528	7.5	8.6	6.4	0.227	27	34.55	-0.06	0.7	0.697
Hal McRae	LF	88	5	R	1029	0.2574468085106383	0.3138969873663751	0.3478723404255319	0.3079984737397036	7.9	5.6	1.7	0.268	28.5	14.49	0.7	0.99	1.458
Gregg Jefferies	1B	84	0	S	1003	0.2660944206008584	0.3070787637088734	0.3240343347639485	0.2926185434907424	5.2	4.2	1.8	0.272	15.3	26.32	1.2	1.2	0.538
Dixie Walker	RF	89	0	L	993	0.2416107382550336	0.2997967479674797	0.3176733780760627	0.2890185052943354	7.5	6.6	3.6	0.25	21.8	19.15	-0.48	-0.48	0.121
Elmer Rodriguez	P	89	0	L	983	0.1874322860238353	0.2025183630640084	0.2091007583965331	0.1927157565327962	1.6	16.4	0.6	0.22	7.5	38.46	0	0.43	-3.174
Newt Allen	2B	85	0	R	969	0.3029239766081872	0.3369447453954496	0.456140350877193	0.353332152881555	5.4	7.8	0.6	0.321	32	55.42	0	-0.37	4.396
Dan Pasqua	LF	79	0	L	968	0.289920724801812	0.3443983402489627	0.3657984144960362	0.330246904288136	7.5	11.7	5	0.319	19.5	2	0	-3.16	1.178
Bobby Bonilla	RF	84	0	S	965	0.2480359147025814	0.2974093264248704	0.345679012345679	0.2962723859440089	6.4	8.2	6.8	0.258	24.4	20.37	-0.12	-2.24	1.244
Ray Lankford	CF	88	5	L	940	0.2410071942446043	0.3148936170212766	0.3489208633093525	0.3075626204973474	10	10.2	5.7	0.256	31.3	14.29	0	1.91	1.979
Jimmie Hall	CF	88	0	L	936	0.2303102625298329	0.2854054054054054	0.3233890214797136	0.2796096409591359	6.9	10.3	7.1	0.24	24.9	16.67	0	2.95	1.026
Jay Bell	SS	82	5	R	933	0.2964763061968408	0.3519125683060109	0.4119076549210207	0.3421045083068509	7.6	8.7	0.6	0.318	25.8	47.62	-0.64	2.51	5.659
Ivan Rodriguez	C	76	0	R	932	0.3004807692307692	0.3572204125950054	0.3894230769230769	0.3463347131259873	8.2	8.7	3.9	0.319	21.6	14.81	0.19	-1.74	4.056
Ben Zobrist	2B	84	0	S	927	0.2801932367149759	0.3408845738942826	0.3659420289855073	0.3272150063100694	8.7	4.7	1.9	0.286	25	12.07	-0.32	-3.5	1.23
Clint Thomas	CF	88	5	R	912	0.2642857142857143	0.3024553571428572	0.3988095238095238	0.3191065924437434	4.8	7.9	3.9	0.279	31.5	44.29	0.79	1.32	2.895
Edgardo Alfonzo	2B	79	0	R	908	0.2752740560292327	0.3247480403135498	0.3593179049939099	0.3154397538121976	6.5	8	3.3	0.292	23.5	11.32	-0.33	0.33	3.7
Bid McPhee	2B	84	5	R	906	0.2567567567567567	0.3185840707964602	0.414004914004914	0.3331353952797831	8.4	9.6	2.6	0.276	34.4	66.67	-0.79	0.26	3.775
Luis Arraez	1B	88	0	L	887	0.2643118148599269	0.309255079006772	0.3520097442143727	0.3059505073551472	5.9	3	2.7	0.266	23	28	-1.08	1.69	1.353
Frank Snyder	C	84	5	R	867	0.2619354838709678	0.3083333333333333	0.3703225806451613	0.304458703111503	6	9.2	3.5	0.28	25.1	45.1	0	-4.29	2.007
Jay Bell	SS	82	0	R	861	0.2901484480431849	0.3488372093023256	0.3792172739541161	0.3350277368290341	7.4	9.3	0.7	0.316	20.9	42.22	0	0.42	3.972
Roger Bresnahan	C	83	0	R	834	0.2589041095890411	0.3160493827160494	0.3972602739726027	0.3223828372226908	7.8	8.1	1.4	0.274	33.3	53.97	0	-0.58	2.518
Matty Alou	CF	69	0	L	823	0.3024453024453024	0.3373934226552984	0.4066924066924067	0.3416603223588747	4.7	3.2	1.5	0.31	23.8	37.5	0.29	-1.82	2.989
Luke Appling	SS	83	0	R	814	0.2759562841530054	0.3358208955223881	0.3387978142076503	0.3152579803357021	8.1	7.5	0.7	0.296	20.8	4.76	-1.11	3.69	2.654
Andre Thornton	1B	89	0	R	810	0.2361878453038674	0.3008739076154807	0.3439226519337016	0.2980835479978295	8.1	9	9.6	0.242	24	26.83	-0.74	-0.59	-0.222
Andrew McCutchen	CF	83	0	R	800	0.281767955801105	0.3316645807259074	0.3715469613259669	0.3208161158391519	7.1	5.4	6	0.284	21.1	13.95	-0.9	1.95	2.85
Dave Stieb	P	89	0	R	776	0.1256830601092896	0.1420982735723772	0.1502732240437158	0.1382412703756022	1.3	24.6	3.1	0.159	10.9	0	0	-1.01	-5.335
Shea Langeliers	C	78	0	R	765	0.2576419213973799	0.3038821954484605	0.3362445414847162	0.298199231073843	5.5	8.9	6.3	0.269	20.3	5.56	-0.94	-4	0.549
Alejandro Kirk	C	88	0	R	762	0.2492795389048991	0.2980132450331126	0.2997118155619596	0.275651539034579	6.6	9.5	3.1	0.267	15	3.85	0	-5.35	0.866
Clay Holmes	P	89	0	R	755	0.2088698140200286	0.2194444444444444	0.228898426323319	0.2089278471273171	1.2	15.9	0.8	0.243	7.5	9.09	0	-2.7	-3.099
Buck Ewing	C	82	0	R	752	0.2818311874105865	0.3271276595744681	0.463519313304721	0.3494687339054683	6.1	7	2.4	0.298	37.6	63.51	-0.56	1.04	4.388
Billy Herman	2B	88	5	R	748	0.3040123456790124	0.3574408901251738	0.3842592592592592	0.3442919857721535	7.8	3.5	0	0.31	22.3	18.18	-0.56	1.93	2.567
Ben Zobrist	2B	84	5	S	746	0.2390317700453858	0.3123324396782842	0.3222390317700454	0.2964425671875323	9.7	4.5	1.6	0.244	25.3	27.5	-0.4	-4.91	0.241
Orlando Cabrera	SS	89	5	R	736	0.2740524781341108	0.3094910591471802	0.358600583090379	0.3089307087942353	4.6	5.2	2.4	0.284	24.5	13.04	-0.33	0.57	3.75
Tiny Bonham	P	82	0	R	730	0.125	0.1442715700141443	0.136764705882353	0.1342567083705673	1.6	20.7	0.8	0.153	5.9	20	0	-3.21	-6.164
Clyde Sukeforth	C	75	0	L	728	0.2873015873015873	0.3235294117647059	0.3714285714285714	0.319908207942195	5.1	4.9	0	0.297	22.1	32.5	-0.16	4.2	2.39
Johnny Hayes	C	85	0	L	723	0.2807570977917981	0.3404255319148936	0.3201892744479495	0.312250987263985	8.3	6	0.8	0.293	12.4	4.55	-0.41	0.58	2.905
Danny Jansen	C	88	0	R	720	0.2027231467473525	0.2569832402234637	0.2708018154311649	0.2423148932675209	6.8	10	5.8	0.214	22.4	3.33	0	-2.42	-0.5
Ray Lankford	CF	88	0	L	711	0.2601246105919003	0.3291139240506329	0.3566978193146417	0.3205363308442871	8.4	11.2	5.1	0.284	26.3	13.64	-0.84	0.08	2.278
Steve Ontiveros	P	82	0	R	703	0.1087928464977645	0.1184210526315789	0.1147540983606557	0.1105422772995285	0.6	23.7	0.9	0.14	2.7	0	0	-2.73	-7.852
Tiny Bonham	P	82	5	R	702	0.1580594679186229	0.1731927710843373	0.1815336463223787	0.1662486372062575	1.7	21.8	1.7	0.194	10.9	0	0	-0.17	-4.444
Lance Blankenship	2B	83	0	R	701	0.2297520661157025	0.2986627043090639	0.2677685950413223	0.2695476999606096	8.3	7.3	0	0.245	12.9	27.78	0.86	2.4	0.685
Sam Leslie	1B	88	0	L	696	0.2859399684044234	0.3338213762811127	0.3696682464454976	0.3268295277199419	6	7.6	1.7	0.305	21	28.95	0	0.09	1.207
Bill Mazeroski	2B	82	0	R	690	0.2565687789799073	0.2742175856929955	0.366306027820711	0.2904320415975666	1.9	9.4	6.1	0.272	26.5	29.55	0	-1.13	2.261
John Donaldson	P	89	0	L	670	0.2528925619834711	0.2810047095761382	0.3504132231404959	0.2886508026660751	2.8	11.2	2.7	0.278	28.1	23.26	-0.99	0.27	0.448
Mike Grady	C	87	0	R	668	0.2849915682967959	0.3358778625954199	0.4013490725126476	0.3352803013152054	7.3	9.3	4.5	0.301	26.6	31.11	0.54	-2.69	2.515
Dick Higham	RF	84	0	L	667	0.2625	0.2837837837837838	0.340625	0.286507505116515	3	4.7	2.7	0.27	25.6	2.33	-0.27	2.25	0.09
Sid Gordon	3B	89	5	R	659	0.2743055555555556	0.3535660091047041	0.3715277777777778	0.3332123631069605	11.2	7.8	9.1	0.28	21.5	5.88	0	-0.46	2.367
Bob Horner	3B	84	0	R	656	0.2730318257956449	0.327217125382263	0.3819095477386935	0.3270944696799956	6.6	14.1	7.3	0.303	27.6	8.89	-0.91	2.84	2.195
George Strickland	SS	80	0	R	632	0.2547660311958406	0.2953451043338684	0.3344887348353553	0.2881042836554149	5.9	8.8	0.9	0.273	22.4	33.33	-0.47	-1.9	1.804
Austin Meadows	RF	83	5	L	632	0.2939130434782609	0.3433544303797468	0.4243478260869565	0.3478986921815863	6.8	6.4	4.7	0.303	29	32.65	0.28	2.85	3.323
Brandon Sproat	P	88	0	R	625	0.1443298969072165	0.1585976627712855	0.1529209621993127	0.1474574694555089	1.3	19.9	0	0.178	4.8	25	0	-3.36	-5.376
Buck Ewing	C	82	5	R	616	0.2521588946459413	0.2878048780487805	0.4196891191709844	0.3137520594521261	4.7	6.9	3.9	0.263	39	56.14	-2.92	3.12	3.019
Herb Souell	3B	74	0	S	607	0.3045774647887324	0.3220910623946037	0.5123239436619719	0.3697960186454015	2	6.9	2	0.32	38.7	70.15	0	0.79	4.152
Mark Bellhorn	2B	64	0	S	586	0.2903846153846154	0.3518197573656845	0.4211538461538462	0.3547475212618494	8.7	11	6.1	0.314	26.5	40	-0.51	-0.2	3.481
Billy Herman	2B	88	0	R	583	0.2789373814041746	0.3156966490299823	0.3605313092979127	0.3105232450577369	5.5	4.4	0	0.287	23.1	26.47	-1.03	1.13	1.235
Julio Franco	2B	83	0	R	582	0.297951582867784	0.3384879725085911	0.3929236499068901	0.3352435291429099	6	6.1	6.2	0.304	21.2	14.71	-2.47	3.4	2.577
Dylan Beavers	RF	87	5	L	578	0.2744721689059501	0.3269565217391304	0.3992322456813819	0.3319102534640987	7.4	6.7	8.3	0.277	26.6	28.95	0.42	6.02	1.972
Whitey Kurowski	3B	84	0	R	577	0.24	0.2904347826086957	0.3238095238095238	0.2796486156882337	6.6	7.4	3.1	0.25	20.6	46.15	-0.73	0.21	0.52
Jackie Robinson	LF	87	5	R	572	0.2674418604651163	0.2971014492753623	0.3662790697674418	0.30284457303622	4.2	4.5	1	0.273	24.6	44.12	-1.57	0.21	0.839
Juan Pierre	CF	70	0	L	571	0.3064833005893909	0.3187022900763359	0.4302554027504912	0.3385573465103179	1.8	2.2	1.1	0.309	24.4	60.53	-1.58	3.78	2.207
Mike Grady	C	87	5	R	570	0.259469696969697	0.2998236331569665	0.3636363636363636	0.3021213725924721	5.6	9.7	4.2	0.278	23.4	46.88	-1.05	2.21	2.211
Lee Mazzilli	CF	81	0	S	562	0.2743538767395626	0.3351158645276293	0.3658051689860835	0.3226567026013448	8.5	8	3.2	0.288	23.2	25	0.11	-0.64	2.349
Jim Kaat	P	87	0	L	558	0.2054263565891473	0.2286245353159851	0.2674418604651163	0.23068702747856	2	15.9	3.2	0.236	24.5	0	0	-3.87	-1.183
Wilyer Abreu	RF	81	0	L	556	0.2613168724279835	0.3085714285714286	0.345679012345679	0.3040599541321073	6.1	12.6	3.2	0.291	25.2	9.38	-1.08	0.54	0.54
Jeferson Quero	C	80	0	R	556	0.1848906560636183	0.2334558823529412	0.2186878727634195	0.2115176918702239	5.8	13.1	1.1	0.208	14	15.38	0	-3.13	-1.835
Johnny Gooch	C	81	0	S	550	0.2719836400817996	0.3109869646182495	0.3619631901840491	0.3073443074409031	5.6	5.5	1.1	0.278	25.6	23.53	0	-1.64	2.727
Brant Alyea	LF	89	5	R	549	0.2648221343873518	0.3120437956204379	0.3557312252964427	0.3081522702728001	6.4	7.5	6.6	0.274	22.4	13.33	0	0.44	-0.109
Gregg Jefferies	1B	84	5	S	545	0.2811881188118812	0.3119266055045872	0.3524752475247525	0.3053668300950521	5	5	3.3	0.284	16.9	25	3.41	1.54	1.872
Jeff Blauser	SS	88	5	R	543	0.2979166666666667	0.3614232209737828	0.4145833333333334	0.3581783101375325	8.8	10.2	7.7	0.318	27.3	7.69	-1.66	0.66	3.978
Billy Grabarkewitz	3B	88	0	R	543	0.2991803278688525	0.3554327808471455	0.4036885245901639	0.3481728579255981	8.1	13.9	4.4	0.335	21.2	38.71	-1.1	3.87	4.53
Vic Power	1B	76	5	R	541	0.287378640776699	0.3160813308687616	0.4213592233009709	0.3321418325388108	3.3	2.9	5.5	0.287	29.7	34.09	-0.55	3.55	4.658
Carlos May	LF	86	5	L	535	0.3110647181628393	0.3757009345794393	0.407098121085595	0.3631444870992266	9	8.8	4.5	0.332	22.8	11.76	-2.69	3.59	2.916
Dave Henderson	CF	89	0	R	525	0.25	0.2998027613412229	0.3205128205128205	0.2903619030239597	6.3	10	2.3	0.272	23.9	3.57	-1.14	1.83	1.257
Mario Soto	P	83	0	R	524	0.1362683438155136	0.1650099403578529	0.1572327044025157	0.1547309611388666	2.3	18	1.1	0.161	10.8	14.29	0	-2.63	-5.725
Yoan Moncada	3B	81	5	S	518	0.2880658436213992	0.3216374269005848	0.411522633744856	0.3337514057026136	3.9	10.3	5.8	0.312	30	19.05	0.35	1.04	3.822
Roy Campanella	C	86	0	R	518	0.2274590163934426	0.2563106796116505	0.3360655737704918	0.2695452488287666	3.9	11.9	9.3	0.241	27	23.33	0	-0.69	1.506
Austin Meadows	RF	83	0	L	516	0.2890792291220557	0.3410852713178295	0.4047109207708779	0.3376211405843712	7.4	8.6	2.3	0.307	25.9	42.86	0.35	3.14	2.674
Carlos Baerga	2B	86	5	S	515	0.301255230125523	0.3398058252427185	0.4372384937238494	0.3498721312514159	5.2	6.3	4.7	0.311	28.5	39.02	-0.47	1.51	3.845
Charlie Condon	1B	79	0	R	513	0.2379912663755459	0.300990099009901	0.3100436681222707	0.2879159413596545	8.4	9.4	2.3	0.257	22.9	16	0	-6.08	-0.351
Cody Bellinger	LF	86	0	L	505	0.2444933920704846	0.3046092184368738	0.3061674008810573	0.2892904240921638	8.1	6.8	3.6	0.255	17.1	15.79	-1.19	0.48	0.119
Willie Stargell	1B	89	5	L	495	0.2731277533039648	0.3151515151515151	0.3568281938325991	0.3067013622989914	6.1	11.2	3.6	0.296	23.4	10.34	0	-9.94	-0.485
Howard Johnson	3B	84	5	S	493	0.2876106194690266	0.3394308943089431	0.3827433628318584	0.3338044923599175	7.3	9.3	4.9	0.308	22.3	20.69	-4.14	5.48	2.677
Tino Martinez	1B	87	5	L	489	0.2393736017897092	0.2883435582822086	0.319910514541387	0.2800136853490615	6.7	7.8	4.9	0.248	22.4	16.67	-0.25	-1.84	0.245
Madison Bumgarner	P	88	5	R	488	0.2035010940919037	0.2327044025157233	0.3041575492341357	0.24839639787849	3.1	10.9	14.8	0.204	22.6	4.76	0	0	-0.492
Lance Johnson	CF	67	0	L	488	0.2733333333333333	0.2993630573248408	0.42	0.3244340695100698	3.5	6	0	0.289	33.3	60.98	0.74	3.2	3.443
Moises Ballesteros	DH	84	5	L	485	0.2636363636363636	0.3202479338842975	0.3636363636363636	0.3116008098887867	7.8	8.9	8.7	0.273	25	3.45	0	-1.36	1.856
Ken Berry	LF	55	0	R	484	0.2819383259911895	0.3229813664596273	0.3546255506607929	0.3069926948709416	5.6	6.6	0	0.301	21.1	22.22	-0.62	3.1	2.231
Ceddanne Rafaela	CF	80	0	R	483	0.267260579064588	0.2869379014989293	0.3919821826280623	0.3079299218180516	2.9	8.5	3.7	0.284	32.5	28.21	0.37	-0.37	2.112
Elmer Smith	LF	81	0	L	475	0.2511627906976744	0.3091684434968017	0.3930232558139535	0.3199125310850909	7.6	6.3	1.3	0.265	34.3	59.46	0.51	-4.42	1.389
Ted Easterly	C	58	5	L	471	0.2883720930232558	0.3319148936170213	0.4325581395348837	0.3399954153862662	6.2	7.7	2.5	0.303	34.7	34.88	0	0.51	4.076
Brian Giles	RF	88	0	L	468	0.2718676122931442	0.3311965811965812	0.3900709219858156	0.3293263518108714	7.7	4.7	1.3	0.28	31.3	33.33	0.13	2.69	2.179
Andre Dawson	CF	77	0	R	455	0.2672811059907834	0.2980132450331126	0.3709677419354839	0.3048639540364744	4	7.1	4	0.282	23.3	44.44	-1.45	4.22	2.242
George Davis	SS	86	5	S	452	0.2177215189873418	0.2686915887850467	0.3088607594936709	0.2657465955056533	5.8	8.1	0	0.234	29.1	44	-2.12	4.25	1.062
Richie Scheinblum	RF	87	0	S	450	0.2832080200501253	0.3400447427293065	0.3784461152882205	0.3325065466918941	7.6	4.8	2.7	0.287	23	30.77	0	-5.33	2.133
John Jaha	1B	82	0	R	437	0.2701298701298701	0.3456221198156682	0.2987012987012987	0.3067031318058665	10.3	11.9	0	0.304	10.6	0	0	-9.06	-0.137
Spottswood Poles	CF	85	5	S	427	0.2252747252747253	0.2935323383084577	0.2747252747252747	0.2727628512559998	8.2	6	0	0.238	18.3	20	-0.84	5.06	0.843
Woodie Held	SS	79	0	R	427	0.3031088082901555	0.3490566037735849	0.4430051813471503	0.3579722178725585	7.3	12.2	4.2	0.332	29.9	37.14	0	2.81	5.48
Geraldo Perdomo	SS	87	0	S	426	0.2486910994764398	0.2978208232445521	0.3429319371727749	0.2983192232354743	6.3	6	5.6	0.254	26.3	12	-0.99	-2.39	0
Ivan Herrera	C	89	0	R	422	0.2707774798927614	0.3333333333333333	0.3378016085790885	0.315671494064162	8.1	8	1.4	0.291	18.8	21.05	1.28	-0.57	2.844
Brant Alyea	LF	89	0	R	422	0.2473684210526316	0.3064133016627079	0.331578947368421	0.2909176947544502	7.3	9.5	7.1	0.258	21.3	10	0	-3.84	0.569
Yoan Moncada	3B	81	0	S	418	0.3054830287206267	0.3316953316953317	0.4046997389033943	0.3355531417436166	3.8	8.6	1.4	0.327	24.8	24.14	0	2.15	3.014
Max Muncy	3B	85	0	L	415	0.2131147540983606	0.2888349514563107	0.2841530054644809	0.2698191218728478	9.4	9.6	5.8	0.223	21.8	5.88	-0.72	-1.01	-0.289
Sherm Lollar	C	82	0	R	414	0.2351351351351351	0.2878411910669975	0.2810810810810811	0.2670674303437049	6.5	8.1	1.4	0.251	17.2	0	0	-3.77	0.435
Hal McRae	LF	88	0	R	406	0.2405405405405406	0.2942643391521197	0.3135135135135135	0.2850349038043433	6.7	8.9	3	0.258	22.5	15	-0.3	0	-0.296
Tommie Agee	CF	82	5	R	402	0.2637362637362637	0.3117206982543641	0.3736263736263736	0.3128705528532378	7.2	12.6	6	0.286	27.1	23.08	0	1.19	1.493
Frank Snyder	C	84	0	R	402	0.252054794520548	0.2842377260981912	0.3534246575342466	0.2901497181181374	4.5	8.5	1.5	0.27	29.3	29.63	-0.75	1.04	2.09
Jazz Chisholm Jr.	2B	80	0	L	401	0.252808988764045	0.3071065989847716	0.3342696629213483	0.2993116418799643	7.5	10.7	4.5	0.27	22.2	15	-0.75	-0.15	0.449
Todd Hundley	C	85	5	S	401	0.2893982808022922	0.3740648379052369	0.3524355300859599	0.3428396558282746	11.5	13.5	4.5	0.325	13.9	14.29	0	-8.53	2.993
Jake Stahl	1B	86	0	R	400	0.2671957671957672	0.2972292191435768	0.3809523809523809	0.3079249476266223	3.2	13	3	0.301	23.8	62.5	-0.75	-0.15	0.75
Chick Hafey	LF	89	5	R	398	0.2830188679245283	0.3131313131313131	0.4474393530997305	0.3418372711394039	4.5	9.4	9	0.295	40	16.67	-2.41	0.9	3.166
Bug Holliday	LF	87	0	R	394	0.2527472527472527	0.2797927461139896	0.3186813186813187	0.276580237836369	3.3	8.2	1.5	0.268	17.4	37.5	-0.15	-1.07	-2.132
Spike Owen	3B	85	5	S	390	0.2917847025495751	0.3470437017994858	0.3767705382436261	0.3350254310240349	7.4	3.7	3.1	0.295	20.4	23.81	-0.62	-1.54	1.846
Brian Harper	C	83	5	R	390	0.2635869565217391	0.2879177377892031	0.3396739130434783	0.2833185113705881	3.3	1.9	3.1	0.26	22.7	9.09	0	-4.15	0.615
Jim Gilliam	2B	85	0	S	377	0.2656716417910448	0.3243243243243243	0.4208955223880597	0.3345054812363171	7.7	6.3	1.6	0.278	33.7	66.67	0	3.02	3.183
Carter Jensen	C	89	5	L	377	0.244047619047619	0.3031914893617021	0.3809523809523809	0.3114920590903368	8.2	9.2	11.1	0.245	31.7	23.08	-1.11	-4.93	2.546
Danny Tartabull	RF	87	5	R	376	0.2764705882352941	0.3404255319148936	0.4176470588235294	0.3429443215709903	8.8	13.2	8	0.305	33	22.58	0	4.63	2.394
Al Simmons	CF	89	5	R	374	0.264367816091954	0.2975871313672922	0.3563218390804598	0.2991258959352338	5.1	7.5	3.2	0.276	22.8	33.33	-0.32	-0.64	1.123
Richie Ashburn	CF	87	5	L	371	0.2668810289389068	0.3398876404494382	0.3118971061093248	0.3099734710503295	10.2	5.5	0	0.276	10.8	55.56	0	-0.32	1.294
Fred Schulte	CF	86	5	R	368	0.2349397590361446	0.2900552486187845	0.322289156626506	0.2860500252017203	7.1	4.8	1.6	0.242	24.4	42.11	0	-4.89	0.652
Jack Kramer	P	89	0	R	365	0.1791044776119403	0.195906432748538	0.217910447761194	0.1935091121874171	1.6	16.1	3.3	0.208	11.7	28.57	0	-3.95	-4.767
Thad Christopher	LF	87	0	L	362	0.2289156626506024	0.2757660167130919	0.2981927710843373	0.2652327250763238	6.1	8.4	3.3	0.242	19.7	26.67	0.5	-2.32	-3.149
Spike Owen	3B	85	0	S	355	0.2848101265822785	0.3467048710601719	0.3924050632911392	0.3421263999281102	8.7	2.5	5.1	0.283	25.6	21.74	0	-1.52	2.873
Steve Ontiveros	P	82	5	R	355	0.1299093655589124	0.1453488372093023	0.1419939577039275	0.136309999720093	1.1	22.7	1.7	0.161	4.7	0	0	-3.89	-5.746
Bob Veale	P	89	0	S	354	0.1787878787878788	0.1970588235294118	0.2	0.1869578197296226	2	18.5	0	0.218	10.2	16.67	0	-2.2	-4.407
Willie Keeler	RF	77	5	L	348	0.3069908814589666	0.3304597701149425	0.4832826747720365	0.3631202789365979	4	2.1	1.7	0.307	33.7	64.71	0	4.31	4.138
Maury Wills	SS	78	0	S	347	0.2848101265822785	0.3048780487804878	0.3860759493670886	0.3140340067342735	2.6	4.4	1.7	0.294	21.1	57.89	-2.94	4.84	2.248
Will Smith	C	84	0	R	342	0.1966666666666667	0.2702702702702703	0.2233333333333333	0.2429151999965375	7.9	13.3	1.8	0.222	10.2	0	-0.88	0.35	-1.93
Eduardo Quintero	CF	88	5	R	340	0.2956810631229236	0.3705882352941177	0.4318936877076412	0.369244415552784	10.9	8.3	0	0.32	31.5	46.43	-1.24	6.88	5.118
Carlos Baerga	2B	86	0	S	338	0.2990654205607476	0.3244047619047619	0.3956386292834891	0.3282013252338072	3.6	5.9	1.8	0.314	26	16	0.18	0.18	2.663
Oscar Charleston	CF	89	5	L	331	0.2114695340501792	0.2806451612903226	0.2759856630824373	0.260357661370971	7.9	6.5	1.8	0.221	27.1	0	0	2.18	-0.725
Kyle Tucker	RF	79	0	L	326	0.2195945945945946	0.2658227848101266	0.2871621621621622	0.2605873107986865	5.8	6.4	3.7	0.228	23.1	6.67	-0.18	-1.1	-1.472
Jason Giambi	1B	82	5	L	325	0.2425249169435216	0.2808641975308642	0.3222591362126246	0.2772319872735355	5.2	6	5.5	0.246	23.3	5.88	0	-11.63	-2.4
Mike Cameron	CF	82	5	R	325	0.2517482517482518	0.3291925465838509	0.3111888111888112	0.2937015042620993	10.2	11.9	1.8	0.281	15.3	36.36	-0.74	2.77	1.662
Edgar Martinez	DH	84	0	R	323	0.2264808362369338	0.303405572755418	0.2578397212543554	0.266326978683576	9	9.4	1.9	0.244	10.8	0	0	-2.79	0.929
George Zettlein	P	87	0	R	310	0.1858108108108108	0.1986754966887417	0.2027027027027027	0.1882928886471998	1.3	11.5	0	0.209	7.3	25	0	-5.23	-3.677
Jed Lowrie	SS	80	5	S	310	0.1802120141342756	0.2236842105263158	0.265017667844523	0.2267650210965813	4.5	7.4	3.9	0.186	33.3	17.65	0	-1.55	-3.097
Jackie Brandt	CF	87	0	R	309	0.2413793103448276	0.2824675324675325	0.3206896551724138	0.2781612174732812	5.5	10.3	3.9	0.263	20	35.71	0.58	0.58	1.165
Clyde Sukeforth	C	75	5	L	309	0.3169014084507042	0.3603896103896104	0.3802816901408451	0.3361216060323144	6.8	5.6	1.9	0.33	16.7	6.67	-1.55	0	3.495
Nolan McLean	P	87	0	R	307	0.2535211267605634	0.2755102040816326	0.3415492957746479	0.2850001261430185	2.3	9.2	9.8	0.264	20.8	0	-0.98	-2.15	-0.586
Jim Gilliam	2B	85	5	S	305	0.3045112781954887	0.363013698630137	0.4097744360902256	0.3575801772981381	7.9	8.3	0	0.331	23.5	47.37	0	6.69	4.131
Sonny Gray	P	88	0	R	304	0.1543859649122807	0.163265306122449	0.1719298245614035	0.1560696748374694	1	18.2	0	0.185	9.1	25	0	-5.92	-6.118
Cristian Guzman	SS	71	0	S	303	0.287719298245614	0.2962962962962963	0.456140350877193	0.3333504461743623	2	7.4	0	0.304	36.6	60	0	2.57	3.762
Bobby Wallace	3B	78	5	R	298	0.2789855072463768	0.3139931740614335	0.4130434782608696	0.3308880056203157	4.4	6.9	4	0.292	27.3	57.14	-2.01	-1.61	3.02
Dick Dietz	C	88	0	R	297	0.2395437262357414	0.310580204778157	0.2927756653992395	0.2893476532770231	8.8	8	6.1	0.249	11.1	14.29	0	-2.63	1.01
Ernie Banks	SS	83	0	R	293	0.2610294117647059	0.3013698630136986	0.3970588235294117	0.3188798527163205	5.8	7	10.2	0.263	29.6	28.57	0	-0.2	4.3
Willie Randolph	2B	81	5	R	292	0.2558139534883721	0.2971014492753623	0.3255813953488372	0.2884961956341042	5.5	5.8	2.1	0.266	15.2	60	0.62	1.23	1.849
George Lombard Jr.	SS	86	5	R	290	0.2790697674418605	0.3551724137931034	0.3682170542635659	0.3391041838067776	9.7	14	2.1	0.32	23.6	23.53	-1.45	1.03	4.552
Kevin Alcantara	CF	76	5	R	289	0.2566037735849057	0.3044982698961938	0.3773584905660378	0.3113494966576125	6.6	7.5	4.2	0.267	30.9	33.33	0	4.78	2.491
Dixie Walker	RF	89	5	L	287	0.2895752895752896	0.3414634146341464	0.3436293436293436	0.3182488489680983	7.3	5.8	2.1	0.298	12	33.33	-1.05	0.21	1.463
Dave Nilsson	C	83	5	L	286	0.2390438247011952	0.3041958041958042	0.302788844621514	0.2770191129730347	9.4	5.6	4.2	0.239	18.3	9.09	0	-1.89	0.629
Andrew McCutchen	CF	83	5	R	284	0.3137254901960784	0.3767605633802817	0.3764705882352941	0.3511918430575731	9.5	6.7	2.1	0.331	15	16.67	0.63	3.8	4.648
Dick Green	2B	81	0	R	283	0.2440944881889764	0.3096085409252669	0.3346456692913386	0.2928447450971359	8.8	9.1	2.1	0.263	25.8	31.25	0	1.06	2.12
Ketel Marte	2B	82	0	S	278	0.2380952380952381	0.2723880597014925	0.3412698412698413	0.2790520891790007	4.7	7.5	6.5	0.245	30	11.11	-1.08	-3.02	-1.727
Tom Cheney	P	78	5	R	277	0.1361867704280156	0.1390977443609022	0.1439688715953307	0.131191317842326	0.4	22.6	0	0.17	5.7	0	0	-0.65	-5.632
Francisco Lindor	SS	86	0	S	269	0.2168674698795181	0.2528301886792453	0.2530120481927711	0.2390025937442953	4.5	10.4	0	0.239	14.8	12.5	-1.12	-2.01	0
Quincy Trouppe	C	84	5	S	267	0.225531914893617	0.2840466926070039	0.2893617021276595	0.2718309045646217	6.7	10.2	0	0.249	24.5	15.38	-2.25	-4.72	0.225
John Kruk	1B	79	0	L	266	0.2897959183673469	0.3383458646616541	0.3795918367346939	0.3329273082585638	6.8	9.4	2.3	0.314	21.1	33.33	0	-10.15	0.902
Mitchell Murray	C	88	0	R	265	0.2357723577235772	0.2813688212927757	0.2764227642276423	0.2633078293242017	5.3	10.6	0	0.262	17.2	0	0	5.66	0.906
Byron Buxton	CF	64	0	R	264	0.2962962962962963	0.3269230769230769	0.4197530864197531	0.339796577823777	4.2	10.3	2.3	0.321	33.3	16.67	-1.14	6.14	3.409
Hyun-soo Kim	LF	68	0	L	259	0.3177966101694915	0.3629343629343629	0.3771186440677966	0.3442823074062601	6.9	7.2	0	0.336	14.7	27.27	-1.16	-2.32	2.78
Jules Thomas	CF	86	5	R	258	0.2592592592592592	0.2945736434108527	0.3292181069958848	0.29037248601558	4.3	8.6	4.7	0.275	15.9	30	-1.63	-1.4	1.628
Armando Cabanas	2B	84	0	R	251	0.2532751091703057	0.2995951417004049	0.3406113537117904	0.2875522865415438	6	9.2	4.8	0.269	25.9	6.67	0	3.59	0.956
Paul Konerko	1B	82	5	R	243	0.2	0.2716049382716049	0.2545454545454545	0.2446891150399682	8.6	8.6	4.9	0.21	18.2	0	0	-2.72	-1.481
Gus Suhr	1B	80	0	L	243	0.2883720930232558	0.3553719008264463	0.3767441860465116	0.3414718779941927	9.9	3.7	2.5	0.292	21	30.77	0	1.73	2.469
Ken Griffey Jr.	RF	78	0	L	241	0.2383177570093458	0.3025210084033613	0.3177570093457944	0.2873809115896551	7.9	7.5	7.5	0.242	21.6	0	-1.24	-4.73	-1.245
Dick Green	2B	81	5	R	236	0.2396313364055299	0.2751091703056768	0.336405529953917	0.2779818020683426	4.7	7.8	2.5	0.255	25	46.15	0	-1.53	2.034
Mike Cameron	CF	82	0	R	228	0.3140096618357488	0.3484162895927602	0.391304347826087	0.3388636470085239	5.3	8.7	2.6	0.337	21.5	0	-1.32	4.21	3.684
Jerry Mumphrey	LF	69	5	S	228	0.3101851851851852	0.3421052631578947	0.412037037037037	0.3462157709852409	3.9	9.7	7.9	0.332	23.9	0	0	-2.63	1.842
Jules Thomas	CF	86	0	R	225	0.2476635514018692	0.2702702702702703	0.3411214953271028	0.2813439604577627	2.7	8.9	8	0.259	22.6	16.67	-2.4	4.8	-0.533
Mario Soto	P	83	5	R	224	0.1848341232227488	0.2009132420091324	0.2274881516587678	0.19893000942079	1.3	18	2.7	0.217	12.8	40	0	-4.55	-4.286
Mike Fitzgerald	C	72	0	R	216	0.2716763005780347	0.3350785340314136	0.3352601156069364	0.3170808775156771	7.9	9.8	2.8	0.295	19.1	0	1.11	1.39	0.278
Jesse Barnes	P	88	0	L	215	0.2124352331606218	0.2227722772277228	0.2694300518134715	0.2244017244711042	0.9	13	0	0.237	14.6	83.33	-1.4	0	-2.791
Adley Rutschman	C	77	0	S	210	0.2486772486772487	0.2961165048543689	0.328042328042328	0.2908182154837652	6.2	6.3	2.9	0.257	23.4	18.18	-1.43	0	1.143
George Strickland	SS	80	5	R	206	0.3204419889502763	0.3673469387755102	0.425414364640884	0.3635416969837285	6.3	8.3	2.9	0.343	20.7	41.67	0	3.2	5.243
Brian McCann	C	84	0	L	206	0.3076923076923077	0.3382352941176471	0.3846153846153846	0.335964975331221	3.4	7.2	5.8	0.324	18.3	0	0	-6.7	3.204
Zollie Wright	RF	84	0	R	204	0.2833333333333333	0.3193717277486911	0.4111111111111111	0.3338318993191965	4.4	7.8	5.9	0.297	25.5	46.15	0	2.94	2.353
Darrell Porter	C	74	0	L	201	0.1988636363636364	0.284263959390863	0.25	0.2513394169808448	10.4	20.5	0	0.25	22.9	12.5	-4.48	-1.49	-0.597
Manny Ramirez	LF	82	5	R	200	0.266304347826087	0.325	0.3641304347826087	0.3204286309096448	7.5	9.8	6	0.287	26.5	7.69	-1.5	-13.2	-0.9
Dave Nilsson	C	83	0	L	200	0.2126436781609195	0.2893401015228426	0.3160919540229885	0.2812885166403002	9.5	10.3	12	0.213	24.3	11.11	0	0.9	0.6
Wally Berger	LF	83	0	R	197	0.2571428571428571	0.310880829015544	0.4342857142857143	0.3366047899440193	6.6	13.1	12.2	0.272	31.1	64.29	0	1.22	1.827
Johnny Hayes	C	85	5	L	196	0.2874251497005988	0.3645833333333333	0.3532934131736527	0.3351194518634617	10.7	3	3.1	0.287	16.7	12.5	-1.84	-6.73	2.449
Jackie Brandt	CF	87	5	R	195	0.2325581395348837	0.2978723404255319	0.313953488372093	0.2893167730679367	6.7	5.8	0	0.247	25	40	-3.08	0.31	0
Thad Christopher	LF	87	5	L	195	0.287292817679558	0.3128205128205128	0.3701657458563536	0.3118244275200905	4.1	7.2	0	0.301	21.2	36.36	0.92	-3.69	1.538
Ozzie Smith	SS	79	0	S	192	0.2386363636363636	0.2819148936170213	0.3238636363636364	0.2816096502989099	5.2	4.5	0	0.249	26.2	36.36	2.81	5	2.5
Tim McCarver	C	68	5	L	191	0.235632183908046	0.2931937172774869	0.3850574712643678	0.3094536318656816	7.3	2.3	3.1	0.234	36.6	60	0	-1.88	2.827
Jake Peavy	P	83	5	R	188	0.1695906432748538	0.1978021978021978	0.1754385964912281	0.1788584499506841	3.2	22.2	0	0.212	3.4	0	0	2.23	-4.787
Mark Grace	1B	80	0	L	188	0.2427745664739884	0.2978723404255319	0.3583815028901734	0.3046372237771642	7.4	6.4	9.6	0.244	28.6	16.67	0	0.32	0.638
A.J. Burnett	P	86	0	R	184	0.12	0.1292134831460674	0.1257142857142857	0.1203494447070105	1.1	17.7	0	0.145	4.8	0	0	-1.3	-5.543
Rhett Lowder	P	87	0	R	183	0.09467455621301775	0.1091954022988506	0.09467455621301775	0.09825511480226203	1.6	22.5	0	0.12	0		0	0.33	-8.852
Rickey Henderson	LF	68	0	R	182	0.3006535947712418	0.3977900552486188	0.3529411764705883	0.359362955734553	14.3	13.1	6.6	0.331	8.7	0	0.99	0	3.626
Julio Franco	1B	78	0	R	180	0.3024691358024691	0.3555555555555556	0.382716049382716	0.3419900985502338	8.3	6.2	0	0.316	18.4	44.44	2.33	1.67	3
Randy Arozarena	LF	79	0	R	179	0.2732919254658385	0.3220338983050847	0.3416149068322981	0.3094069087914768	6.7	8.7	0	0.293	20.5	22.22	0	5.36	0.67
Bobby Bonds	RF	87	5	R	179	0.2026143790849673	0.303370786516854	0.2810457516339869	0.2795845941143593	12.8	15	0	0.235	25.8	50	3.02	3.02	2.011
Yasmani Grandal	C	79	0	S	178	0.2193548387096774	0.3089887640449438	0.2451612903225806	0.2568700059219898	11.2	7.1	0	0.233	8.8	33.33	0	-3.37	-0.337
Ray Dandridge	3B	88	1	R	178	0.28125	0.3176470588235294	0.39375	0.326800097880903	5.1	3.8	6.7	0.281	24.4	27.27	-1.69	0.34	2.697
Walter Johnson	P	86	0	R	176	0.3161290322580645	0.3554216867469879	0.3806451612903226	0.3417716592703207	5.7	10.3	0	0.35	12.2	66.67	0	-10.91	2.045
Phil Niekro	P	86	5	R	174	0.21875	0.2544378698224852	0.225	0.2300138983515006	4	12.5	0	0.248	2.9	0	0	1.03	-1.724
Dale Murphy	CF	88	0	R	173	0.3229813664596273	0.3699421965317919	0.4037267080745341	0.3583956142521287	6.9	8.7	6.9	0.345	15.4	12.5	0	4.51	5.202
Elmer Rodriguez	P	89	5	L	172	0.2073170731707317	0.2261904761904762	0.2439024390243902	0.2202287536568734	1.7	16.5	0	0.248	17.6	0	0	1.74	-0.698
Red Rolfe	3B	87	0	L	166	0.2091503267973856	0.2650602409638554	0.2941176470588235	0.2596025874193368	6.6	5.2	0	0.219	28.1	44.44	0	3.25	-1.446
Smoky Joe Wood	LF	87	0	R	165	0.2302631578947368	0.2578616352201258	0.3421052631578947	0.2716417894571724	3	10.5	3.6	0.25	34.3	25	0	-1.82	-2.182
Quincy Trouppe	C	84	0	S	164	0.1654676258992806	0.2402597402597403	0.223021582733813	0.2261104277652245	7.9	9.4	3.7	0.175	21.7	20	0	-1.46	-2.195
Max Manning	P	87	0	R	163	0.1830065359477124	0.2025316455696203	0.1830065359477124	0.1842208133505668	0.6	18.3	0	0.222	0		0	-0.74	-4.417
Leroy Morney	SS	83	0	S	160	0.2482758620689655	0.261437908496732	0.2896551724137931	0.2509016684300324	1.9	5.5	3.8	0.25	8.3	33.33	-4.12	0	-0.375
Shane Reynolds	P	81	5	R	159	0.1862068965517241	0.2052980132450331	0.2137931034482759	0.1963359857149106	1.9	17.9	0	0.223	11.1	33.33	0	-0.75	-1.887
Brian Dozier	2B	88	5	R	159	0.296551724137931	0.3375796178343949	0.3586206896551724	0.3239891805938983	6.3	5.5	0	0.309	18.6	12.5	-1.89	5.66	3.774
Ernie Banks	SS	83	5	R	157	0.2302158273381295	0.2993630573248408	0.3884892086330936	0.3128606625076804	8.3	10.1	11.5	0.232	43.8	14.29	0	3.44	2.675
Bobby Witt Jr.	SS	83	0	R	156	0.2517006802721088	0.2838709677419355	0.3197278911564626	0.2805177685630454	3.8	6.1	3.8	0.261	13.5	60	4.62	2.69	3.462
Howie Kendrick	1B	88	5	R	154	0.2937062937062937	0.3116883116883117	0.4125874125874126	0.3261067662387359	3.9	4.2	7.8	0.286	26.2	18.18	0	1.95	2.338
Kid Elberfeld	2B	82	5	R	153	0.1914893617021277	0.2483660130718954	0.2198581560283688	0.2270896158770416	6.5	5.7	0	0.201	11.1	33.33	-1.96	3.53	-1.569
Sean Newcomb	P	89	0	L	152	0.1428571428571428	0.1655172413793103	0.1714285714285714	0.1600327170289075	2	16.4	3.9	0.162	10	0	0	-1.18	-4.737
Carson Williams	SS	87	1	R	151	0.2421875	0.3082191780821918	0.3671875	0.3108089402160561	7.3	10.9	4	0.256	32.3	40	-1.99	1.59	3.576
Hod Eller	P	86	0	R	149	0.2043795620437956	0.2183098591549296	0.2627737226277372	0.2219627642384311	2	22.6	8.1	0.245	14.3	0	0	3.22	-3.221
Edd Roush	CF	83	5	L	148	0.3208955223880597	0.3809523809523809	0.4701492537313433	0.3902789287545311	6.8	6.7	4.1	0.339	30.2	38.46	0	1.22	4.054
Michael King	P	82	0	R	147	0.2086330935251799	0.2222222222222222	0.2086330935251799	0.2030893842284	1.4	15.1	0	0.242	0		0	-6.94	-2.041
Steve Rogers	P	85	0	R	145	0.1386861313868613	0.1560283687943262	0.145985401459854	0.1438761760712917	2.1	15.3	0	0.162	5.3	0	0	-2.07	-5.793
Leroy Matlock	P	86	0	L	145	0.2406015037593985	0.2816901408450704	0.3383458646616541	0.2864960036986517	4.1	7.5	0	0.258	28.1	44.44	0	1.66	0
Otto Schomberg	1B	87	0	L	144	0.2307692307692308	0.2916666666666667	0.3384615384615385	0.2934487720890551	7.6	10.8	8.3	0.241	26.7	25	0	5	2.083
Norm Cash	1B	80	0	L	144	0.2619047619047619	0.3356643356643357	0.4126984126984127	0.3390349121077872	10.4	6.3	16.7	0.25	27.3	22.22	0	-6.25	1.667
Mark Fidrych	P	84	5	R	142	0.1153846153846154	0.1397058823529412	0.1153846153846154	0.124211037143895	2.8	24.6	0	0.15	0		0	-11.41	-7.606
Brent Mayne	C	67	0	L	141	0.2170542635658915	0.2624113475177305	0.2868217054263566	0.2533072737245013	5.7	14.7	0	0.248	28.6	12.5	0	-2.55	0
Casey Candaele	2B	71	0	S	140	0.2833333333333333	0.3669064748201439	0.425	0.3529854362249893	11.4	14.2	0	0.324	32.4	54.55	0	3.86	6
Jackie Bradley Jr.	CF	69	0	L	140	0.186046511627907	0.2446043165467626	0.2558139534883721	0.2352421389426866	6.4	11.6	0	0.211	33.3	12.5	-0.86	-3	-0.857
Todd Hundley	C	85	0	S	140	0.2857142857142857	0.3928571428571428	0.3277310924369748	0.3449541348813197	13.6	10.9	4.3	0.314	8.8	0	0	2.57	3.429
Moises Ballesteros	DH	84	0	L	139	0.2575757575757576	0.2877697841726619	0.3560606060606061	0.2937081047916436	3.6	9.8	8.6	0.271	23.5	12.5	0	-4.75	1.295
Red Rolfe	3B	87	5	L	137	0.2403100775193799	0.2846715328467153	0.3410852713178295	0.2911518148679801	5.8	4.7	8.8	0.24	25.8	12.5	-4.38	-3.5	-1.314
Bo Bichette	SS	83	5	R	134	0.25	0.291044776119403	0.3306451612903226	0.2857869122105133	5.2	5.6	9	0.248	16.1	20	-0.9	2.24	0.448
Garry Templeton	SS	78	0	S	134	0.3070866141732284	0.3282442748091603	0.4803149606299212	0.3636955250025568	1.5	4.7	0	0.322	33.3	69.23	1.34	8.06	4.478
Garret Anderson	CF	80	5	L	132	0.3307692307692308	0.3257575757575757	0.4230769230769231	0.3388391116248248	0	6.2	0	0.347	23.3	20	0	6.36	3.636
Rynie Wolters	P	79	0	R	132	0.3170731707317073	0.3255813953488372	0.5609756097560976	0.3882342653458304	1.5	7.3	9.1	0.322	41	62.5	0	0.45	5
Jesse Barnes	P	88	5	L	131	0.225	0.2419354838709677	0.275	0.2396249614834022	2.3	10.8	0	0.25	22.2	0	0	0	-0.458
Michael Harris II	CF	85	0	L	130	0.2916666666666667	0.3032786885245902	0.4	0.3216345799595118	0.8	9.2	9.2	0.308	20	28.57	-2.31	-2.31	0
Terry Puhl	RF	80	0	L	130	0.2869565217391304	0.3565891472868217	0.3565217391304348	0.3358963371253649	9.2	5.2	0	0.3	18.2	33.33	-2.31	0.92	2.308
Randy Jones	P	83	0	R	129	0.1565217391304348	0.1951219512195122	0.1652173913043478	0.1756514062930736	3.1	25.2	0	0.205	5.6	0	0	-10.23	-5.581
Luke Hamlin	P	84	0	L	126	0.1355932203389831	0.1570247933884298	0.1440677966101695	0.1448221459090784	1.6	16.9	0	0.163	6.2	0	-2.38	-3.33	-7.619
Luke Appling	SS	83	5	R	126	0.2905982905982906	0.3145161290322581	0.3675213675213675	0.3138625503645041	4	7.7	4.8	0.303	20.6	0	0	3.81	2.857
Brian Harper	C	83	0	R	123	0.2704918032786885	0.2682926829268293	0.3032786885245902	0.2628618127239276	0	2.5	0	0.275	12.1	0	0	-6.34	0
Brandon Sproat	P	88	5	R	121	0.1478260869565217	0.1596638655462185	0.1739130434782609	0.1553175527819026	1.7	13	0	0.167	17.6	0	0	-1.98	-5.455
Jimmy Johnston	2B	80	5	R	118	0.308411214953271	0.3559322033898305	0.4299065420560748	0.3586135930077868	7.6	1.9	0	0.308	30.3	30	0	0.51	4.068
Garret Anderson	CF	80	0	L	117	0.3063063063063063	0.3162393162393162	0.4324324324324325	0.334762507615998	2.6	8.1	20.5	0.297	17.6	0	0	1.54	2.564
Max Manning	P	87	5	R	116	0.1801801801801802	0.1801801801801802	0.2252252252252252	0.1860630415232499	0	17.1	5.2	0.209	15	0	0	3.1	-2.586
Leo Cardenas	SS	68	0	R	116	0.3027522935779817	0.3362068965517241	0.4220183486238532	0.3463270934621006	5.2	9.2	5.2	0.323	24.2	37.5	0	-3.1	3.621
Junior Spivey	2B	78	0	R	116	0.2075471698113208	0.2608695652173913	0.3207547169811321	0.2690054675485662	6	10.4	0	0.229	36.4	50	0	7.76	1.552
Dick Higham	RF	84	5	L	115	0.3486238532110092	0.3739130434782609	0.4220183486238532	0.35736938821402	4.3	5.5	0	0.365	21.1	0	3.13	3.13	5.217
Kevin Alcantara	CF	76	0	R	115	0.2135922330097087	0.2695652173913043	0.3203883495145631	0.2693998483568477	7.8	9.7	10.4	0.213	27.3	16.67	0	4.7	1.565
Bobby Witt Jr.	SS	83	5	R	115	0.3272727272727273	0.3391304347826087	0.4454545454545454	0.3516629840542914	1.7	7.3	5.2	0.34	22.2	37.5	-2.61	5.22	3.652
Griffin Jax	P	87	0	R	114	0.2	0.205607476635514	0.22	0.1954889666306627	0.9	18	0	0.23	10	0	0	-18.95	-5.789
Billy Shindle	SS	83	5	R	114	0.2761904761904762	0.2752293577981652	0.4761904761904762	0.3273358671073914	0.9	8.6	0	0.293	41.4	75	-1.05	5.26	1.053
Frankie Hayes	C	84	0	R	113	0.3092783505154639	0.3853211009174312	0.4020618556701031	0.3651808506781631	10.6	9.3	0	0.341	23.3	28.57	0	2.65	3.186
Rafael Palmeiro	1B	77	5	L	111	0.2450980392156863	0.2818181818181818	0.3235294117647059	0.2801482045770516	4.5	3.9	0	0.25	28	14.29	0	1.08	0.541
Mickey Vernon	1B	83	5	L	109	0.2843137254901961	0.3027522935779817	0.4509803921568628	0.3307396785157533	3.7	2.9	5.5	0.277	31	66.67	0	-2.75	2.202
Pete Alonso	1B	84	0	R	108	0.3106796116504854	0.3425925925925926	0.4077669902912621	0.3434936507038479	3.7	10.7	5.6	0.341	25	0	0	2.22	3.333
Roger Maris	RF	82	0	L	108	0.2173913043478261	0.287037037037037	0.3369565217391304	0.2820838431894909	10.2	5.4	5.6	0.209	30	50	-2.78	-2.78	-1.667
Jack Burdock	2B	87	5	R	108	0.2524271844660194	0.287037037037037	0.3300970873786408	0.2876146087539659	3.7	4.9	5.6	0.258	19.2	20	2.78	-6.11	1.111
Carlos May	LF	86	0	L	106	0.3195876288659794	0.3773584905660378	0.4123711340206185	0.3678039153631483	7.5	7.2	0	0.344	25.8	12.5	0	9.06	3.962
Otto Schomberg	1B	87	5	L	105	0.2872340425531915	0.3619047619047619	0.4148936170212766	0.3558906453050581	9.5	3.2	0	0.297	25.9	71.43	0	-2.29	2.286
Xavier Edwards	2B	80	0	S	104	0.303370786516854	0.3263157894736842	0.3932584269662922	0.3283244978869633	3.8	5.6	0	0.314	25.9	14.29	0	4.62	2.308
Henry Blanco	C	54	0	R	104	0.1630434782608696	0.2352941176470588	0.25	0.2207374686910032	8.7	6.5	0	0.172	26.7	100	0	-5.77	-1.731
Julio Lugo	SS	73	0	R	102	0.2282608695652174	0.2843137254901961	0.3369565217391304	0.2825039197568911	7.8	5.4	0	0.236	38.1	25	1.76	-1.18	1.176
Cal Raleigh	C	87	0	S	101	0.2025316455696203	0.3469387755102041	0.2405063291139241	0.2945733380028865	14.9	8.9	0	0.219	18.8	0	0	3.56	3.564
River Ryan	P	84	5	R	101	0.1827956989247312	0.2121212121212121	0.2258064516129032	0.2049915829593036	4	9.7	0	0.198	17.6	33.33	0	-2.97	-1.782
Dick Allen	3B	79	5	R	100	0.2068965517241379	0.29	0.2758620689655172	0.2621313963880681	10	12.6	0	0.231	27.8	20	0	6	-4.2
Bo Bichette	SS	83	0	R	99	0.25	0.2959183673469388	0.3152173913043478	0.2778590459780014	6.1	9.8	0	0.277	21.7	20	-3.03	-2.42	-0.606
MacKenzie Gore	P	87	0	L	98	0.1720430107526882	0.1979166666666667	0.1827956989247312	0.1821940271118393	3.1	20.4	0	0.216	6.2	0	0	-1.84	-3.061
Bob Elliott	3B	88	0	R	98	0.2696629213483146	0.3163265306122449	0.3820224719101123	0.3205467628022355	7.1	9	12.2	0.272	16.7	50	0	-0.61	1.224
Rhett Lowder	P	87	5	R	98	0.1538461538461539	0.1702127659574468	0.1758241758241758	0.1633866386714011	0	11	0	0.171	14.3	0	0	-2.45	-3.673
Jackie Robinson	2B	79	0	R	98	0.2588235294117647	0.2826086956521739	0.4470588235294118	0.3230830613069233	3.1	12.9	12.2	0.267	40.9	33.33	-3.06	6.12	4.898
Willie Stargell	1B	89	1	L	97	0.2777777777777778	0.3195876288659794	0.4	0.3266198180938976	5.2	6.7	12.4	0.277	24	16.67	0	-2.47	0
Nick Pivetta	P	84	0	R	95	0.1477272727272727	0.1666666666666667	0.1477272727272727	0.1508021474281117	2.1	19.3	0	0.183	0		0	-3.16	-3.789
Brendan Donovan	3B	81	0	L	95	0.2705882352941176	0.3085106382978723	0.3764705882352941	0.3086034818491402	5.3	8.2	6.3	0.275	30.4	0	0	-6.95	0.632
Bill Holland	P	87	0	S	94	0.1358024691358025	0.1931818181818182	0.1358024691358025	0.1665253800027293	5.3	11.1	0	0.151	0		0	-6.38	-5.745
Miguel Sano	3B	77	0	R	94	0.2873563218390804	0.3191489361702128	0.4597701149425287	0.3446245146905252	5.3	14.9	6.4	0.32	40	30	0	-1.28	-1.277
Roy Campanella	C	86	5	R	90	0.141025641025641	0.2444444444444444	0.1794871794871795	0.2103058449932486	12.2	10.3	0	0.155	27.3	0	2	0	-0.667
Duke Snider	CF	73	5	L	89	0.25	0.3146067415730337	0.35	0.3112848727912615	9	6.2	13.5	0.243	20	0	-3.37	3.37	1.348
Tommie Agee	CF	82	0	R	88	0.3372093023255814	0.3522727272727273	0.4534883720930232	0.3671344440473481	2.3	8.1	0	0.367	24.1	42.86	-3.41	3.41	3.409
Melky Cabrera	LF	78	0	S	88	0.2926829268292683	0.3333333333333333	0.4146341463414634	0.3379664574661514	5.7	8.5	0	0.32	25	66.67	-3.41	-3.41	2.045
Nico Hoerner	2B	76	0	R	86	0.2207792207792208	0.2823529411764706	0.2597402597402597	0.2431628505919801	8.1	5.2	0	0.23	17.6	0	2.09	-1.4	0
Brent Rooker	RF	86	0	R	85	0.2911392405063291	0.3176470588235294	0.3544303797468354	0.3096430052877583	4.7	5.1	0	0.299	21.7	0	0	-0.71	1.412
Herb Pennock	P	77	5	S	85	0.1375	0.1481481481481481	0.2125	0.1658044489870837	1.2	22.5	14.1	0.15	18.2	0	0	0	-3.529
Jed Lowrie	SS	80	0	S	85	0.2804878048780488	0.2976190476190476	0.4268292682926829	0.3274342367121604	2.4	6.1	0	0.299	39.1	33.33	0	-0.71	3.529
Owen Caissie	RF	78	0	L	85	0.3157894736842105	0.3614457831325301	0.5131578947368421	0.3954229321430377	7.1	15.8	28.2	0.328	29.2	0	0	0.71	4.941
Ed Morgan	RF	66	5	R	85	0.1216216216216216	0.2235294117647059	0.1891891891891892	0.2066223919730916	11.8	8.1	0	0.13	33.3	66.67	0	-3.53	-4.235
Mookie Betts	SS	85	0	R	83	0.25	0.2682926829268293	0.3625	0.2839581841892519	2.4	6.2	14.5	0.247	25	0	2.17	2.17	0.723
Gleyber Torres	2B	84	0	R	83	0.2467532467532468	0.2926829268292683	0.3116883116883117	0.2834293289840418	6	9.1	0	0.271	15.8	66.67	-3.61	-2.89	-2.169
Paul Konerko	1B	82	1	R	83	0.3378378378378378	0.3855421686746988	0.3918918918918919	0.3616457277955769	8.4	8.1	7.2	0.348	8	0	0	0.72	3.614
Ed Walsh	P	87	0	R	82	0.1923076923076923	0.2025316455696203	0.2564102564102564	0.21062801358641	1.2	17.9	0	0.234	26.7	25	0	-0.73	-1.463
Ken Forsch	P	87	0	R	82	0.1216216216216216	0.1645569620253164	0.1216216216216216	0.1430490203156785	4.9	18.9	0	0.148	0		0	-5.85	-6.585
Tom Herr	2B	58	0	S	82	0.2898550724637681	0.379746835443038	0.3333333333333333	0.3334374071254465	9.8	10.1	0	0.323	10	50	-3.66	5.85	1.463
Ian Happ	LF	79	0	S	80	0.1971830985915493	0.2597402597402597	0.2394366197183098	0.2410465042858243	7.5	12.7	0	0.226	14.3	50	0	0	-3.75
Red Murray	RF	84	0	R	80	0.2567567567567567	0.2948717948717949	0.3243243243243243	0.2899750289766868	2.5	4.1	0	0.268	21.1	25	-1.5	-3.75	0
Robby Snelling	P	81	5	R	80	0.1643835616438356	0.1621621621621622	0.1780821917808219	0.1564580205460165	0	13.7	0	0.188	8.3	0	0	4.5	-3.75
Ray Durham	2B	76	4	S	80	0.2205882352941176	0.3076923076923077	0.25	0.273787689446891	10	11.8	0	0.246	13.3	0	0	6	0
David Dahl	CF	75	0	L	80	0.4210526315789473	0.4375	0.6052631578947368	0.4608440860750481	2.5	5.3	0	0.438	31.2	40	2.25	-7.5	7.5
Teddy Higuera	P	89	5	S	78	0.08333333333333333	0.1081081081081081	0.08333333333333333	0.09524855965036594	2.6	23.6	0	0.109	0		0	-6.92	-8.462
Sandy Consuegra	P	85	0	R	77	0.1506849315068493	0.1578947368421053	0.1506849315068493	0.1444732627531364	1.3	23.3	0	0.19	0		0	-4.68	-5.455
Arky Vaughan	LF	75	5	L	77	0.2112676056338028	0.2597402597402597	0.2676056338028169	0.2488117711840952	6.5	4.2	0	0.217	20	33.33	0	-7.01	-1.558
Pinky Whitney	3B	82	1	R	76	0.25	0.28	0.3194444444444444	0.2784736220491403	2.6	5.6	0	0.265	16.7	66.67	0	3.95	2.368
Mitchell Murray	C	88	5	R	76	0.208955223880597	0.2666666666666667	0.2686567164179104	0.252730899428686	7.9	13.4	0	0.233	21.4	33.33	0	-12.63	-1.579
Rickey Henderson	LF	68	5	R	76	0.2686567164179104	0.3421052631578947	0.3432835820895522	0.3243179962602997	9.2	11.9	7.9	0.288	16.7	0	-3.95	10.26	0.789
Robby Snelling	P	81	0	R	74	0.1111111111111111	0.1095890410958904	0.1111111111111111	0.1021338529065045	0	15.3	0	0.129	0		0	2.43	-6.486
Rudy May	P	82	0	L	73	0.1538461538461539	0.1666666666666667	0.1692307692307692	0.1582156543728712	1.4	24.6	0	0.204	10	0	0	2.47	-4.11
Mickey Tettleton	C	69	0	S	73	0.1940298507462687	0.2602739726027397	0.2835820895522388	0.2592600320078156	6.8	13.4	8.2	0.211	30.8	0	0	-9.04	-1.644
Buck Herzog	SS	83	0	R	72	0.2058823529411765	0.2058823529411765	0.3382352941176471	0.2440984118868713	0	5.9	8.3	0.206	42.9	16.67	-4.17	1.67	-0.833
Hod Lisenbee	P	88	0	R	72	0.1451612903225807	0.1791044776119403	0.1451612903225807	0.1592708847459159	0	27.4	0	0.191	0		0	-8.33	-5.833
Jack Kramer	P	89	5	R	71	0.1230769230769231	0.1343283582089552	0.1230769230769231	0.1221500559092956	1.4	23.1	0	0.157	0		0	-11.83	-10.141
Danny Jansen	C	88	5	R	71	0.2166666666666667	0.2898550724637681	0.2666666666666667	0.259244256209362	9.9	10	0	0.232	15.4	50	0	3.38	1.69
Doc Wiley	C	82	0	R	71	0.2318840579710145	0.2535211267605634	0.2463768115942029	0.2290580233605802	2.8	13	0	0.267	6.2	0	0	2.54	-1.69
Jim McDonald	P	86	0	R	70	0.06349206349206349	0.078125	0.06349206349206349	0.06962762679430301	1.4	30.2	0	0.091	0		0	0.86	-6.857
Hunter Goodman	C	79	0	R	69	0.2063492063492063	0.2463768115942029	0.2857142857142857	0.2469902563720243	5.8	12.7	8.7	0.214	23.1	0	0	-0.87	0
Daulton Varsho	CF	81	0	L	69	0.2419354838709677	0.3188405797101449	0.3225806451612903	0.2846217706341823	10.1	9.7	0	0.268	20	66.67	-4.35	7.83	0.87
Drake Baldwin	C	74	0	L	68	0.253968253968254	0.2794117647058824	0.3492063492063492	0.2861064577646926	2.9	12.7	0	0.281	31.2	20	0	0	0.882
Jake Peavy	P	83	0	R	68	0.15	0.171875	0.1833333333333333	0.1666505303748518	1.5	30	0	0.205	22.2	0	0	0	-3.529
Tim Jordan	1B	83	5	L	68	0.3220338983050847	0.4029850746268657	0.4915254237288136	0.4094043077001819	10.3	5.1	0	0.339	42.1	25	0	-1.76	4.412
Kyle Harrison	P	87	0	R	67	0.1311475409836066	0.1428571428571428	0.180327868852459	0.148574492331736	0	19.7	0	0.16	25	50	0	-4.48	-7.164
Jeff McNeil	2B	65	0	L	67	0.2461538461538462	0.2686567164179104	0.3230769230769231	0.2662361285014886	3	10.8	0	0.276	25	25	2.69	0.9	-0.896
Jason Giambi	1B	82	0	L	67	0.2622950819672131	0.303030303030303	0.360655737704918	0.3053131599921995	6	9.8	0	0.286	31.2	20	0	-8.06	-0.896
Julio Teheran	P	79	5	R	66	0.1333333333333333	0.171875	0.1333333333333333	0.1511479963387606	3	21.7	0	0.167	0		0	3.64	-5.455
Vic Power	1B	76	0	R	66	0.3125	0.3230769230769231	0.484375	0.3658848548178921	0	1.6	18.2	0.295	30	16.67	0	6.36	3.636
Shota Imanaga	P	76	0	L	65	0.06349206349206349	0.07692307692307693	0.07936507936507936	0.07462161141505193	1.5	22.2	0	0.08	25	0	0	0	-7.385
Framber Valdez	P	81	0	L	65	0.1666666666666667	0.1746031746031746	0.1666666666666667	0.1600134859321973	0	21.7	0	0.204	0		0	0	-2.769
Mack Jones	LF	84	0	L	64	0.2586206896551724	0.3174603174603174	0.3793103448275862	0.3240707243300785	6.2	5.2	9.4	0.259	26.7	25	-4.69	3.75	-0.938
Andre Thornton	1B	89	5	R	64	0.3220338983050847	0.3650793650793651	0.423728813559322	0.3649042714401505	6.2	8.5	9.4	0.34	15.8	33.33	0	1.87	1.875
Matt Chapman	3B	73	0	R	61	0.3018867924528302	0.3770491803278688	0.3584905660377358	0.333834595962783	11.5	5.7	0	0.314	12.5	50	0	-11.8	3.934
Larry Doyle	2B	85	0	L	61	0.2068965517241379	0.2	0.293103448275862	0.2179332117258092	0	5.2	0	0.211	25	66.67	0	1.97	-3.934
Bob Elliott	3B	88	1	R	61	0.3018867924528302	0.3934426229508197	0.3962264150943396	0.3675990402748515	11.5	0	9.8	0.288	18.8	0	0	10.82	4.918
Sam Leslie	1B	88	5	L	60	0.2333333333333333	0.2333333333333333	0.2666666666666667	0.2299441550062936	0	10	0	0.259	7.1	100	0	0	-3
Billy Herman	2B	88	1	R	60	0.3773584905660378	0.4406779661016949	0.5283018867924528	0.443329584146041	8.3	0	0	0.377	35	14.29	-5	7	8
Manny Ramirez	LF	82	0	R	60	0.2363636363636364	0.3	0.3272727272727273	0.28054584289643	8.3	12.7	0	0.271	38.5	0	0	-6	0
Julio Rodriguez	CF	85	0	R	59	0.2264150943396226	0.2807017543859649	0.2830188679245283	0.2673697025784001	6.8	17	0	0.273	16.7	50	0	3.05	3.051
Goose Curry	C	83	0	L	59	0.3137254901960784	0.3636363636363636	0.3529411764705883	0.3377040372893316	6.8	5.9	0	0.333	6.2	100	0	3.05	2.034
Eury Perez	P	76	0	R	58	0.1428571428571428	0.1578947368421053	0.1607142857142857	0.1504963223344875	1.7	21.4	0	0.182	12.5	0	0	1.03	-7.241
Gavin Williams	P	83	0	L	58	0.1509433962264151	0.1666666666666667	0.169811320754717	0.1588572291308479	1.7	17	0	0.182	12.5	0	0	-5.17	-8.276
Shane Bieber	P	85	0	R	58	0.2181818181818182	0.2280701754385965	0.2181818181818182	0.2089813925791267	1.7	16.4	0	0.255	0		0	-9.31	-4.138
Jake Stahl	1B	86	5	R	58	0.2641509433962264	0.2758620689655172	0.4339622641509434	0.308527580512613	3.4	17	0	0.298	35.7	80	0	-2.07	1.034
Hunter Dozier	3B	79	0	R	58	0.1964285714285714	0.2241379310344828	0.2857142857142857	0.2359033835157882	3.4	12.5	10.3	0.208	18.2	50	0	2.07	-2.069
Dave Brown	P	89	5	L	58	0.1481481481481481	0.1785714285714286	0.1481481481481481	0.1597355228916554	1.7	11.1	0	0.167	0		0	0	-6.207
Devin Mesoraco	C	82	0	R	58	0.3137254901960784	0.3448275862068966	0.4705882352941176	0.3631610019369474	6.9	7.8	20.7	0.292	25	0	0	-2.07	5.172
Carlos Zambrano	P	84	0	S	58	0.2745098039215687	0.2909090909090909	0.4509803921568628	0.3275606056925255	3.4	15.7	10.3	0.295	35.7	40	0	-3.1	4.138
Mack Jones	LF	84	5	L	55	0.25	0.3333333333333333	0.3125	0.3098053901245681	9.1	10.4	0	0.279	16.7	50	0	13.09	3.273
Lyn Lary	SS	81	0	R	55	0.2222222222222222	0.3518518518518519	0.2888888888888889	0.3151396787067591	16.4	2.2	0	0.227	20	50	-5.45	-1.09	2.182
John Jaha	1B	82	5	R	54	0.3095238095238095	0.462962962962963	0.3571428571428572	0.3946265825763741	22.2	16.7	0	0.371	15.4	0	0	-5.56	4.444
Tony Perez	3B	82	0	R	54	0.1764705882352941	0.2222222222222222	0.2941176470588235	0.2417710291142212	3.7	2	22.2	0.146	22.2	0	0	4.44	2.222
Brian McRae	CF	84	0	S	53	0.2708333333333333	0.3207547169811321	0.375	0.320009768094842	7.5	8.3	0	0.289	30.8	25	0	9.06	1.132
Ossie Bluege	3B	89	1	R	53	0.2826086956521739	0.3773584905660378	0.3695652173913043	0.3544147468941414	11.3	4.3	0	0.295	23.1	33.33	0	9.06	6.792
Chris Hammond	P	89	0	L	53	0.1	0.1	0.1	0.09319714077718533	0	32	0	0.147	0		0	-2.26	-1.132
Frank Howard	LF	81	0	R	53	0.26	0.3018867924528302	0.38	0.3056080530427165	3.8	10	0	0.289	30.8	50	0	-5.66	-1.132
Preacher Roe	P	85	0	R	52	0.2083333333333333	0.24	0.2083333333333333	0.2155255809042899	3.8	20.8	0	0.263	0		0	-6.92	-1.154
Sandy Leon	C	72	0	S	52	0.32	0.3461538461538461	0.44	0.3538751193898879	3.8	10	11.5	0.341	25	0	0	-23.08	2.308
Adrian Morejon	P	89	0	L	51	0.148936170212766	0.163265306122449	0.2127659574468085	0.1730036436226257	2	14.9	11.8	0.15	14.3	0	0	-8.24	0
Wally Bunker	P	82	0	R	51	0.25	0.28	0.2916666666666667	0.2677854290465973	3.9	20.8	0	0.316	8.3	100	0	-16.47	-1.176
Ed Morgan	RF	66	0	R	51	0.3170731707317073	0.4166666666666667	0.5609756097560976	0.4374641105800536	13.7	9.8	0	0.351	46.2	66.67	0	0	5.882
Hal Brown	P	84	0	R	50	0.04347826086956522	0.06382978723404255	0.04347826086956522	0.05585273088411918	0	15.2	0	0.051	0		0	1.2	-13.2
Hector Lopez	LF	85	0	R	50	0.1904761904761905	0.2444444444444444	0.2619047619047619	0.2303961915688293	6	7.1	12	0.184	12.5	0	0	4.8	-3.6
Heinie Zimmerman	3B	82	0	R	49	0.2765957446808511	0.2857142857142857	0.3404255319148936	0.2854530000713617	2	6.4	0	0.289	15.4	50	0	-1.22	1.224
Joe Morgan	2B	65	0	L	49	0.2857142857142857	0.3673469387755102	0.2857142857142857	0.3174153427704105	12.2	2.4	0	0.286	0		0	-9.8	1.224
Specs Toporcer	SS	77	0	L	49	0.3043478260869565	0.3265306122448979	0.4565217391304348	0.3420264082169147	4.1	6.5	0	0.318	28.6	75	-6.12	6.12	2.449
Dylan Lee	P	89	0	L	48	0.1162790697674419	0.1555555555555556	0.1162790697674419	0.1366505568581587	2.1	20.9	0	0.147	0		0	-2.5	-2.5
Ron Northey	RF	83	5	L	48	0.2093023255813954	0.2916666666666667	0.2325581395348837	0.2488321113208847	10.4	11.6	0	0.237	11.1	0	0	1.25	0
Tyler Clippard	P	88	0	R	48	0.2045454545454546	0.25	0.2272727272727273	0.2291599958457399	4.2	25	0	0.265	11.1	0	0	1.25	0
Carlos Zambrano	P	84	5	S	48	0.2826086956521739	0.2826086956521739	0.391304347826087	0.3071564729277775	0	17.4	12.5	0.324	23.1	0	0	-2.5	-1.25
Ed Walsh	P	87	5	R	47	0.2142857142857143	0.2222222222222222	0.2619047619047619	0.2200999646217916	2.1	11.9	0	0.231	22.2	0	0	-1.28	0
Gene Richards	LF	65	0	L	46	0.09090909090909091	0.108695652173913	0.1136363636363636	0.105443581347356	2.2	9.1	0	0.098	25	0	10.43	0	-7.826
Mickey Moniak	LF	80	0	L	44	0.2926829268292683	0.3023255813953488	0.5609756097560976	0.378010874093301	2.3	9.8	27.3	0.278	41.7	40	0	2.73	4.091
Spencer Strider	P	87	0	R	44	0.1707317073170732	0.2045454545454546	0.1707317073170732	0.1821185880491102	2.3	31.7	0	0.241	0		0	-10.91	-2.727
Fats Jenkins	LF	86	0	L	44	0.2857142857142857	0.3181818181818182	0.3809523809523809	0.3213254782704894	4.5	0	0	0.286	16.7	100	-6.82	2.73	1.364
JR Ritchie	P	80	5	R	44	0.186046511627907	0.186046511627907	0.2093023255813954	0.1825583230073909	0	2.3	0	0.19	12.5	0	0	-5.45	-4.091
Ivan Rodriguez	C	76	5	R	44	0.2432432432432433	0.3636363636363636	0.3783783783783784	0.3495012696924738	15.9	13.5	0	0.281	33.3	66.67	0	0	5.455
Wade Boggs	3B	74	0	L	44	0.2121212121212121	0.3863636363636364	0.303030303030303	0.3414133551266734	20.5	9.1	0	0.226	42.9	0	0	-16.36	2.727
Carden Gillenwater	CF	81	0	R	43	0.15	0.1666666666666667	0.2	0.1692520043967872	2.3	2.5	0	0.15	33.3	0	0	2.79	-4.186
Payton Tolle	P	80	0	L	41	0.2051282051282051	0.2195121951219512	0.2307692307692308	0.2092265944650192	2.4	12.8	0	0.229	12.5	0	0	-8.78	-4.39
Bill Holland	P	87	5	S	41	0.2564102564102564	0.275	0.2564102564102564	0.2511999140366629	2.4	10.3	0	0.286	0		0	1.46	-2.927
River Ryan	P	84	0	R	41	0.1428571428571428	0.1842105263157895	0.2	0.1817077700168734	4.9	8.6	0	0.152	40	0	0	-1.46	-4.39
Jim Brewer	P	78	0	L	41	0.02564102564102564	0.07317073170731707	0.02564102564102564	0.05905827872023725	2.4	30.8	0	0.037	0		0	0	-1.463
Muddy Ruel	C	78	0	R	40	0.3428571428571429	0.425	0.5142857142857142	0.4286123700423337	10	5.7	0	0.364	33.3	50	0	-6	9
Charlie Hayes	3B	77	0	R	40	0.2777777777777778	0.2972972972972973	0.2777777777777778	0.27156747463423	2.5	19.4	0	0.345	0		4.5	3	-1.5
Wilbert Robinson	C	77	0	R	40	0.2894736842105263	0.325	0.3684210526315789	0.3108526714859747	5	10.5	0	0.324	18.2	50	0	-3	1.5
Dave Brown	P	89	1	L	40	0.1351351351351351	0.1538461538461539	0.1621621621621622	0.1482660551218007	2.5	10.8	0	0.147	20	0	0	-1.5	-6
Jim Kaat	P	87	5	L	40	0.1944444444444444	0.2307692307692308	0.2777777777777778	0.2349506334186635	5	8.3	0	0.206	42.9	0	0	0	0
Jim Dyck	3B	82	0	R	39	0.1470588235294118	0.2368421052631579	0.1470588235294118	0.1992891308908206	10.3	8.8	0	0.161	0		0	0	-3.077
Pat Neshek	P	85	0	S	39	0.08108108108108109	0.1052631578947368	0.08108108108108109	0.09274201860693525	2.6	37.8	0	0.13	0		0	-7.69	0
Marcell Ozuna	DH	78	0	R	38	0.1212121212121212	0.1666666666666667	0.1515151515151515	0.1549635340479543	5.3	12.1	0	0.133	25	0	0	0	-6.316
Dave Stieb	P	65	5	R	38	0.06060606060606061	0.08823529411764706	0.06060606060606061	0.07624192056740253	2.6	24.2	0	0.08	0		0	-6.32	-12.632
Jimmie Lyons	LF	72	0	L	38	0.3611111111111111	0.3947368421052632	0.3611111111111111	0.347132723913029	5.3	11.1	0	0.406	0		9.47	-6.32	3.158
George Altman	RF	84	0	L	38	0.1944444444444444	0.2105263157894737	0.2222222222222222	0.2012189201393141	2.6	13.9	0	0.219	14.3	0	0	0	-6.316
Jake Beckley	1B	85	0	L	37	0.1428571428571428	0.1891891891891892	0.2	0.1866187908281403	5.4	11.4	0	0.161	40	0	0	-19.46	-4.865
Walt Masterson	P	82	5	R	37	0.1388888888888889	0.1351351351351351	0.1666666666666667	0.1365971261081689	0	22.2	0	0.172	20	0	0	0	-6.486
Hector Lopez	LF	85	5	R	37	0.2727272727272727	0.3513513513513514	0.3939393939393939	0.349194741390251	10.8	3	16.2	0.258	22.2	0	0	1.62	4.865
Judy Johnson	3B	79	0	R	36	0.3636363636363636	0.4166666666666667	0.4545454545454545	0.393814516556367	8.3	9.1	0	0.4	16.7	50	0	-15	6.667
C.J. Wilson	P	87	0	L	36	0.1142857142857143	0.1388888888888889	0.1142857142857143	0.1237824476343165	2.8	22.9	0	0.148	0		0	0	-5
Sam Bennett	CF	81	0	R	34	0.3103448275862069	0.4117647058823529	0.3793103448275862	0.3769890689109571	14.7	6.9	0	0.333	22.2	0	0	7.06	3.529
Dolph Camilli	1B	76	0	L	33	0.3214285714285715	0.4242424242424243	0.5357142857142857	0.4362890153563312	15.2	10.7	18.2	0.333	33.3	33.33	0	0	10.909
George Zettlein	P	87	5	R	33	0.1785714285714286	0.2580645161290323	0.2142857142857143	0.2345740054680033	6.1	17.9	0	0.217	20	0	0	0	-1.818
Lou Whitaker	2B	77	0	L	33	0.15625	0.15625	0.21875	0.1702603216607885	0	6.2	0	0.167	40	0	0	14.55	-3.636
Sam Leslie	1B	88	1	L	32	0.1785714285714286	0.2580645161290323	0.2857142857142857	0.2587368955187022	6.2	3.6	0	0.185	40	50	0	3.75	0
Bill Handy	2B	80	0	R	32	0.2692307692307692	0.3214285714285715	0.2692307692307692	0.2850130293535333	6.2	7.7	0	0.292	0		0	3.75	1.875
Willie Mays Aikens	1B	85	0	L	32	0.2580645161290323	0.25	0.3548387096774194	0.2712771081728917	0	9.7	18.8	0.25	12.5	0	0	-1.88	0
David Wells	P	77	0	L	32	0.03333333333333333	0.06451612903225806	0.03333333333333333	0.05461635302521768	0	20	0	0.042	0		0	-1.88	-13.125
Luis Arraez	2B	80	0	L	31	0.3448275862068966	0.3666666666666666	0.3793103448275862	0.3480744396203165	3.2	13.8	0	0.4	10	0	0	3.87	1.935
Fernando Tatis Jr.	RF	83	0	R	31	0.1724137931034483	0.1666666666666667	0.1724137931034483	0.1553285679619756	0	10.3	0	0.185	0		0	0	-3.871
Miguel Vargas	3B	83	0	R	31	0.103448275862069	0.1612903225806452	0.103448275862069	0.1371767480906942	6.5	13.8	0	0.12	0		0	3.87	-5.806
Bob Veale	P	89	5	S	31	0.1333333333333333	0.1333333333333333	0.1333333333333333	0.1242628543695805	0	6.7	0	0.143	0		0	-7.74	-3.871
Mark Grace	1B	80	5	L	31	0.25	0.2580645161290323	0.25	0.2339381399403533	3.2	10.7	0	0.259	0		0	-13.55	-1.935
Dennis Martinez	P	85	0	R	31	0.1785714285714286	0.1785714285714286	0.1785714285714286	0.1664234656735452	0	21.4	0	0.227	0		0	-5.81	-1.935
Sammy Hale	3B	78	0	R	30	0.4230769230769231	0.4230769230769231	0.5384615384615384	0.4382681424694244	0	0	0	0.423	18.2	50	0	6	6
Ray Brown	P	85	5	S	30	0.2692307692307692	0.3448275862068966	0.3076923076923077	0.313892549406548	10	3.8	0	0.28	14.3	0	0	0	2
Carlos Lagrange	P	84	0	R	30	0.2	0.2	0.2333333333333333	0.1995355024591367	0	13.3	0	0.231	16.7	0	0	-10	2
Jim O&#39;Toole	P	87	0	S	30	0.1379310344827586	0.1379310344827586	0.1379310344827586	0.1285477803823246	0	13.8	0	0.16	0		0	0	-6