# CAP key=bronzequick__20260313 role=hit label=Bronze Quick type=Quick env=current variants=all_cards obsval=40-69 minIP=null minPA=30 dates=2026-07-05..2026-07-19 recordsTotal=440 rows=440
Name	POS	VAL	VLvl	Hand	PA	AVG	OBP	SLG	wOBA	BBpct	SOpct	HR600	BABIP	XBHpct	3B/XBH	wSB600	UBR600	WAR600
Giancarlo Stanton	RF	69	0	R	29009	0.2337671997024916	0.2821609687101114	0.4249163257716623	0.3087899494735892	5.8	31.1	26.8	0.286	39.5	2.78	-0.26	-2.76	1.08
Jackie Bradley Jr.	CF	69	0	L	26599	0.2217897238384004	0.2780225159079784	0.3347127755469966	0.2732110674936767	6.8	24.9	8.8	0.277	33.8	8.26	2.51	2.2	0.959
Felipe Lopez	SS	68	0	S	25893	0.2488250984376985	0.3048681305913791	0.400482662263432	0.310262729753345	7.1	22.3	16.3	0.29	34.5	7.34	-0.19	0.85	1.627
Juan Uribe	SS	66	0	R	21377	0.24462890625	0.2660003753753754	0.39814453125	0.2878460594755921	2.5	24	13.7	0.297	34.4	25.83	-0.06	1.61	3.208
Tim McCarver	C	68	0	L	21174	0.2656257998464295	0.3132530120481928	0.4174046583056053	0.3190841838587312	6.1	9.8	10	0.277	33.2	31.14	-0.45	-0.02	4.024
Matty Alou	CF	69	0	L	20913	0.2954941116231439	0.3327591157048521	0.4013824884792627	0.3224095766458178	5	8.4	1.8	0.317	30.2	11.29	-0.19	2.48	2.137
Justin Smoak	1B	69	0	S	20907	0.2393966946568968	0.3123444976076555	0.3976573781890143	0.3142381621789079	9.2	22.3	21.1	0.268	32.8	1.36	-0.04	-3.59	1.217
Dave Brain	3B	68	0	R	19695	0.2515584694754944	0.2830706659888155	0.4585662080825452	0.3203668433460062	3.8	21.8	26.4	0.275	41.1	10.19	0.06	0.96	3.534
Leo Cardenas	SS	68	0	R	17733	0.2573648228713487	0.317400158388958	0.4001864512119329	0.3161135976599592	7.8	23.7	12.3	0.314	31.2	21.52	-0.12	-0.02	3.85
Dave Harris	LF	67	0	R	17226	0.2412451361867704	0.3106762187663813	0.4330739299610895	0.3249476297184692	8.8	23.7	20.9	0.276	41.5	13.88	-0.3	0.26	1.041
Jackie Robinson	3B	68	0	R	16846	0.2222370350619917	0.2967753472015259	0.32295693907479	0.2797178171854803	9.1	12.6	11.4	0.233	23.8	9.81	-0.37	1.37	1.389
Bill Buckner	LF	64	0	L	16400	0.2971295577967417	0.327392578125	0.4290793897077838	0.3304618440855633	4	7.7	8.2	0.308	32.8	5.84	0.37	2.41	2.33
Jimmy Rollins	SS	69	0	S	15139	0.2509125419769309	0.3117433013562686	0.4278726821433786	0.3234091914472284	7.8	14.5	19.8	0.259	38.3	8.12	0.92	1.86	4.633
Rick Monday	CF	69	0	L	14896	0.2249262536873156	0.2860407285435849	0.4009587020648968	0.3020056623980298	7.5	31	23.9	0.277	36.6	7.62	-0.35	1.18	0.544
John Olerud	1B	68	0	L	14647	0.2495776378436492	0.3240399070657373	0.3870373214559976	0.3155332825725364	9.6	16.7	13.6	0.274	33.8	2.55	-0.02	-3.15	1.438
Hyun-soo Kim	LF	68	0	L	13347	0.2468135392926479	0.3231936307646087	0.3297881320165443	0.2951204245714882	9.6	18.7	1.1	0.299	30.8	3.67	-0.12	-3.57	0.031
Craig Reynolds	SS	68	0	L	12563	0.2568324855590999	0.2925919922191603	0.3477886024657298	0.2827841727794249	4.5	12.8	4.4	0.285	23.9	22.33	-0.52	-0.21	1.944
Jackie Bradley Jr.	CF	69	5	L	11665	0.2367381489841986	0.2970050630738866	0.3627727614747931	0.2929862270504998	7.4	23.2	9.7	0.289	35.6	7.71	2.37	2.85	2.032
Chris Cannizzaro	C	65	0	R	11517	0.2575996841689696	0.3351653144900986	0.3670548756415318	0.3142988495451834	10	16.4	10.2	0.288	25.3	8.64	-0.1	-1.57	2.152
Cy Williams	RF	69	0	L	11275	0.239601640304628	0.299928989881058	0.383518843975786	0.3022118592424354	7.6	17	21	0.251	26.9	3.94	-0.11	-2.51	-0.367
Mickey Tettleton	C	69	0	S	11208	0.2234363617441981	0.3269059096589895	0.3636174419814757	0.3108511135286728	13	31.3	16.8	0.288	32	4.95	-0.03	-2.76	0.755
Dustin Pedroia	2B	66	5	R	11066	0.2584557735923479	0.3091534008683068	0.3915787397692535	0.3084984350612492	6.5	10.5	9.5	0.271	35.9	6.06	0.12	1.5	3.378
Tony Fernandez	2B	65	0	S	10112	0.2621430829206617	0.2953934931847577	0.3785691707933832	0.2960513595251256	4.2	11.6	11	0.278	29.2	0.96	-0.5	2.8	2.913
Larry Gardner	3B	68	0	L	9798	0.2627620783956244	0.3320708363189682	0.3730628988149499	0.3133979146726125	8.9	10.4	3.2	0.287	29.4	27.43	-0.48	-0.62	2.388
Byron Buxton	CF	64	0	R	9585	0.2531645569620253	0.2920168067226891	0.3915089055673799	0.2997495492414685	4.7	24.1	10.5	0.313	37.1	7.39	1.55	4.56	1.934
Felipe Lopez	SS	68	5	S	9360	0.2553241836251774	0.3173940949935815	0.4180075721722669	0.3227688456608481	7.9	20.6	17.8	0.288	35.3	7.62	-0.03	0.26	2.558
Jonathan Schoop	2B	67	0	R	8729	0.2672297710858122	0.3071191103977989	0.4439955930958502	0.3274461394903636	5.1	21.7	22.8	0.303	35.6	0.51	-0.1	-2.3	3.341
Dustin Pedroia	2B	66	0	R	8706	0.253221010901883	0.2974217311233886	0.3789643211100099	0.2979089533563377	5.7	11.6	8.5	0.271	35.9	4.64	0.11	2.75	2.777
Mark Bellhorn	2B	64	0	S	8649	0.2279567053854277	0.3187131119083439	0.3651003167898627	0.3064233996972615	11.2	34.5	14.7	0.317	32.3	10.41	-0.58	-0.15	1.387
Ed Morgan	RF	66	0	R	7868	0.2593705293276109	0.3335883703136955	0.3951359084406295	0.3223423913098744	9.7	21	6	0.316	35.2	23.98	-0.33	1.72	1.075
Yogi Berra	LF	68	0	L	7327	0.2347362181387078	0.2846605654965169	0.3355068168346176	0.2765663657386024	6.2	10.5	14.8	0.237	19.8	1.27	-0.25	-1.36	1.22
Lance Johnson	CF	67	0	L	6517	0.2872619829284307	0.3238549031663081	0.383946158896914	0.3110451399603262	5	10.1	0.8	0.315	22.9	42.75	0.83	5.05	2.67
Tony Fernandez	2B	65	5	S	6465	0.2872534394165424	0.3224001243587751	0.4241670810542019	0.3267725341051377	4.6	10	13.8	0.297	30.2	0.76	-0.33	2.52	4.371
Julio Franco	2B	69	0	R	6345	0.2516253733965911	0.321186306988484	0.3328061852047092	0.2952769402489628	8.9	20.6	7.2	0.302	21.4	1.31	-0.26	1.95	2.478
Tim Salmon	RF	65	5	R	6316	0.2408236347358997	0.3198733174980206	0.4225604297224709	0.3266227504493551	10.1	26.8	24.7	0.279	35.4	3.99	-0.48	0.84	1.339
Dave Harris	LF	67	5	R	6204	0.2555050045495905	0.3327950912320362	0.4585987261146497	0.3444054633921792	9.9	22.9	23	0.289	41	11.3	-0.32	-0.59	2.282
Joe Carter	RF	64	0	R	6153	0.2454592631032693	0.2823223288339567	0.4430029406677046	0.3149756596379976	4.2	24.2	24.5	0.279	43.3	4.23	0.05	2.17	1.98
Rickey Henderson	LF	68	0	R	6114	0.2417026064129008	0.3335515548281506	0.3495218451153197	0.3085040308469718	11.8	28	10.3	0.314	28.2	0.55	0.26	3.61	0.913
Paul DeJong	SS	68	0	R	5839	0.2275849266753295	0.2800548790944949	0.3701503619825506	0.2875313557398453	6.3	22.9	16.6	0.264	35.2	3.02	-0.57	-0.34	1.716
Dmitri Young	DH	64	0	S	5748	0.2400370713623726	0.2780581172785802	0.3860982391102873	0.2903046035104303	4.7	20.7	18	0.27	32.4	5.97	0	-1.88	-0.042
Wilson Ramos	C	68	0	R	5747	0.2288698955365622	0.2800210674157304	0.3519468186134853	0.2805255335780362	6	22.8	13.9	0.27	30.9	2.69	-0.05	-0.25	2.224
Ketel Marte	SS	68	0	S	5616	0.2711965134706815	0.3374331550802139	0.3530110935023772	0.3091615244600406	8.6	16.4	2.7	0.317	24.8	6.76	-0.93	2.66	2.179
Rick Monday	CF	69	5	L	5468	0.2310498581272801	0.2981684981684982	0.4173084718281314	0.3136099060155891	8.4	29.3	23.8	0.279	38.3	10.98	-0.45	0.57	1.361
Jerry Mumphrey	LF	69	0	S	5161	0.2406665260493567	0.2960807140085371	0.3672221050411306	0.2941579701194636	6.9	19.7	13.3	0.276	30.6	6.59	-0.12	-1.14	-0.558
Duffy Dyer	C	69	0	R	4774	0.2173522139806698	0.2547689699025011	0.3560350640593392	0.2682853695202269	4.4	28.5	12.7	0.278	40	7.24	-0.06	-2.21	2.099
Jim Thome	3B	64	0	L	4751	0.2262443438914027	0.3091828138163437	0.3889021195522743	0.3102294270167746	10.3	31.4	20.8	0.286	35.9	3.52	-0.13	-0.18	1.591
James Loney	1B	64	0	L	4605	0.2664029781293625	0.3059002830394078	0.395067473243369	0.308303809397836	5	14	11.5	0.29	32.5	1.34	0.05	-1.43	1.524
Joe Morgan	2B	65	0	L	4541	0.2207460398569239	0.318712805818823	0.3438937148696985	0.3001130680584164	12.2	15.3	14.1	0.233	30.4	1.9	0.16	0.32	0.912
Eddie Bressoud	SS	68	5	R	4414	0.2653610771113831	0.3057266712297513	0.4200734394124847	0.3171532369621948	5.2	20.6	12.8	0.31	37.5	9.36	-0.34	-1.05	3.575
Paul DeJong	SS	68	5	R	4383	0.2399198597545705	0.3003880392604428	0.4127222639619334	0.3133269982447079	7.8	20.3	19.8	0.265	39	6.95	-0.81	-0.26	3.107
Tim Salmon	RF	65	0	R	4196	0.2169683869224534	0.3026692087702574	0.3744933801675223	0.3022344776647118	10.3	30.3	21	0.267	34.4	4.71	-0.54	1.52	0.129
Ken Berry	LF	55	0	R	4111	0.2621281157866523	0.3146371463714637	0.39292414902171	0.3120479914031007	6.9	16.3	11.1	0.293	32.2	6.67	-0.64	3.34	1.795
Mule Haas	CF	69	5	L	4089	0.2701496455762668	0.3106153468987497	0.4381727487529535	0.3268414581574435	5.2	15.4	18	0.289	35.3	8.54	-0.07	-1.94	1.717
Brent Mayne	C	67	0	L	4041	0.2295126599509937	0.2878448918717375	0.3109175061257827	0.2693517164621117	7.1	23.4	2.2	0.292	31.7	0.75	-0.15	-3.8	0.906
Garret Anderson	LF	64	0	L	3978	0.2486187845303867	0.2703045685279188	0.3325440673506972	0.2659179380618761	2.5	14.3	4.7	0.281	26	4.47	0.26	0.66	0.015
Willson Contreras	C	69	0	R	3554	0.2387878787878788	0.2868806306306306	0.3572727272727273	0.2861744811576319	5.8	26.4	15.5	0.295	26.1	0.49	-0.27	-0.56	0.101
Andy Seminick	C	66	0	R	3523	0.2374078624078624	0.2866477272727272	0.3854422604422604	0.2961154434672389	6.2	26	18.2	0.286	31.4	10.29	0.05	-0.44	2.776
James Loney	1B	64	5	L	3494	0.2762585456805469	0.3202182653647329	0.4030453697949037	0.3182841149739297	5.8	13.8	11.2	0.3	30.6	2.21	0.39	-2.16	1.803
Bobby Byrne	3B	69	0	R	3439	0.2524023062139654	0.3025383707201889	0.3552210121716848	0.2908401429652742	6.3	13.1	3.7	0.282	26.3	34.78	0.89	1.61	1.867
Josh Jung	3B	69	0	R	3438	0.2558286074354127	0.3008462211847097	0.3711405166981727	0.2968206891884038	5.6	21.6	11.2	0.304	28.6	2.59	-0.47	-1.52	0.768
Tommy Davis	3B	67	0	R	3393	0.2521984924623116	0.2884160756501182	0.384108040201005	0.2952302928562585	4.5	14.4	17.2	0.266	25.9	8.65	-0.94	1.18	0.849
Craig Reynolds	SS	68	5	L	2971	0.2765110387260225	0.3113975576662144	0.3803836409699602	0.3039855904785822	4.4	10.5	4.4	0.299	26.3	20.9	-0.04	1.25	3.211
Jason Heyward	RF	57	0	L	2908	0.2460555972952667	0.2980935875216638	0.3531179564237416	0.2895048372491341	6.4	15	8.5	0.274	28.4	9.14	-1.26	3.61	0.867
Mickey Tettleton	C	69	5	S	2857	0.2336601307189543	0.3369527145359019	0.3852124183006536	0.3231382441050708	13.1	27.7	18.3	0.285	33	4.23	0	-3.99	1.428
Gene Richards	LF	65	0	L	2783	0.2486122125297383	0.3011342846688621	0.3394131641554322	0.2854214738656295	6.5	16.8	4.1	0.29	25.8	17.9	2.16	4.44	1.143
Ken Caminiti	3B	66	5	S	2769	0.250603378921963	0.319233550253073	0.3704746580852776	0.3073327163408819	8.8	17.2	11.3	0.282	30.2	3.19	-0.02	-2.99	1.278
Andy Seminick	C	66	5	R	2757	0.2389486260454002	0.2974247370330069	0.4153723616089208	0.3124673360551551	7.1	25	21.3	0.277	37.7	9.29	-0.33	-0.11	3.852
TJ Rumfield	1B	69	0	L	2732	0.2354108773322747	0.286921381337252	0.3541087733227471	0.2849068036682973	6.3	19.3	11.2	0.271	32	3.68	-0.37	-3.54	-0.922
Willson Contreras	C	69	5	R	2679	0.2491909385113269	0.3004852556924226	0.3923948220064725	0.3057947564211215	6.2	25.1	18.1	0.299	31	0.52	-0.34	-1.23	0.761
Tim McCarver	C	68	5	L	2577	0.2770326906957251	0.3224679860302678	0.4295892707460184	0.3278898957877622	6.1	7.4	8.6	0.285	33	33.03	-0.81	-1.09	4.82
Matt Davidson	1B	56	5	R	2406	0.2413308341143393	0.3197335553705246	0.4123711340206185	0.3231381776070402	9.7	24.9	19.7	0.283	40.2	0	0	-3.74	1.272
Leo Cardenas	SS	68	5	R	2293	0.2739593417231365	0.3346456692913386	0.4462729912875121	0.3400724254697121	8.1	20.6	15.7	0.316	33.6	24.21	-0.26	0.44	4.945
Bill North	CF	69	0	S	2272	0.2246123061530765	0.3048081164534627	0.2846423211605803	0.2691362259798707	10	23.3	1.6	0.285	20.5	17.39	1.85	3.41	0.845
Sandy Alomar Sr.	2B	65	0	S	2255	0.232824427480916	0.270197486535009	0.3182251908396946	0.2618938092862678	4.4	13.6	6.7	0.257	25.2	4.88	0.88	2.08	1.729
Hyun-soo Kim	LF	68	5	L	2252	0.2596685082872928	0.3401511783014673	0.3390256152687092	0.3071973952018625	10.3	17.4	1.3	0.31	27.9	2.78	-0.35	-1.28	0.453
Jackie Robinson	3B	68	5	R	2235	0.2228426395939086	0.3061041292639138	0.3319796954314721	0.2883669599913932	10	10.9	11.3	0.23	26.4	12.93	0.3	0.4	1.691
Rickey Henderson	LF	68	5	R	2025	0.2406779661016949	0.3288822947576657	0.3548022598870056	0.3073883255002224	11.3	27.1	10.7	0.308	30.3	0.78	0.09	5.27	0.504
Cy Williams	RF	69	5	L	2007	0.2566225165562914	0.3205383848454636	0.4139072847682119	0.3231453139957183	8.2	17.3	22.1	0.272	27.7	6.2	-0.3	-2.84	1.136
Tommy Davis	3B	67	5	R	1998	0.2861771058315335	0.3279839518555667	0.4379049676025918	0.33485422181292	5.5	12.4	20.7	0.293	25.1	7.52	-0.78	0.39	2.553
Jimmy Crooks	C	68	0	L	1846	0.2037827943868212	0.2882736156351792	0.3093349603416717	0.2726471138889931	10.2	28.8	12	0.261	29.3	1.02	-0.26	-2.86	2.048
Joe DiMaggio	CF	64	0	R	1825	0.235934664246824	0.2947310647639956	0.3569267997580157	0.2889018265618746	7.7	21.8	11.2	0.278	32.3	4.76	-0.49	0.23	1.019
Daulton Varsho	CF	63	0	L	1801	0.2169408897014016	0.2744988864142539	0.3351614868982328	0.270802948784486	7	21.3	9.3	0.256	35.1	10.4	2.23	1.9	-0.5
Bo Bichette	SS	69	0	R	1783	0.2553571428571428	0.2914093206064009	0.3767857142857143	0.2948332195905323	4.2	18.5	12.1	0.292	30.5	0.76	0.2	-0.24	1.582
Brent Mayne	C	67	5	L	1752	0.2378241619228336	0.3010321100917431	0.3206831119544592	0.2795609788740487	7.8	22.9	1.7	0.302	32.2	0	0	-5.14	1.336
Rick Ferrell	C	67	0	R	1746	0.2503328894806924	0.3419391853126793	0.333555259653795	0.3058117609837242	11.9	11.5	2.4	0.275	28.2	4.72	-0.34	0.34	3.299
Lance Johnson	CF	67	5	L	1684	0.2903018625561978	0.3355106888361045	0.3879254977520873	0.3189169041255684	6.1	9.8	1.8	0.316	23.2	35.24	0.46	5.77	3.207
Brett Butler	CF	64	0	L	1680	0.2753919563735515	0.3579952267303103	0.3462849352419904	0.3175226516454175	11.2	14.3	1.1	0.316	18.3	32.43	0.75	3.64	1.536
Don Baylor	1B	64	0	R	1653	0.2309746328437917	0.2988505747126437	0.3925233644859813	0.3067312575639959	8.1	15.7	22.1	0.236	33.5	3.45	4.43	2.14	0.907
Jackie Robinson	1B	58	0	R	1647	0.2405660377358491	0.2964329643296433	0.3652291105121294	0.2928561682711315	7.1	14.9	10.9	0.262	32.8	6.84	-0.04	3.61	0.838
Danny Tartabull	RF	63	0	R	1593	0.2011173184357542	0.2762084118016321	0.3289106145251396	0.2720544582106507	8.7	34	15.1	0.271	32.6	9.57	-0.75	1.51	-0.942
Ryan Mountcastle	1B	69	0	R	1588	0.2584118438761777	0.2982900569981001	0.4010767160161507	0.3071529591740199	4.7	21.7	14.4	0.306	34.9	1.49	0.15	-0.72	0.907
Eddie Robinson	1B	67	0	L	1586	0.1837481698389458	0.2878787878787879	0.3118594436310395	0.2746560190900202	12.4	21.9	20.8	0.191	25.9	0	0	-2.38	-0.946
Johnny Neun	1B	63	5	S	1548	0.2827067669172932	0.375	0.3481203007518797	0.3273330035163614	12.5	17.9	0.4	0.34	20.5	10.39	2.29	2.36	2.442
Evan Longoria	3B	69	5	R	1509	0.2417582417582418	0.3074884029158383	0.3919413919413919	0.3093736938572286	8	20.6	15.5	0.276	38.5	0	-0.2	-0.99	1.63
Vinny Castilla	3B	63	0	R	1469	0.2290748898678414	0.2774369461486026	0.4229074889867842	0.3055169874897	5.9	22.7	25.3	0.25	42.9	4.48	-0.2	-2.41	1.879
Garret Anderson	LF	64	5	L	1464	0.2752360203340595	0.2982698961937716	0.3776325344952796	0.2963053690115168	2.9	12.6	5.3	0.303	28.2	7.48	-0.2	0.61	1.598
J.J. Hardy	SS	64	0	R	1464	0.2467153284671533	0.2852257181942545	0.4291970802919708	0.3105742959924218	4.8	16.4	23.8	0.255	39.3	0.75	0	-1.6	3.074
Jose Hernandez	2B	66	0	R	1449	0.2111613876319759	0.2686980609418282	0.3340874811463047	0.2686271521342538	6.5	32.8	12.8	0.286	35	3.06	0	0.29	-0.455
Roldy Brito	CF	69	0	S	1439	0.2694063926940639	0.3242677824267782	0.3896499238964992	0.3156357056478086	7.3	18.9	6.3	0.32	29.7	21.9	2.63	5.75	2.96
Bill Buckner	LF	64	5	L	1391	0.3061224489795918	0.3321351545650611	0.4618291761148904	0.3451322142980711	3.7	9.4	14.7	0.316	32.3	5.34	1.16	0.65	3.321
Evan Longoria	3B	69	0	R	1389	0.2225730071033938	0.2816799420709631	0.3228097868981847	0.2713903094786787	6.9	22.8	9.1	0.271	29.4	2.41	-0.39	-4.41	0.13
Clete Boyer	3B	66	5	R	1370	0.2059514487079092	0.2507309941520468	0.350822239624119	0.2645561185506148	5.3	15.5	16.2	0.215	38.8	8.82	-0.13	-0.7	-0.657
Jack Harshman	P	69	0	L	1366	0.1563275434243176	0.2426253687315634	0.3134822167080232	0.2518613111420933	9.5	36.1	25	0.183	40.2	0	0	-5.58	-2.723
Matt Davidson	1B	56	0	R	1332	0.2359932088285229	0.3097744360902256	0.4634974533106961	0.3349502809716537	9.5	25.2	29.7	0.255	48.9	0	0	-2.97	2.342
Keon Broxton	CF	65	0	R	1325	0.2393385552654482	0.3307984790874525	0.3925152306353351	0.3222764930842469	11.4	27.5	16.8	0.297	34.9	6.25	0.5	0.32	1.721
Mule Haas	CF	69	0	L	1297	0.2329218106995885	0.2733590733590733	0.3637860082304527	0.2807704149299582	4.6	17.7	13.9	0.258	32.2	8.79	-0.69	-0.32	-0.74
Ketel Marte	SS	68	5	S	1284	0.2739018087855297	0.3367108339828527	0.3703703703703703	0.3156693753653111	8.3	15.6	2.8	0.318	29.6	6.38	-0.79	2.62	1.636
Phil Garner	2B	63	0	R	1262	0.2271929824561404	0.2723543888433142	0.3131578947368421	0.261778774553573	5	15.4	4.8	0.259	26.6	13.04	1	3.42	0.856
Mickey Mantle	1B	68	0	S	1262	0.2433155080213904	0.3225039619651347	0.4010695187165775	0.3218376783822107	10.5	29.5	21.9	0.302	31.1	0	-0.24	0.9	1.759
Chandler Simpson	LF	65	0	L	1253	0.245021645021645	0.2842105263157895	0.2926406926406926	0.2591421081976648	4.9	16.2	1.9	0.286	14.8	11.9	0.72	4.88	-0.958
Mickey Mantle	1B	68	5	S	1241	0.2140896614821592	0.2989524576954069	0.353156450137237	0.2922473290827409	10.6	26.2	18.4	0.251	32.5	0	-0.48	-2.13	-0.387
Dave Brain	3B	68	5	R	1239	0.2512776831345826	0.2841000807102502	0.4522998296422487	0.3178070866640521	4.4	19.2	24.7	0.269	40.3	12.61	0.1	2.23	3.341
Glenn Wilson	CF	69	0	R	1233	0.2457044673539519	0.2776872964169381	0.397766323024055	0.2952575790185617	4	23	18	0.287	33.9	6.19	-0.1	-1.36	0.341
Ian Desmond	CF	64	0	R	1226	0.2284444444444444	0.2843137254901961	0.3688888888888889	0.2898302937361407	7	26	18.6	0.273	30.4	5.13	0.39	3.47	2.055
Jim Thome	3B	64	5	L	1220	0.2221198156682028	0.2950819672131147	0.391705069124424	0.3026855133615673	9.3	29.4	22.1	0.266	38.2	2.17	-0.49	-2.46	-0.246
Dmitri Young	DH	64	5	S	1200	0.2522361359570662	0.2941666666666667	0.4311270125223614	0.3159942422112105	5.5	20.4	23.5	0.275	35.5	6	0	-1.8	2
Eddie Bressoud	SS	68	0	R	1199	0.2312556458897922	0.2712721145745577	0.3658536585365854	0.2797218232546635	4.6	24.4	9.5	0.285	40.6	6.73	0	-0.3	2.002
Ichiro Suzuki	RF	61	0	L	1193	0.2349177330895795	0.2791878172588833	0.3053016453382084	0.260081689767479	5.6	13	0.5	0.265	23.3	25	0.8	2.31	-0.553
Kenny Lofton	CF	65	0	L	1193	0.2413793103448276	0.3049705139005897	0.3345759552656105	0.2873615541965857	7.7	10.4	7.5	0.255	25.5	6.06	1.81	7.04	1.056
Matt Diaz	LF	67	0	R	1184	0.2527075812274368	0.2857142857142857	0.3402527075812274	0.2775936013871738	4	18.5	6.6	0.298	23.2	9.23	-0.46	1.77	-0.203
Gary Matthews	LF	69	0	R	1182	0.2578268876611418	0.3130287648054145	0.3922651933701657	0.3110384314150848	6.7	16.7	14.2	0.285	28.2	13.92	-0.76	-0.2	-0.051
Jack Harshman	P	69	5	L	1181	0.181992337164751	0.2661016949152543	0.3639846743295019	0.280515226697516	9.5	36	28.5	0.215	41.1	0	-0.25	-2.24	-1.372
Alex Bregman	3B	67	0	R	1148	0.2435897435897436	0.3142605633802817	0.3747534516765286	0.3061122258452605	9.1	19	14.1	0.273	29.6	8.22	-0.26	-2.77	1.411
Dale Alexander	1B	69	0	R	1138	0.2430622009569378	0.297273526824978	0.3397129186602871	0.2836816668939758	6.9	16.5	3.7	0.283	33.5	2.35	-0.53	0.42	-0.316
Jerry Mumphrey	LF	69	5	S	1133	0.2716763005780347	0.3300970873786408	0.4258188824662813	0.33286043824235	7.6	20.9	14.8	0.319	35.5	4	-0.53	-0.48	1.483
Justyn-Henry Malloy	RF	69	0	R	1118	0.2006079027355623	0.2782764811490125	0.303951367781155	0.2640745622960956	9.7	26.4	11.8	0.245	29.3	0	0	-1.56	-1.771
Milton Lewis	2B	67	0	L	1097	0.237	0.2879484820607175	0.387	0.2956113238840082	6.3	21.7	16.4	0.271	34.2	11.11	0	-4.76	-0.164
Joe Kuhel	1B	66	0	L	1095	0.2134020618556701	0.2878093492208982	0.2927835051546392	0.263884177158327	8.8	17	2.7	0.248	28	15.52	0.33	1.37	-0.712
Brayan Rocchio	SS	64	0	S	1048	0.2038420490928495	0.2660194174757282	0.2764140875133405	0.2461773690384863	7.3	20	5.2	0.242	24.6	6.38	-0.57	0.74	-0.859
Don Kessinger	SS	69	0	S	1022	0.2404371584699453	0.2955223880597015	0.3300546448087432	0.2790819112110208	6.9	14.9	2.9	0.273	27.7	18.03	-0.06	-3.23	0
Nico Hoerner	2B	48	0	R	985	0.2508178844056707	0.2857142857142857	0.3227917121046892	0.2699302793817692	4.4	15.6	0.6	0.293	24.8	12.28	0.18	-1.34	0.548
Gus Williams	RF	68	5	L	958	0.2397179788484136	0.3079331941544885	0.3971797884841363	0.310230421977416	8.8	20.8	15.7	0.269	34.3	20	0.56	3.26	1.441
Daulton Varsho	CF	63	5	L	931	0.25181598062954	0.3203463203463203	0.3995157384987894	0.3185821589060254	8.7	17.7	15.5	0.276	33.7	5.71	1.22	-1.55	0.644
Pinky Higgins	3B	65	5	R	914	0.2345238095238095	0.2891566265060241	0.4226190476190476	0.3119617966848645	6.9	27.3	25.6	0.273	37.6	8.11	0.2	-0.92	1.247
Bryson Stott	2B	65	0	L	873	0.2587939698492462	0.3179723502304148	0.3894472361809045	0.3140708789366548	7.4	18.6	11	0.3	32.5	7.46	0.82	-0.76	1.856
Eddie Robinson	1B	67	5	L	847	0.1909340659340659	0.2916174734356553	0.342032967032967	0.284917721677463	11.8	21	24.1	0.19	29.5	2.44	0	-5.95	-0.213
J.T. Realmuto	C	57	0	R	845	0.2237851662404092	0.2681764004767581	0.3452685421994885	0.2719750445360057	5.2	21.9	14.2	0.259	30.3	3.77	-1.21	0.99	-0.071
Keon Broxton	CF	65	5	R	839	0.2478632478632479	0.3629807692307692	0.386039886039886	0.3364382747327519	14.2	25.1	12.9	0.306	32.2	8.93	1.07	3.15	2.145
Joe DiMaggio	CF	64	5	R	828	0.2309746328437917	0.2983091787439613	0.3871829105473965	0.3034919026450021	8.5	19.9	15.9	0.259	37.6	12.31	0	1.16	1.957
Hal Chase	1B	61	5	R	818	0.2541507024265645	0.2811735941320294	0.4061302681992337	0.2996589196280094	3.1	18.5	15.4	0.287	34.2	13.24	0.81	1.17	0.733
George Kelly	1B	66	0	R	816	0.2490170380078637	0.2892156862745098	0.3971166448230669	0.3012302911812426	4.8	22.3	20.6	0.283	27.9	7.55	-0.37	-2.21	1.103
Dale Alexander	1B	69	5	R	800	0.2606896551724138	0.32125	0.3986206896551724	0.3165176177656495	8.4	16.6	9.8	0.294	37.6	4.23	0.07	0.22	1.35
Donald Reeves	RF	69	5	L	800	0.2714870395634379	0.32125	0.4447476125511596	0.3336621505592995	6.8	16.1	18.8	0.29	32.7	18.46	-0.52	1.2	2.1
Akil Baddoo	LF	69	0	L	796	0.2444134078212291	0.3097345132743363	0.4078212290502793	0.3161782485723645	8.4	26	18.8	0.294	33.7	13.56	-0.3	0	1.281
Johnny Hayes	C	69	0	L	788	0.2257597684515195	0.3022959183673469	0.3386396526772793	0.2879628609520729	9.8	19.7	12.2	0.254	28.2	4.55	-0.15	-1.29	1.218
Ryan Lavarnway	C	64	0	R	759	0.2286135693215339	0.2998678996036988	0.3480825958702065	0.2901875480408775	8.3	25.4	12.6	0.28	31.6	0	0	-2.53	1.186
Ray Sheppard	3B	68	0	R	756	0.2301255230125523	0.2472972972972973	0.3361227336122734	0.2556532749239484	2	16	11.1	0.255	24.2	20	-0.16	-0.4	0.635
Glenn Wilson	CF	69	5	R	749	0.2549295774647887	0.285140562248996	0.3830985915492958	0.2930642813680398	3.7	20.8	13.6	0.298	30.4	3.64	0	-2.32	0.641
Ed Goodson	3B	61	0	L	746	0.2561863173216885	0.2955465587044535	0.3740902474526929	0.2950037319467779	4.7	13.2	11.3	0.273	30.1	0	0	-2.82	1.046
Yogi Berra	LF	68	5	L	741	0.2705530642750374	0.3279352226720648	0.382660687593423	0.3148670439546668	7.8	8.5	16.2	0.267	19.3	0	0	-3.64	3.239
Mark Vientos	1B	63	0	R	732	0.2205882352941176	0.2606310013717421	0.3661764705882353	0.2751723825606961	4.9	25.1	18	0.258	34	7.84	0	-1.56	-0.164
Chris Cannizzaro	C	65	5	R	730	0.278816199376947	0.3589041095890411	0.4096573208722741	0.3411973589767269	11.1	13.4	13.2	0.299	26.8	8.33	0	-4.52	3.781
Johnny Neun	1B	63	0	S	706	0.2582236842105263	0.3494318181818182	0.3240131578947368	0.3062935055429133	12.3	19.4	1.7	0.313	19.7	16.13	2.89	0.08	1.445
Bobby Byrne	3B	69	5	R	697	0.2583732057416268	0.3187772925764192	0.3843700159489633	0.3110652501739487	7	12.6	6	0.285	32.1	25	-1.03	2.15	2.238
Pat Kelly	RF	68	5	L	687	0.2446633825944171	0.3240469208211144	0.3596059113300493	0.307566986686426	9.9	18.7	7.9	0.287	32.9	6.12	0.52	2.18	2.096
Red Dooin	C	66	0	R	681	0.2375601926163724	0.2880354505169867	0.3049759229534511	0.2659011268366022	5.9	14	0.9	0.271	25.7	5.26	0.35	1.5	1.674
Cameron Maybin	CF	62	5	R	679	0.2262658227848101	0.2652757078986587	0.3006329113924051	0.2529985531052684	4.3	22.3	4.4	0.282	22.4	15.62	0.8	3.18	-1.237
Austin Hedges	C	56	0	R	667	0.2136894824707846	0.2572741194486983	0.2671118530884808	0.2361885083862915	4.6	25.5	2.7	0.274	20.3	0	-0.63	-1.44	0.54
Jung-hoo Lee	RF	69	0	L	656	0.259567387687188	0.3118279569892473	0.372712146422629	0.3035033859710345	6.7	14.8	4.6	0.296	33.3	11.54	-1.19	2.93	1.006
Jose Hernandez	2B	66	5	R	646	0.232597623089983	0.2930232558139535	0.3786078098471987	0.2959612381720788	7.6	29.4	16.7	0.296	35	4.17	-0.37	-0.09	0.836
Jim Fregosi	SS	69	0	R	641	0.187719298245614	0.2563694267515924	0.2736842105263158	0.241671702344077	7.6	18.1	5.6	0.217	32.7	5.71	-0.19	-2.62	-2.808
Giancarlo Stanton	RF	65	0	R	633	0.2160278745644599	0.2748815165876777	0.3641114982578397	0.2827206181534842	6.6	26	22.7	0.244	29.8	0	0	-3.13	-0.758
Clete Boyer	3B	66	0	R	631	0.2193877551020408	0.2591414944356121	0.4013605442176871	0.2872569525442819	4.9	15.1	23.8	0.216	41.9	5.56	-0.67	-3.99	0.38
Ray Schalk	C	68	0	R	621	0.1761467889908257	0.2662337662337662	0.2385321100917431	0.2361886647676519	10.5	29.9	1	0.247	32.3	3.23	0.58	1.16	-0.483
Sandy Thompson	CF	67	5	L	616	0.2129963898916968	0.2707641196013289	0.2833935018050541	0.2513371885912946	6.7	17.1	4.9	0.247	21.2	16	0.68	-0.58	-0.877
Jim Tabor	3B	54	0	R	571	0.2509505703422053	0.2915194346289753	0.4524714828897338	0.3230800578847145	4.4	21.7	27.3	0.27	37.9	8	-0.21	1.47	3.678
Jim King	RF	68	0	L	554	0.2233606557377049	0.3005464480874317	0.360655737704918	0.2960015599646893	9.4	14.8	16.2	0.232	33.9	0	0	-3.14	0
Francisco Alvarez	C	69	0	R	547	0.2334630350194553	0.2697247706422018	0.3696498054474708	0.2814812150758891	4.2	23.3	17.6	0.272	29.2	8.57	0	-1.32	1.097
Tom Herr	2B	58	5	S	547	0.2828282828282828	0.3473491773308958	0.3818181818181818	0.3237840728043256	8	16	5.5	0.327	24.3	14.71	3.62	0.66	3.181
Elrod Hendricks	C	64	5	L	546	0.2336065573770492	0.3021978021978022	0.3790983606557377	0.302350239872954	8.8	11.1	17.6	0.231	34.2	0	-0.55	-0.55	1.319
Matt McLain	2B	69	0	R	545	0.2354124748490946	0.2912801484230056	0.3822937625754527	0.2982763713814191	7	29.4	16.5	0.302	35	4.88	0.11	-1.1	1.541
Donald Reeves	RF	69	0	L	543	0.2789783889980353	0.3166666666666667	0.4322200392927308	0.32747352935869	5	17.7	16.6	0.313	29.6	14.29	-0.22	-1.88	0.884
Jimmy Crooks	C	68	5	L	543	0.2139917695473251	0.2788104089219331	0.3662551440329218	0.2861308528994954	8.1	24.1	18.8	0.243	38.5	0	0	-2.98	3.204
Tyler O&#39;Neill	RF	66	0	R	530	0.2245322245322245	0.2889733840304182	0.3388773388773389	0.2820892938266882	7.7	27.2	12.5	0.285	29.6	3.12	1.25	1.02	0.226
Chris Sabo	3B	61	5	R	529	0.2098765432098765	0.2613636363636364	0.3744855967078189	0.2786767168719439	6.4	13.6	19.3	0.208	44.1	2.22	0	0.91	0.681
Nolan Jones	RF	69	0	L	527	0.2277432712215321	0.2862595419847328	0.3354037267080746	0.2789628176051249	7	28.8	11.4	0.299	28.2	3.23	-0.23	1.71	-0.455
George Sweatt	2B	68	0	R	524	0.2104166666666667	0.2653846153846154	0.3083333333333333	0.2576944480170675	6.3	21.9	9.2	0.251	27.7	10.71	0.23	1.49	-0.573
Eggie Dallard	1B	67	0	L	515	0.2242152466367713	0.3098039215686275	0.3475336322869955	0.296082330411532	10.7	26.2	15.1	0.27	27	7.41	-0.35	-0.35	0.233
Joey Votto	1B	61	5	L	509	0.2231947483588621	0.2966601178781925	0.3326039387308534	0.2840115387558628	9.2	21.9	13	0.261	27.5	0	0	-3.89	-0.825
Lou Boudreau	SS	65	0	R	497	0.2446351931330472	0.2842741935483871	0.3605150214592275	0.2846457467725227	5.4	9	8.5	0.255	32.5	8.11	0	-3.74	1.569
Red Kress	SS	67	0	R	493	0.2341356673960613	0.2816326530612245	0.3894967177242888	0.2957089540333433	5.7	20.6	18.3	0.263	35.5	7.89	-0.85	2.19	2.312
Willy Adames	SS	66	0	R	492	0.1677559912854031	0.2204081632653061	0.2810457516339869	0.2258475089349337	5.9	30.1	13.4	0.213	37.7	3.45	0.73	0.24	-0.976
Donn Clendenon	1B	61	5	R	491	0.2705627705627706	0.3054989816700611	0.4848484848484849	0.3398067744584314	4.5	22.3	23.2	0.308	40	22	-0.61	0.98	2.566
Dave Eggler	CF	68	0	R	487	0.2505543237250554	0.3039014373716633	0.3392461197339246	0.2873641992006873	6.8	15.5	2.5	0.292	24.8	28.57	0	0.99	-0.246
Moises Ballesteros	C	61	0	L	481	0.2183908045977012	0.2839248434237996	0.3264367816091954	0.2742516770188235	7.9	24.4	8.7	0.271	32.6	6.45	-0.62	1	0.374
Duffy Dyer	C	69	5	R	466	0.2055427251732102	0.2435344827586207	0.325635103926097	0.2493713354694272	4.9	28.2	9	0.264	39.3	8.57	0	-4.76	0.773
George Burns	1B	63	5	R	466	0.2420091324200913	0.2875536480686695	0.3767123287671233	0.2935431175462774	4.9	18.5	14.2	0.275	34	2.78	2.19	-2.58	0.258
Jim Landis	CF	66	5	R	465	0.2610722610722611	0.3118279569892473	0.4662004662004662	0.3365757458191583	7.1	21.4	21.9	0.294	42.9	12.5	0.26	1.55	2.581
Benito Santiago	C	66	0	R	463	0.2470862470862471	0.2958963282937365	0.4172494172494173	0.3124502420387887	6.3	23.1	24.6	0.277	31.1	6.06	-0.78	-4.67	0.259
Romy Gonzalez	1B	68	0	R	462	0.2242562929061785	0.2646420824295011	0.3661327231121281	0.2768300471564245	4.5	23.3	10.4	0.275	40.8	15	-0.65	0.26	-0.519
Ichiro Suzuki	RF	61	5	L	453	0.2673031026252983	0.3080357142857143	0.3365155131264916	0.2864851933904266	4.6	10.7	1.3	0.295	19.6	22.73	2.25	-0.53	0.662
Connie Ryan	2B	69	0	R	451	0.2197530864197531	0.2708803611738149	0.3234567901234568	0.2639560103413395	6	20.5	5.3	0.262	32.6	17.24	-0.4	-1.2	0
Andy Etchebarren	C	63	0	R	445	0.2422802850356295	0.2753950338600452	0.3586698337292161	0.2796981356341283	4	24	17.5	0.288	22.5	0	-0.67	-4.58	1.483
Gary Matthews	LF	69	5	R	438	0.3009950248756219	0.3455377574370709	0.4776119402985075	0.3567749889388243	5.5	15.7	13.7	0.332	35.5	18.6	0.82	0.68	3.836
Ed Morgan	RF	66	5	R	435	0.2447916666666667	0.3225806451612903	0.3333333333333333	0.2959337172704608	10.3	16.1	2.8	0.284	27.7	15.38	-0.69	1.38	0.69
Tim Foli	SS	62	0	R	432	0.2647058823529412	0.288056206088993	0.3063725490196079	0.2649384395356982	2.5	8.8	1.4	0.285	13.9	0	-0.69	3.75	1.111
Beauty McGowan	RF	68	0	L	428	0.2321428571428572	0.2833723653395784	0.3290816326530612	0.2728357083337603	6.5	18.9	4.2	0.275	34.1	3.23	0	0.56	-0.701
Jorge Orta	2B	69	5	L	423	0.2326732673267327	0.2600472813238771	0.3985148514851485	0.2865408091417886	3.8	13.4	17	0.24	43.6	4.88	0	-0.71	-0.851
Gene Richards	LF	65	5	L	423	0.3145780051150895	0.3595238095238095	0.4245524296675192	0.3445928733887688	5.7	14.3	0	0.366	27.6	26.47	4.26	6.81	4.255
Brett Butler	CF	64	5	L	416	0.2826666666666667	0.3469879518072289	0.4026666666666667	0.3314169164265739	8.9	15.7	2.9	0.329	27.4	41.38	0.29	-2.6	2.019
Wally Westlake	RF	67	0	R	410	0.2177215189873418	0.2396088019559902	0.3848101265822785	0.2717266151335786	1.7	23.8	19	0.252	43	8.11	0	5.12	-1.463
Pinky Higgins	3B	65	0	R	409	0.2380952380952381	0.293398533007335	0.417989417989418	0.3128857272785764	7.1	26.7	23.5	0.282	37.8	5.88	0	-1.47	1.907
Frank White	2B	66	5	R	409	0.2519480519480519	0.2916666666666667	0.3766233766233766	0.2952505071301031	4.6	20.8	11.7	0.299	29.9	10.34	-0.59	3.81	1.907
Phil Rizzuto	SS	66	5	R	405	0.2054054054054054	0.2575	0.2621621621621621	0.2362774245288231	6.4	12.4	5.9	0.223	14.5	18.18	-0.74	2.52	-0.741
Joe Hewitt	SS	68	0	L	405	0.1845730027548209	0.2512437810945274	0.2424242424242424	0.2266299258451244	8.1	17.9	1.5	0.219	23.9	18.75	-0.3	-0.15	-1.185
Andres Gimenez	SS	62	0	L	400	0.2751322751322751	0.2944162436548223	0.3835978835978836	0.2968018686944222	3	14.6	9	0.305	26.9	3.57	-0.3	2.7	1.35
Ezequiel Tovar	SS	64	0	R	395	0.2581521739130435	0.2926208651399491	0.4347826086956522	0.3153674038654672	4.6	20.7	15.2	0.296	43.2	9.76	-0.3	-0.46	4.101
Levi Meyerle	3B	67	5	R	378	0.2332361516034985	0.2838196286472148	0.3440233236151604	0.2770345351633413	6.9	12.5	3.2	0.256	37.5	13.33	2.06	0.95	-0.159
Denzel Clarke	CF	65	0	R	372	0.191740412979351	0.2527173913043478	0.2743362831858407	0.240121810032496	7	33	9.7	0.266	24.6	0	0.32	1.13	-1.452
Ramon Laureano	LF	63	0	R	369	0.1878612716763006	0.2316076294277929	0.291907514450867	0.2339742141645263	5.4	30.3	11.4	0.247	30.8	10	0	-1.3	-3.902
Xander Bogaerts	SS	69	0	R	369	0.1988472622478386	0.2466124661246613	0.2420749279538905	0.2236697146397065	5.7	21.6	4.9	0.245	13	0	0.98	-1.79	-2.114
Ozzie Albies	2B	67	0	S	363	0.2514792899408284	0.2952646239554317	0.393491124260355	0.304758050385011	5.5	15.1	19.8	0.265	28.2	0	-1.82	1.49	0.992
Ed Delahanty	1B	68	0	R	363	0.2462908011869436	0.2888888888888889	0.3382789317507419	0.2788880104591894	5.2	19.6	5	0.296	26.5	13.64	-1.65	4.3	-0.496
Connie Ryan	2B	69	5	R	362	0.2098765432098765	0.2785515320334262	0.3302469135802469	0.2725175773099567	8.6	21.9	8.3	0.251	38.2	11.54	0.33	3.31	0.829
Boileryard Clarke	C	69	0	R	359	0.208955223880597	0.2486033519553073	0.3074626865671642	0.2474121568343514	5	19.1	11.7	0.235	27.1	0	-0.84	0.5	-1.504
Vic Davalillo	CF	65	0	L	355	0.2342342342342342	0.264957264957265	0.3213213213213213	0.2592272276337557	3.9	15.9	3.4	0.27	29.5	8.7	0.68	-2.2	-0.338
Jose Caballero	SS	65	0	R	349	0.1951219512195122	0.235632183908046	0.2835365853658536	0.2323607461782815	4.9	25	10.3	0.24	23.4	13.33	0.17	0	-2.063
Ed Taubensee	C	65	0	L	349	0.2401215805471125	0.2779369627507163	0.3768996960486322	0.288379388903843	3.7	20.1	13.8	0.276	34.2	7.41	0	-4.47	0.86
Royce Lewis	3B	65	0	R	348	0.2	0.2658959537572254	0.3523809523809524	0.2738224556540589	8	26	17.2	0.236	41.3	7.69	-2.93	0.69	-1.379
Jim Tabor	3B	54	5	R	348	0.2787878787878788	0.3160919540229885	0.503030303030303	0.3547501946054322	4.3	20	27.6	0.306	41.3	10.53	0	-1.03	3.448
Jesus Sanchez	RF	68	0	L	347	0.2389937106918239	0.3025936599423631	0.3584905660377358	0.2962092480027624	7.5	22	13.8	0.283	26.3	10	-0.86	1.56	0.865
Gus Williams	RF	68	0	L	346	0.2507936507936508	0.2985507246376812	0.3746031746031746	0.2950354409498284	6.9	20.6	5.2	0.3	32.9	26.92	-1.21	5.9	-0.694
Byron Buxton	CF	64	5	R	337	0.2875	0.314540059347181	0.46875	0.3389693675117957	3.3	19.4	12.5	0.335	42.4	12.82	8.19	2.85	6.053
Johnny Damon	CF	66	5	L	330	0.292358803986711	0.3515151515151515	0.4186046511627907	0.3395103433917865	7.9	10.3	9.1	0.312	25	27.27	2	1.09	2.364
Pinky Hargrave	C	65	0	S	324	0.2080536912751678	0.2530864197530864	0.3724832214765101	0.2723516918760681	6.2	18.8	16.7	0.222	41.9	19.23	-0.93	0.19	0.37
Phil Garner	2B	63	5	R	322	0.2610169491525424	0.30625	0.3593220338983051	0.2950992999227257	5.9	13.6	7.5	0.286	26	5	4.66	4.29	3.168
Pumpsie Green	SS	56	5	S	320	0.2456140350877193	0.3260188087774294	0.3824561403508772	0.314615590413288	9.4	15.4	11.2	0.272	32.9	17.39	-0.94	0.75	2.438
Lou Novikoff	LF	63	0	R	312	0.2789115646258503	0.3022508038585209	0.4251700680272109	0.3151177221856052	3.5	12.9	17.3	0.29	29.3	4.17	-0.38	1.73	-0.962
Clemente Carreras	3B	67	5	R	311	0.2375886524822695	0.3054662379421222	0.3687943262411347	0.3018426339602474	7.4	19.9	17.4	0.266	26.9	5.56	1.35	0	1.736
Pat Kelly	RF	68	0	L	310	0.2076124567474048	0.2450980392156863	0.3044982698961938	0.2447624362386407	4.2	23.9	9.7	0.253	30	0	0	6	-1.355
Jackson Merrill	CF	65	0	L	305	0.1785714285714286	0.2401315789473684	0.2821428571428571	0.2368275584406599	6.2	23.2	11.8	0.21	32	6.25	-1.97	-0.98	-2.557
Andy Seminick	C	66	1	R	298	0.2763636363636364	0.3288590604026846	0.4545454545454545	0.3435331163007866	7.4	25.8	24.2	0.332	30.3	8.7	-2.01	1.61	5.839
Craig Reynolds	SS	68	1	L	295	0.2637362637362637	0.2857142857142857	0.347985347985348	0.2787731357967274	2	9.2	6.1	0.277	19.4	21.43	0	-4.07	1.22
Jim Hickman	CF	56	5	R	292	0.2333333333333333	0.2689655172413793	0.4259259259259259	0.3006562198278519	5.1	20.7	24.7	0.246	42.9	3.7	0	-0.21	0
Bob Bescher	LF	69	5	S	290	0.2251908396946565	0.2881944444444444	0.3549618320610687	0.2853606817051172	7.9	14.1	14.5	0.236	32.2	5.26	-0.83	4.97	-0.207
Mike Trout	CF	51	0	R	285	0.248062015503876	0.3087719298245614	0.4341085271317829	0.3259382544101825	8.1	19	29.5	0.253	29.7	5.26	0.21	-3.58	-1.053
Willy Adames	SS	59	0	R	283	0.2319391634980989	0.275	0.3269961977186312	0.2684148749929406	5.3	26.2	6.4	0.302	31.1	0	-4.88	3.6	1.272
Jackie Hayes	CF	66	5	S	283	0.2014652014652015	0.2226148409893993	0.336996336996337	0.2446023062755441	2.1	21.6	17	0.226	34.5	10.53	0	-1.91	-2.12
George Hendrick	CF	67	0	R	279	0.2623574144486692	0.2913669064748202	0.4182509505703422	0.30724918573916	2.9	20.2	19.4	0.294	33.3	0	-1.08	-1.51	1.075
Tom Carey	2B	65	5	R	276	0.231060606060606	0.2545454545454545	0.3295454545454545	0.25713177187224	3.3	14.8	8.7	0.256	27.9	5.88	0	-5.43	-2.391
Alex Rios	RF	68	0	R	276	0.2681992337164751	0.2898550724637681	0.3601532567049808	0.2845442617740014	3.3	19.5	4.3	0.319	27.1	5.26	-3.04	5.22	-0.435
George Kelly	1B	66	5	R	276	0.2322834645669291	0.2846715328467153	0.3543307086614173	0.2842827449304627	6.5	20.9	10.9	0.274	35.6	0	0	-4.57	-0.435
Roldy Brito	CF	69	5	S	274	0.298804780876494	0.3492647058823529	0.4621513944223107	0.3529915374317035	6.9	14.7	0	0.349	42.7	28.12	0	5.26	4.599
Ken Caminiti	3B	66	0	S	271	0.2677824267782427	0.3505535055350554	0.4351464435146444	0.3468215242832332	10.3	18.4	19.9	0.294	31.2	10	1.55	1.33	3.985
Billy Myers	SS	67	0	R	259	0.1554621848739496	0.203921568627451	0.2478991596638656	0.2039935602447946	4.6	21	9.3	0.177	32.4	16.67	-1.16	-2.32	-2.085
U L Washington	SS	64	0	S	257	0.2161016949152542	0.2619047619047619	0.3050847457627119	0.2528557663471469	4.7	14.4	9.3	0.236	25.5	0	0.7	0.23	-0.7
Tony Gwynn Jr.	LF	60	0	L	255	0.2264957264957265	0.2862745098039216	0.3461538461538461	0.2820934436295391	6.7	23.1	9.4	0.277	30.2	25	0	4	0.941
Cedric Mullins	CF	65	0	L	251	0.1666666666666667	0.2398373983739837	0.2747747747747748	0.2325082519874255	8.4	23.9	12	0.193	35.1	7.69	2.39	-2.39	-2.39
Ray Schalk	C	68	5	R	251	0.2247706422018349	0.312	0.3119266055045872	0.2846265129671628	10.8	24.3	7.2	0.279	26.5	0	-1.91	1.91	2.151
Spencer Steer	LF	68	0	R	247	0.2197309417040359	0.2704918032786885	0.3542600896860987	0.2763390986037199	6.5	22.9	19.4	0.244	28.6	0	-1.7	0	-0.729
Derek Hill	CF	66	0	R	247	0.2370689655172414	0.2775510204081633	0.3405172413793103	0.2753256913859237	4.9	24.6	12.1	0.294	23.6	7.69	-0.49	1.7	0
Starling Marte	CF	64	0	R	245	0.2564102564102564	0.2827868852459016	0.3205128205128205	0.2680938676276141	3.7	21.4	2.4	0.321	21.7	0	-0.24	2.69	-0.98
Dale Alexander	1B	69	2	R	245	0.1863636363636364	0.2489795918367347	0.2863636363636364	0.2383394837368604	7.8	20	2.4	0.222	48.8	0	0	2.69	-3.429
Clyde Milan	CF	66	5	L	243	0.2165898617511521	0.2933884297520661	0.3087557603686636	0.2722990007612887	8.6	12.9	7.4	0.235	27.7	7.69	2.22	3.95	-0.494
Jim Landis	CF	66	0	R	242	0.2782608695652174	0.3099173553719008	0.391304347826087	0.3088857110476355	4.1	21.7	9.9	0.339	25	12.5	-1.98	2.98	0.248
Duffy Dyer	C	69	2	R	241	0.1869565217391304	0.2240663900414938	0.3217391304347826	0.2416700025021082	4.1	31.7	17.4	0.24	37.2	6.25	0	-1.24	0.498
Wesley Pryor	3B	64	5	L	239	0.2236842105263158	0.2594142259414226	0.3552631578947368	0.27039340040064	4.2	14.5	10	0.246	33.3	29.41	0	3.51	2.51
Yainer Diaz	C	63	0	R	237	0.2913043478260869	0.3122362869198312	0.4043478260869565	0.3143292870310678	2.5	10.9	5.1	0.32	28.4	15.79	0	-1.27	1.519
Ke&#39;Bryan Hayes	3B	61	0	R	235	0.1980676328502415	0.2707423580786026	0.285024154589372	0.2543194321189109	7.7	24.2	10.2	0.24	24.4	0	1.53	-5.11	-1.021
Dick Redding	P	68	5	R	234	0.1697247706422018	0.2145922746781116	0.3027522935779817	0.2286543839927277	5.6	38.1	12.8	0.242	43.2	18.75	-1.28	-0.77	-2.821
Babe Phelps	C	63	5	L	232	0.2612612612612613	0.2844827586206897	0.4054054054054054	0.3010411513716967	3.4	18.9	15.5	0.295	34.5	0	0.78	-4.4	1.552
Cliff Mapes	CF	68	0	L	232	0.2110552763819095	0.3116883116883117	0.2864321608040201	0.2771048936075168	12.1	21.6	5.2	0.256	26.2	0	0	-1.55	0
Niko Goodrum	2B	64	5	S	229	0.2038834951456311	0.2663755458515284	0.3689320388349515	0.2800406654461623	7.9	19.9	21	0.211	42.9	0	-0.79	2.62	1.048
George McBride	SS	63	0	R	228	0.1690821256038647	0.2355555555555555	0.2415458937198068	0.219935872460642	7.5	16.9	5.3	0.194	31.4	0	0	-0.26	-1.842
Joe Kuhel	1B	66	5	L	227	0.202970297029703	0.2787610619469026	0.3366336633663367	0.2752129705408624	9.7	17.8	10.6	0.226	39	18.75	-1.32	3.44	-0.529
Danny Hoffman	RF	64	0	L	225	0.2672811059907834	0.2844444444444444	0.3963133640552995	0.2976822915271005	2.7	19.8	18.7	0.302	24.1	0	0	-0.53	0.267
Lou Berberet	C	65	0	L	225	0.2081218274111675	0.3035714285714285	0.2588832487309645	0.2636113242563431	11.6	24.9	5.3	0.267	12.2	20	0	-3.2	2.133
Jim Northrup	CF	68	5	L	220	0.225	0.2727272727272727	0.345	0.2726407547429825	6.4	18.5	13.6	0.245	31.1	0	-1.64	0	0.273
Vic Davalillo	CF	65	5	L	220	0.2390243902439024	0.2818181818181818	0.3365853658536586	0.2749313703446776	5.5	16.6	8.2	0.271	28.6	0	0	1.09	-0.545
Buck Martinez	C	63	0	R	220	0.1822660098522167	0.2339449541284404	0.2512315270935961	0.2208763285178488	6.4	29.1	8.2	0.239	21.6	0	0	-7.64	-2.455
Jason Castro	C	68	0	L	218	0.2261306532663317	0.2844036697247707	0.3316582914572864	0.2759977546339287	6.9	32.2	11	0.308	28.9	0	0	0	0.55
Red Kress	SS	67	5	R	215	0.2670157068062827	0.3349056603773585	0.4450261780104712	0.342828763036967	8.8	20.9	19.5	0.303	35.3	11.11	0	2.51	5.581
Frank White	2B	66	0	R	210	0.2070707070707071	0.2488038277511962	0.3585858585858586	0.2676403282908251	4.8	19.7	17.1	0.229	36.6	20	-1.43	1.14	1.143
Ed Delahanty	1B	68	5	R	209	0.2592592592592592	0.3188405797101449	0.4497354497354497	0.3364952439251265	7.2	16.4	17.2	0.281	49	0	-0.57	3.44	2.871
Milt May	C	63	5	L	209	0.2626262626262627	0.2966507177033493	0.4090909090909091	0.3091749920064517	3.3	15.2	11.5	0.291	36.5	10.53	0	-1.72	2.297
Tim Flannery	2B	63	0	L	207	0.2391304347826087	0.303921568627451	0.2771739130434783	0.2642332411980089	8.2	16.3	2.9	0.277	11.4	0	0	-2.9	-1.449
Everett Scott	SS	63	0	R	200	0.1534391534391534	0.19	0.2698412698412698	0.2035636700900617	4.5	18	12	0.163	44.8	7.69	0	2.1	-0.3
Eddie Mathews	1B	65	5	L	198	0.2342857142857143	0.3181818181818182	0.3714285714285714	0.3094928145917611	11.1	25.7	18.2	0.28	29.3	0	0	-3.33	0.909
Michael Toglia	1B	67	0	S	195	0.2727272727272727	0.3435897435897436	0.4375	0.346302565827591	9.2	21	24.6	0.305	27.1	0	0	-1.23	3.077
Austin Wells	C	62	0	L	195	0.2102272727272727	0.2871794871794872	0.3295454545454545	0.2789790004641585	9.2	29.5	12.3	0.275	35.1	0	-0.92	-0.31	2.462
Johnny Hayes	C	69	5	L	191	0.239766081871345	0.3068783068783069	0.3684210526315789	0.2993443677065943	8.4	19.3	12.6	0.274	34.1	0	-1.57	3.14	2.827
Tom Herr	2B	58	0	S	190	0.2601156069364162	0.3174603174603174	0.3699421965317919	0.3057452282271152	7.9	12.7	6.3	0.287	31.1	7.14	3.79	3.47	2.842
Irv Noren	CF	62	0	L	186	0.2456140350877193	0.3064516129032258	0.3508771929824561	0.2938820763264487	7.5	12.3	3.2	0.275	33.3	14.29	-0.32	4.52	1.613
Luis Rengifo	3B	66	0	S	179	0.2839506172839506	0.3463687150837989	0.4074074074074074	0.3328799441918442	7.8	9.9	13.4	0.294	23.9	9.09	1.68	1.01	3.017
Rube Foster	P	67	0	R	171	0.1863354037267081	0.2280701754385965	0.2919254658385093	0.232347957538699	4.1	23	14	0.215	26.7	12.5	0	0.7	-3.509
Sam Horn	DH	63	0	L	168	0.217948717948718	0.2619047619047619	0.3717948717948718	0.2792486923677512	4.8	32.7	25	0.27	29.4	0	0	-5.71	-2.143
Dick Gernert	1B	65	0	R	168	0.2602739726027397	0.3313253012048193	0.4657534246575342	0.3470757859310586	10.1	20.5	28.6	0.27	36.8	0	0	-5.36	2.143
Niko Goodrum	2B	64	0	S	166	0.2709677419354839	0.3132530120481928	0.4258064516129032	0.3243114890162773	6	18.1	18.1	0.301	33.3	0	2.17	3.61	3.614
Dexter Fowler	CF	53	5	S	165	0.226027397260274	0.3090909090909091	0.363013698630137	0.2971262611946074	9.7	27.4	3.6	0.302	39.4	38.46	0	-5.45	-0.364
Troy Glaus	3B	58	0	R	164	0.1920529801324503	0.2560975609756098	0.3509933774834437	0.2705541694048557	6.7	26.5	18.3	0.226	44.8	7.69	0	0.37	0.732
Julio Cruz	2B	62	0	S	164	0.2071428571428572	0.3109756097560976	0.2428571428571429	0.261618118286579	12.2	17.9	0	0.248	13.8	25	2.93	-2.2	-0.366
Oris Hockett	CF	55	0	L	164	0.271523178807947	0.3048780487804878	0.3509933774834437	0.2887892753545561	5.5	15.2	3.7	0.305	24.4	0	0	-3.66	-0.366
Beauty McGowan	RF	68	5	L	159	0.3066666666666666	0.3396226415094339	0.4533333333333333	0.3476229982020111	4.4	16.7	18.9	0.339	26.1	0	0.75	-0.75	3.774
Jose Altuve	2B	69	0	R	158	0.273972602739726	0.3184713375796178	0.410958904109589	0.3210692702680354	6.3	21.2	15.2	0.321	27.5	9.09	0	1.14	0.759
Dave Altizer	RF	67	5	L	156	0.1884057971014493	0.2709677419354839	0.2971014492753623	0.2582875885648281	10.3	17.4	7.7	0.212	38.5	10	1.92	4.23	0
Carlos Ruiz	C	68	5	R	156	0.2517482517482518	0.3076923076923077	0.3846153846153846	0.3036528196640627	7.7	13.3	7.7	0.276	41.7	0	0	0.38	0.769
Masataka Yoshida	LF	63	0	L	153	0.2517482517482518	0.2941176470588235	0.3916083916083916	0.3015553297036869	5.9	16.8	11.8	0.282	38.9	0	0	-1.18	1.176
Carlos Ruiz	C	68	0	R	153	0.25	0.3026315789473684	0.3	0.2721619786533525	7.2	12.9	0	0.285	17.1	16.67	-1.96	-3.14	-0.784
Red Dooin	C	66	5	R	153	0.2042253521126761	0.2384105960264901	0.2676056338028169	0.2261804915522473	4.6	17.6	3.9	0.237	24.1	0	-1.96	0.78	-0.784
Manny Machado	3B	67	0	R	150	0.2061068702290076	0.2837837837837838	0.3740458015267176	0.2916979839942342	10	23.7	20	0.227	44.4	0	0.8	0	1.2
Max Carey	LF	60	5	S	150	0.2255639097744361	0.3066666666666666	0.3759398496240601	0.3040975812032907	9.3	19.5	12	0.257	40	16.67	-1.6	0.8	-0.4
Yank Robinson	2B	67	0	R	150	0.1968503937007874	0.2993197278911565	0.2755905511811024	0.2641408432446242	12.7	26	4	0.255	32	0	2.4	2.8	-1.6
Joe Sugden	C	60	0	S	147	0.2647058823529412	0.3013698630136986	0.3161764705882353	0.2752756566717438	5.4	18.4	0	0.319	16.7	16.67	0	2.86	2.449
George Sweatt	2B	68	5	R	146	0.1515151515151515	0.2191780821917808	0.2651515151515151	0.2199205984953209	8.2	12.9	16.4	0.142	35	0	1.23	-5.75	-4.521
Randy Jackson	3B	62	5	R	143	0.2352941176470588	0.2447552447552448	0.4044117647058824	0.2773178648395513	2.1	13.2	21	0.231	34.4	18.18	0	-2.94	0.42
Barney Gilligan	C	63	0	R	142	0.1746031746031746	0.2624113475177305	0.2301587301587301	0.2319235262266742	9.9	31	4.2	0.244	22.7	0	3.8	2.96	0
Henry Blanco	C	54	0	R	142	0.2125984251968504	0.2608695652173913	0.3149606299212598	0.2564404967423831	6.3	20.5	12.7	0.24	22.2	16.67	0	0.85	1.268
Cliff Mapes	CF	68	5	L	142	0.2421875	0.3098591549295774	0.3671875	0.3018494147643944	9.2	22.7	12.7	0.289	29	11.11	-4.65	-5.07	-0.423
Frank Duncan	C	61	0	L	142	0.2519083969465649	0.2957746478873239	0.3816793893129771	0.2986281622592383	5.6	15.3	16.9	0.266	27.3	0	0	3.8	1.69
Tomas Nido	C	63	0	R	141	0.2352941176470588	0.2624113475177305	0.4191176470588235	0.2972376009293967	3.5	22.1	25.5	0.26	37.5	8.33	0	-6.81	2.128
Al Lopez	C	62	0	R	140	0.2635658914728682	0.2857142857142857	0.3178294573643411	0.2654845668580378	3.6	17.8	4.3	0.3	14.7	0	0	3	-0.429
Pavin Smith	1B	67	0	L	139	0.168	0.2318840579710145	0.192	0.1952949016843531	7.2	33.6	0	0.247	14.3	0	0	0.86	-3.453
Dave Concepcion	SS	60	5	R	136	0.2661290322580645	0.325925925925926	0.3870967741935484	0.3178830505761522	8.1	16.1	13.2	0.297	27.3	0	-3.09	2.65	2.647
Cameron Maybin	CF	62	0	R	135	0.2288135593220339	0.2868217054263566	0.3220338983050847	0.2722066065509945	7.4	26.3	0	0.307	37	10	4.44	0.44	0
Mark Ellis	2B	63	0	R	131	0.1666666666666667	0.1782945736434109	0.2063492063492063	0.1708568216589736	0.8	15.9	4.6	0.189	9.5	50	1.37	1.83	-3.206
Miguel Andujar	3B	63	0	R	128	0.2416666666666667	0.2755905511811024	0.3583333333333333	0.2794825197648126	3.9	18.3	9.4	0.278	34.5	0	1.41	-0.47	-0.469
Lawrence Butler	RF	63	0	L	128	0.2035398230088496	0.2834645669291339	0.3274336283185841	0.2762251257861289	7	24.8	9.4	0.25	43.5	0	0	-1.88	-2.344
Chas McCormick	CF	69	0	R	127	0.2796610169491525	0.3307086614173229	0.3220338983050847	0.2953477844139781	6.3	16.1	0	0.333	15.2	0	0.94	-5.67	-0.945
Luke Raley	RF	64	0	L	125	0.2807017543859649	0.344	0.4210526315789473	0.3395547013251803	8	26.3	14.4	0.358	31.2	0	0	-1.92	2.88
Frank Baumholtz	CF	60	0	L	124	0.2252252252252252	0.256198347107438	0.3423423423423423	0.2593241754629992	4.8	18.9	4.8	0.258	36	22.22	0	1.45	-0.484
Jim Northrup	CF	68	0	L	124	0.247787610619469	0.2868852459016393	0.3893805309734513	0.2958417956880923	4.8	20.4	14.5	0.281	32.1	11.11	0	-1.45	0.484
Walt Dropo	1B	63	5	R	120	0.2368421052631579	0.2666666666666667	0.3859649122807017	0.2828219570672679	4.2	18.4	25	0.247	25.9	0	0	0	0.5
Bob Bescher	LF	69	3	S	116	0.1809523809523809	0.2586206896551724	0.3142857142857143	0.2586439288675244	9.5	15.2	15.5	0.186	31.6	33.33	1.03	2.59	-2.069
Francisco Lindor	SS	66	0	S	116	0.1730769230769231	0.2327586206896552	0.3076923076923077	0.2392205023710708	7.8	9.6	10.3	0.168	55.6	0	0	-3.62	-1.552
John Olerud	1B	68	5	L	115	0.3232323232323233	0.4086956521739131	0.4545454545454545	0.37964882931614	13	15.2	15.7	0.354	18.8	16.67	0	-8.35	3.652
Taylor Trammell	CF	68	0	L	111	0.2596153846153846	0.3	0.4134615384615384	0.313122913137989	5.4	32.7	16.2	0.358	29.6	25	1.62	1.08	0
Jorge Soler	RF	66	0	R	111	0.3137254901960784	0.3693693693693694	0.5	0.3803522252295481	8.1	22.5	21.6	0.373	31.2	10	0	4.86	5.946
Braggo Roth	RF	66	0	R	111	0.2323232323232323	0.2803738317757009	0.3333333333333333	0.2732520109355774	5.4	24.2	5.4	0.293	34.8	0	-5.41	-5.41	-2.162
Ralph Young	2B	68	0	S	110	0.2087912087912088	0.3271028037383177	0.2857142857142857	0.2874333431269389	12.7	14.3	5.5	0.234	26.3	0	0	1.09	-0.545
Joey Votto	1B	61	0	L	103	0.2527472527472527	0.3398058252427185	0.3296703296703297	0.3051211051695759	11.7	17.6	0	0.307	30.4	0	-2.91	-1.17	0.583
Jim Northrup	CF	68	2	L	102	0.21875	0.2647058823529412	0.34375	0.270347503746283	5.9	13.5	11.8	0.235	38.1	0	-2.94	0.59	0
Don Buddin	SS	68	0	R	100	0.1954022988505747	0.2929292929292929	0.2528735632183908	0.2567113179555394	11	17.2	6	0.225	17.6	0	1.8	-3	-0.6
Marv Rackley	LF	65	0	L	100	0.2164948453608248	0.24	0.3195876288659794	0.2460782024943398	3	14.4	0	0.253	47.6	0	0.6	-4.2	-1.2
Tyler Fitzgerald	2B	67	0	R	99	0.25	0.303030303030303	0.4347826086956522	0.3222240553877234	7.1	20.7	12.1	0.296	47.8	18.18	-3.03	-0.61	0.606
Don Kessinger	SS	69	5	S	99	0.2197802197802198	0.2828282828282828	0.3186813186813187	0.2714435037417298	7.1	13.2	6.1	0.244	35	0	0	-7.27	1.818
James Outman	CF	60	0	L	97	0.1807228915662651	0.288659793814433	0.3012048192771085	0.2717070674871859	11.3	32.5	12.4	0.236	40	0	1.86	-5.57	-2.474
Aaron Boone	3B	59	0	R	93	0.2359550561797753	0.2580645161290323	0.3370786516853932	0.2596071598742482	3.2	16.9	0	0.28	33.3	28.57	-1.29	9.03	1.935
Jose Canseco	LF	65	0	R	92	0.2023809523809524	0.25	0.4523809523809524	0.3016916298654821	4.3	22.6	32.6	0.194	64.7	0	0	0	1.957
Yainer Diaz	C	66	0	R	91	0.2528735632183908	0.2857142857142857	0.4022988505747127	0.3036598599269635	1.1	9.2	19.8	0.25	31.8	0	0	2.64	0.659
Jonathan India	2B	69	0	R	91	0.2439024390243902	0.3186813186813187	0.3780487804878049	0.3120931551968507	6.6	22	6.6	0.302	45	0	0	0.66	2.637
Vince Coleman	LF	55	0	S	90	0.1764705882352941	0.2111111111111111	0.2352941176470588	0.1994474742279728	4.4	28.2	0	0.242	20	66.67	0.67	1.33	-5.333
Lou Brock	CF	51	0	L	89	0.2560975609756098	0.3146067415730337	0.3902439024390244	0.3085203090843111	7.9	17.1	13.5	0.288	28.6	16.67	-1.35	2.02	0.674
Red Smith	3B	63	0	R	88	0.2530120481927711	0.2840909090909091	0.4939759036144578	0.3346008725753297	2.3	19.3	27.3	0.266	52.4	9.09	0	2.05	4.773
Dick Culler	SS	64	5	R	87	0.1690140845070423	0.3023255813953488	0.2394366197183098	0.254725986340383	13.8	14.1	6.9	0.18	16.7	50	1.38	0.69	1.379
Dave Altizer	RF	67	0	L	87	0.1975308641975309	0.2528735632183908	0.3333333333333333	0.2608956659869567	5.7	23.5	13.8	0.233	31.2	40	-3.45	1.38	-2.759
Alex Rios	RF	68	5	R	87	0.2738095238095238	0.2988505747126437	0.4761904761904762	0.3353542279983245	2.3	14.3	13.8	0.3	47.8	18.18	1.38	5.52	4.138
Clemente Carreras	3B	67	0	R	85	0.1842105263157895	0.2530120481927711	0.3157894736842105	0.2569905402010663	8.2	18.4	21.2	0.186	28.6	0	0	1.41	0
Pretzels Getzien	P	64	5	R	85	0.225	0.2705882352941176	0.3625	0.2794669346566344	5.9	38.8	14.1	0.34	27.8	40	0	3.53	-2.118
Gene Robertson	3B	68	0	L	84	0.2702702702702703	0.3214285714285715	0.4189189189189189	0.3220437463278819	8.3	14.9	21.4	0.27	25	0	0	5	1.429
Carlos Perez	C	65	0	R	83	0.2435897435897436	0.2804878048780488	0.4487179487179487	0.3182081149640801	4.8	17.9	28.9	0.25	42.1	0	0	0	2.892
Colt Keith	3B	65	0	L	82	0.2162162162162162	0.2926829268292683	0.3243243243243243	0.2803992027399319	8.5	25.7	14.6	0.264	25	0	0	2.93	1.463
Tony Gwynn Jr.	LF	60	5	L	82	0.3108108108108108	0.3658536585365854	0.472972972972973	0.3662965194202981	7.3	14.9	14.6	0.339	30.4	14.29	0	14.63	6.585
Rickie Weeks Jr.	2B	68	0	R	78	0.2567567567567567	0.2948717948717949	0.3918918918918919	0.3015231655443905	5.1	32.4	0	0.38	52.6	0	0	10	2.308
Nick Gonzales	3B	66	0	R	77	0.3561643835616438	0.3896103896103896	0.4794520547945205	0.3807367477762386	5.2	21.9	0	0.456	30.8	12.5	0	5.45	7.013
Lane Thomas	CF	66	0	R	77	0.2028985507246377	0.2763157894736842	0.391304347826087	0.2959355367040888	9.1	18.8	23.4	0.208	50	0	1.56	-3.12	0
Joe Carter	RF	64	5	R	77	0.2567567567567567	0.2857142857142857	0.4864864864864865	0.3341266641454992	3.9	20.3	23.4	0.286	57.9	0	0	7.01	3.896
Frank Duncan	C	61	5	L	74	0.2372881355932203	0.3561643835616438	0.3728813559322034	0.3279305796622597	16.2	22	16.2	0.261	28.6	0	0	1.62	5.676
Tim Raines	LF	62	0	S	73	0.2857142857142857	0.3835616438356164	0.5079365079365079	0.3879814013650725	13.7	19	16.4	0.327	38.9	42.86	-3.29	10.68	6.575
Brice Turang	2B	55	0	L	70	0.1746031746031746	0.2	0.1904761904761905	0.1781142587508093	1.4	15.9	0	0.208	9.1	0	2.57	-0.86	-3.429
John Mayberry	1B	68	0	L	70	0.208955223880597	0.2285714285714286	0.3582089552238806	0.2559528367038545	1.4	23.9	25.7	0.224	28.6	0	0	0.86	-0.857
Milt May	C	63	0	L	70	0.1230769230769231	0.1739130434782609	0.2769230769230769	0.2009440210754665	5.7	32.3	17.1	0.143	75	0	0	-3.43	-3.429
Clyde Milan	CF	66	0	L	69	0.2307692307692308	0.2608695652173913	0.4153846153846154	0.2874626277091921	4.3	12.3	26.1	0.218	40	0	1.74	3.48	1.739
Buddy Hassett	1B	50	0	L	67	0.1612903225806452	0.1846153846153846	0.2096774193548387	0.1757472555460531	1.5	12.9	0	0.182	20	50	0	0	-6.269
Charlie Neal	2B	67	0	R	67	0.2153846153846154	0.2272727272727273	0.3384615384615385	0.2478523257056606	1.5	26.2	17.9	0.261	28.6	0	0	3.58	-0.896
Albie Pearson	CF	65	0	L	67	0.25	0.2835820895522388	0.359375	0.2845468814432695	4.5	12.5	9	0.273	31.2	0	0	4.48	0
Ron Hansen	SS	58	0	R	66	0.2241379310344828	0.2923076923076923	0.3275862068965517	0.2781213537969253	9.1	13.8	9.1	0.24	30.8	0	0	0.91	2.727
Gus Williams	RF	68	2	L	65	0.09375	0.1076923076923077	0.125	0.1045780686002456	1.5	42.2	0	0.162	33.3	0	0	5.54	-9.231
Jackson Holliday	2B	69	0	L	65	0.2142857142857143	0.3076923076923077	0.375	0.304974841465059	10.8	14.3	18.5	0.213	41.7	0	-4.62	5.54	1.846
Ramon Urias	3B	64	0	R	63	0.08771929824561403	0.1587301587301587	0.08771929824561403	0.1257686479938722	6.3	29.8	0	0.122	0		0	0	-8.571
Dick Burrus	1B	62	0	L	63	0.1578947368421053	0.2063492063492063	0.2105263157894737	0.1897061915915485	4.8	33.3	0	0.225	33.3	0	0	-0.95	-6.667
Josh Naylor	1B	66	0	L	62	0.293103448275862	0.3225806451612903	0.396551724137931	0.3155929363041111	4.8	25.9	9.7	0.372	23.5	0	1.94	1.94	1.935
Babe Phelps	C	63	0	L	62	0.2678571428571428	0.3225806451612903	0.375	0.3081254787344317	8.1	8.9	0	0.288	40	0	0	-8.71	0.968
Ryan McMahon	3B	64	0	L	61	0.2181818181818182	0.2833333333333333	0.2727272727272727	0.2561835546280419	6.6	16.4	9.8	0.244	8.3	0	0	-5.9	-0.984
Damion Easley	2B	66	0	R	61	0.2407407407407407	0.3278688524590164	0.3333333333333333	0.2948487668754343	11.5	22.2	9.8	0.293	23.1	0	0	6.89	-1.967
Damion Easley	2B	66	5	R	60	0.2075471698113208	0.3	0.4528301886792453	0.3319870056413459	10	18.9	40	0.179	45.5	0	-5	0	2
Pop Snyder	C	64	5	R	59	0.2456140350877193	0.2711864406779661	0.4385964912280702	0.3102315348058288	1.7	21.1	30.5	0.262	35.7	0	0	10.17	5.085
Mule Haas	CF	69	1	L	59	0.3269230769230769	0.3728813559322034	0.5576923076923077	0.3965161781789591	5.1	19.2	20.3	0.357	47.1	0	0	3.05	5.085
Noelvi Marte	RF	61	0	R	57	0.25	0.2678571428571428	0.2692307692307692	0.2379168918507071	3.5	25	0	0.317	7.7	0	-10.53	3.16	-4.211
Eddie Mathews	1B	65	0	L	57	0.1153846153846154	0.1785714285714286	0.1538461538461539	0.1486523581598651	7	32.7	0	0.171	33.3	0	0	-4.21	-8.421
Jo Adell	RF	59	0	R	56	0.2777777777777778	0.3035714285714285	0.4814814814814815	0.3410245544234655	3.6	33.3	21.4	0.382	46.7	0	0	0	5.357
Matt Diaz	LF	67	1	R	56	0.3	0.375	0.38	0.3407523211627108	10.7	14	10.7	0.333	13.3	0	0	-10.71	-1.071
George Johnson	CF	62	0	R	56	0.2830188679245283	0.3035714285714285	0.4339622641509434	0.3173490998569751	3.6	20.8	0	0.349	46.7	14.29	3.21	8.57	2.143
Jacob Wilson	SS	67	0	R	52	0.3404255319148936	0.3846153846153846	0.5319148936170213	0.3959776787956237	7.7	10.6	23.1	0.341	31.2	0	3.46	1.15	3.462
Will Brennan	RF	59	0	L	51	0.3260869565217391	0.392156862745098	0.4130434782608696	0.3612789058283596	7.8	13	11.8	0.359	13.3	0	0	4.71	4.706
Steven Kwan	CF	69	0	L	50	0.3777777777777778	0.4285714285714285	0.5777777777777777	0.4383657607306602	8	8.9	24	0.385	29.4	0	3.6	-4.8	7.2
Eddie Douglass	1B	65	0	L	50	0.25	0.2857142857142857	0.3636363636363636	0.2825571876734961	6	27.3	12	0.303	27.3	0	0	1.2	0
Daniel Schneemann	3B	64	0	L	49	0.1363636363636364	0.163265306122449	0.2272727272727273	0.169872912238558	4.1	31.8	12.2	0.156	33.3	0	0	0	-3.673
Russ Wrightstone	3B	63	5	L	49	0.2553191489361702	0.2857142857142857	0.4680851063829787	0.3286997098038193	4.1	19.1	36.7	0.257	33.3	0	-6.12	0	2.449
Javier Perez	2B	61	0	R	48	0.1914893617021277	0.2083333333333333	0.2765957446808511	0.2146222711477247	2.1	19.1	12.5	0.216	22.2	0	-6.25	3.75	-2.5
Sam Antonacci	LF	66	0	L	48	0.1956521739130435	0.2291666666666667	0.3478260869565217	0.2544797758341301	4.2	13	25	0.184	33.3	0	2.5	-1.25	-2.5
Miguel Amaya	C	66	0	R	47	0.2619047619047619	0.3191489361702128	0.3809523809523809	0.3099298222960097	6.4	11.9	12.8	0.27	27.3	0	0	-12.77	1.277
Connor Wong	C	68	0	R	47	0.2380952380952381	0.3043478260869565	0.4285714285714285	0.3217349657364649	6.4	21.4	12.8	0.281	50	20	0	0	2.553
Isiah Kiner-Falefa	SS	64	5	R	47	0.1521739130434783	0.1521739130434783	0.1739130434782609	0.1437074528974672	0	17.4	0	0.184	14.3	0	-6.38	2.55	-3.83
Ray Sheppard	3B	68	5	R	47	0.1395348837209302	0.1739130434782609	0.1627906976744186	0.1543427194484824	4.3	16.3	0	0.162	16.7	0	0	12.77	-2.553
Zach Cole	RF	65	0	L	47	0.2954545454545455	0.3404255319148936	0.5	0.36669016472754	6.4	36.4	25.5	0.423	38.5	0	0	2.55	3.83
Billy O&#39;Brien	1B	68	0	R	47	0.2608695652173913	0.2765957446808511	0.4565217391304348	0.3184478622125075	2.1	17.4	25.5	0.278	41.7	0	0	5.11	2.553
Colson Montgomery	SS	65	0	L	46	0.1428571428571428	0.2173913043478261	0.3333333333333333	0.235226638010744	8.7	28.6	26.1	0.143	50	33.33	0	0	-1.304
Barney Gilligan	C	63	5	R	46	0.3023255813953488	0.3478260869565217	0.4651162790697674	0.3564650461175937	6.5	27.9	13	0.4	38.5	0	0	0	3.913
Bill Robinson	LF	47	0	R	45	0.1818181818181818	0.2	0.3181818181818182	0.227774036832132	2.2	34.1	26.7	0.222	25	0	6.67	1.33	-4
Vinnie Pasquantino	1B	61	0	L	44	0.2558139534883721	0.25	0.3255813953488372	0.2500890992679142	0	16.3	13.6	0.278	9.1	0	0	10.91	-1.364
Edmundo Sosa	2B	58	0	R	43	0.2619047619047619	0.2790697674418605	0.3809523809523809	0.2899301617726674	2.3	11.9	14	0.278	27.3	0	0	4.19	1.395
Luis Aparicio	SS	52	0	R	43	0.1	0.1627906976744186	0.1	0.1307858086833623	7	12.5	0	0.114	0		0	1.4	-6.977
Miguel Montero	C	64	5	L	43	0.07692307692307693	0.1395348837209302	0.07692307692307693	0.1108593866738955	4.7	33.3	0	0.111	0		0	4.19	-5.581
Lee Walls	RF	65	0	R	43	0.25	0.3023255813953488	0.425	0.3207736008920108	7	22.5	27.9	0.276	30	0	0	-6.98	-1.395
Christopher Morel	LF	59	0	R	42	0.1621621621621622	0.2380952380952381	0.3783783783783784	0.2684369364374234	9.5	18.9	28.6	0.138	50	33.33	0	2.86	-2.857
Joey Votto	1B	61	1	L	42	0.2972972972972973	0.3809523809523809	0.5135135135135135	0.3908747671576908	9.5	13.5	14.3	0.323	54.5	0	0	0	7.143
Isiah Kiner-Falefa	SS	64	0	R	42	0.2	0.2380952380952381	0.225	0.2121470924645919	2.4	17.5	0	0.242	12.5	0	0	7.14	1.429
Gio Urshela	3B	65	0	R	41	0.3170731707317073	0.3170731707317073	0.4390243902439024	0.3290948449014468	0	24.4	0	0.419	38.5	0	0	-14.63	0
Cookie Lavagetto	2B	68	0	R	41	0.2682926829268293	0.2682926829268293	0.4878048780487805	0.3265564372114544	0	12.2	29.3	0.265	45.5	0	0	1.46	5.854
Tom Carey	2B	65	0	R	39	0.2222222222222222	0.2564102564102564	0.4722222222222222	0.3102530828245255	5.1	11.1	30.8	0.194	62.5	0	0	1.54	1.538
Dick Egan	2B	60	0	R	39	0.1764705882352941	0.2631578947368421	0.3235294117647059	0.2628216335019928	10.3	17.6	0	0.214	66.7	25	-9.23	1.54	0
Andrew Vaughn	1B	64	0	R	38	0.1818181818181818	0.2631578947368421	0.1818181818181818	0.212923903950861	10.5	15.2	0	0.207	0		0	0	-3.158
Nico Hoerner	2B	48	5	R	38	0.1944444444444444	0.2105263157894737	0.2222222222222222	0.1920972487676789	2.6	11.1	0	0.212	14.3	0	0	-6.32	-6.316
Tyler Stephenson	C	64	0	R	37	0.2424242424242424	0.2972972972972973	0.4242424242424243	0.3125679795942067	8.1	21.2	16.2	0.269	50	0	0	-11.35	3.243
Willie Harris	CF	66	0	L	37	0.1935483870967742	0.3243243243243243	0.2258064516129032	0.2663885290319841	16.2	19.4	0	0.24	16.7	0	0	3.24	0
Blaze Alexander	3B	60	0	R	36	0.1764705882352941	0.2	0.2647058823529412	0.2052724698082871	2.8	23.5	0	0.231	50	0	0	10	-3.333
Mark Belanger	SS	64	0	R	36	0.21875	0.2571428571428571	0.28125	0.2393088587809768	5.6	18.8	0	0.259	28.6	0	3.33	0	0
Mark Teahen	3B	65	0	L	36	0.2058823529411765	0.2285714285714286	0.2352941176470588	0.20856272723348	2.8	32.4	0	0.304	14.3	0	-8.33	-16.67	-6.667
Don Baylor	1B	64	5	R	36	0.1875	0.2777777777777778	0.40625	0.2924837978467658	11.1	18.8	33.3	0.167	50	0	5	3.33	0
Edouard Julien	2B	65	0	L	35	0.21875	0.2571428571428571	0.40625	0.285152293721796	2.9	18.8	17.1	0.231	42.9	33.33	0	3.43	3.429
Jordan Lawlar	3B	60	0	R	35	0.2121212121212121	0.2571428571428571	0.2727272727272727	0.2393088587809768	5.7	12.1	0	0.241	28.6	0	0	0	-3.429
TJ Friedl	CF	58	0	L	35	0.1935483870967742	0.2857142857142857	0.2258064516129032	0.2422305809830514	11.4	32.3	0	0.286	16.7	0	3.43	-15.43	-3.429
Jimmy Archer	C	59	0	R	35	0.1470588235294118	0.1470588235294118	0.1764705882352941	0.1421287316595194	0	32.4	0	0.217	20	0	0	-1.71	-3.429
George Scott	1B	64	0	R	35	0.2666666666666667	0.3714285714285714	0.4333333333333333	0.3587531000139478	14.3	13.3	17.1	0.28	37.5	0	3.43	-15.43	0
Victor Scott II	CF	62	0	L	34	0.15625	0.2058823529411765	0.1875	0.1826671210647139	5.9	12.5	0	0.179	20	0	5.29	5.29	-5.294
Harry Ford	C	57	0	R	34	0.1212121212121212	0.1470588235294118	0.1515151515151515	0.1362484269965309	2.9	30.3	0	0.174	25	0	0	-22.94	-7.059
Leody Taveras	CF	67	0	S	34	0.1875	0.2352941176470588	0.21875	0.2088166204302997	5.9	12.5	0	0.214	16.7	0	5.29	-1.76	-1.765
Joey Bart	C	59	0	R	32	0.1612903225806452	0.1875	0.1935483870967742	0.172547796759749	3.1	45.2	0	0.294	20	0	0	0	-5.625
Seth Brown	LF	64	0	L	32	0.3214285714285715	0.375	0.4285714285714285	0.3509403318236378	9.4	14.3	0	0.36	33.3	0	0	-1.88	1.875
Phil Cavarretta	CF	60	0	L	32	0.3214285714285715	0.40625	0.3214285714285715	0.3372063786701657	9.4	21.4	0	0.409	0		0	15	3.75
Rube Foster	P	67	5	R	32	0.1666666666666667	0.21875	0.2666666666666667	0.2212492052815058	3.1	40	18.8	0.235	20	0	0	1.88	-3.75
Jeff McNeil	2B	65	0	L	31	0.1724137931034483	0.1935483870967742	0.3103448275862069	0.2175979710119717	3.2	17.2	19.4	0.167	40	0	0	0	-1.935
Aledmys Diaz	SS	64	0	R	31	0.3	0.3225806451612903	0.4333333333333333	0.3300741289177197	0	13.3	0	0.346	33.3	33.33	0	5.81	3.871
Dave Gallagher	CF	68	0	R	31	0.3666666666666666	0.3870967741935484	0.5333333333333333	0.4009129276708803	3.2	20	19.4	0.435	18.2	50	-9.68	1.94	3.871
Cavan Biggio	RF	65	0	L	30	0.3703703703703703	0.4137931034482759	0.4444444444444444	0.3807951376766874	6.7	14.8	0	0.435	20	0	0	-2	4
Bob Kennedy	3B	61	0	R	30	0.2142857142857143	0.2413793103448276	0.25	0.2210556025773063	3.3	21.4	0	0.273	16.7	0	0	0	-4
Danny Murtaugh	2B	62	0	R	30	0.2333333333333333	0.2333333333333333	0.5	0.3148506675891962	0	23.3	40	0.238	57.1	0	-10	4	4
Paul DeJong	SS	68	2	R	30	0.16	0.3	0.2	0.2463018999145091	16.7	12	0	0.182	25	0	-12	-8	-2
Yogi Berra	LF	68	1	L	30	0.2758620689655172	0.3	0.2758620689655172	0.2600605482442543	3.3	3.4	0	0.286	0		0	8	2
Kevin Kiermaier	CF	67	0	L	30	0.1724137931034483	0.2	0.2068965517241379	0.1840509832103989	3.3	10.3	0	0.192	20	0	6	0	-6