# CAP key=goldslotsdaily__20260314 role=hit label=Gold Slots Daily type=Daily env=current variants=all_cards obsval=41-89 minIP=null minPA=30 dates=2026-07-05..2026-07-19 recordsTotal=578 rows=578
Name	POS	VAL	VLvl	Hand	PA	AVG	OBP	SLG	wOBA	BBpct	SOpct	HR600	BABIP	XBHpct	3B/XBH	wSB600	UBR600	WAR600
Matt Wieters	C	82	0	S	10824	0.2592705786471068	0.3192297009536154	0.3970048899755501	0.3154832511818447	7.7	19.9	17.3	0.293	27.9	2.68	-0.02	-2.87	3.503
Chick Hafey	LF	89	0	R	10664	0.2751109318273497	0.3162393162393162	0.4732755143202904	0.3395963464070743	5.4	20.7	23	0.307	39.9	5.61	-0.52	3.45	2.976
Yu Chang	SS	89	0	R	8707	0.2556014519964952	0.3065634388721978	0.3935411190386782	0.3075290244689667	6.5	22.4	14.8	0.303	31	6.16	-0.36	0.96	2.467
Carson Williams	SS	87	0	R	8608	0.2119402985074627	0.2824382824382825	0.3608046722907203	0.2848556017074885	8.4	31	18.2	0.268	33.2	15.31	0.4	1.28	2.677
Ken Griffey Jr.	CF	84	0	L	7411	0.2573430743998807	0.3201244252096294	0.3948113910839421	0.3157883397961315	8	23	16.1	0.305	30.1	0.96	-0.37	0.82	2.996
Willie McGee	CF	79	0	S	6549	0.2585624698504583	0.2882938026013772	0.3982955459077022	0.2979354010493742	3.6	19.5	8.9	0.305	32.5	29.06	1.75	4.15	2.464
Prince Fielder	1B	87	0	L	6080	0.2601776461880089	0.3338818495968405	0.4178386380458919	0.3306619128276655	9.6	19.3	20.5	0.285	30.4	2.11	0	-4.74	1.273
Travis Bazzana	2B	87	0	L	5904	0.260727969348659	0.338135593220339	0.4086206896551724	0.3288070708913803	10.2	17.5	12	0.293	34.3	14.78	-0.11	4.08	2.754
Ichiro Suzuki	CF	88	0	L	5513	0.2663159945451004	0.3070063694267516	0.3510617572569648	0.2918956251125334	5.2	15.1	5.3	0.303	21.7	13.47	1.26	4.64	2.253
Tino Martinez	1B	87	5	L	5382	0.2571191020577843	0.3265192343430589	0.4425275410517564	0.3343606807408706	9.1	15.8	24.6	0.262	35.4	2.74	-0.03	-1.44	2.453
Bobby Bonilla	RF	84	0	S	4976	0.2470720720720721	0.3191232656344259	0.4322072072072072	0.3279781979433242	9.1	21.5	24.5	0.269	36.4	4.26	-0.55	0.12	3.147
Kevin Alcantara	CF	76	5	R	4396	0.2332164328657315	0.2956462274903123	0.3840180360721443	0.2982393511799582	7.7	27.5	18	0.286	33.4	8.68	-0.81	1.76	1.843
Tino Martinez	1B	87	0	L	4352	0.2462044534412955	0.3075155136750172	0.409665991902834	0.3134049791883095	7.8	16.9	22.1	0.258	33	1.56	-0.34	-1.78	1.062
Zack Cozart	SS	83	0	R	4248	0.2672847682119205	0.3411071849234393	0.4288741721854304	0.3376401601778978	9.7	18.5	17.7	0.296	31.2	14.29	-0.37	-0.28	3.912
Danny Tartabull	RF	87	0	R	3977	0.2354253835425384	0.3052552175006286	0.4259414225941422	0.3184415213799908	8.7	35.4	23.4	0.316	42.1	5.07	-0.29	-0.66	0.981
Yu Chang	SS	89	5	R	3834	0.2521613832853026	0.3133977539827631	0.3979827089337176	0.3123057417590486	7.8	23	14.6	0.299	34.9	4.92	0.23	0.89	3.005
Dick Groat	SS	89	0	R	3496	0.2659176029962547	0.3115462136481428	0.3720349563046192	0.3006540593413789	6.1	12	3.3	0.293	31.5	12.69	-0.48	2.32	2.609
Edgardo Alfonzo	2B	79	0	R	3471	0.2321256813081116	0.2953488372093023	0.3603719140750241	0.2907919213141159	7.8	21.3	11.9	0.271	35.5	1.95	-0.54	0.4	2.437
Kevin Alcantara	CF	76	0	R	3441	0.2208848405985686	0.2933450087565674	0.3513337670787248	0.286289820212323	8.8	29.4	16.7	0.278	29.5	4.5	-0.77	3.16	0.907
Steve Finley	CF	89	0	L	3239	0.2481456507080243	0.296875	0.356372218476062	0.2885888774149019	6.1	16.9	7.2	0.285	27.3	20.9	2.85	4.21	2.019
Carson Williams	SS	87	5	R	3180	0.2260007084661707	0.3034700315457413	0.385759829968119	0.3043397006799351	9.4	31	19.1	0.287	34.2	14.22	0.19	0	3.736
Robin Yount	SS	83	5	R	3040	0.2609791216702664	0.3153212520593081	0.4103671706263499	0.3170526688227244	7.1	17.4	16.2	0.287	32.4	6.81	-0.51	1.38	3.276
Pablo Sandoval	3B	84	0	S	3030	0.2631390775831248	0.3096497025776603	0.410439756882374	0.3147091141605397	5.8	17	16.2	0.288	31.9	5.53	-0.2	-0.46	3.248
Ken Berry	LF	55	0	R	2942	0.2467435802009676	0.2896288588276101	0.3457387420915519	0.2813668722296595	5.3	20	8.2	0.292	26.8	4.49	-0.86	2.63	0.979
Eduardo Quintero	CF	88	0	R	2897	0.2392661982825917	0.3174108688127379	0.3704137392661983	0.3058982970975639	9.8	22.6	10.8	0.287	33.9	11.54	1.53	4.87	2.713
Gregg Jefferies	1B	84	5	S	2856	0.2818217205138186	0.3446584938704028	0.3982094200077851	0.3283409247590371	8.4	11.6	12	0.298	24	6.32	1.18	3.17	2.416
Cecil Cooper	1B	89	0	L	2787	0.2854990583804143	0.3078304597701149	0.4418079096045198	0.3236405006078831	3	15.8	18.3	0.309	31.1	3.81	-0.19	1.16	2.153
Curtis Granderson	CF	75	0	L	2724	0.2336182336182336	0.2950333580429948	0.3638583638583638	0.2910774837177313	7.3	25.1	11.7	0.288	30.7	21.59	0.29	3.61	1.432
Jimmie Hall	CF	88	0	L	2716	0.222037422037422	0.2997416020671835	0.4029106029106029	0.3077529942491123	9.4	23.8	21.9	0.247	39.7	11.79	-0.35	2.56	2.386
Brian Dozier	2B	88	5	R	2672	0.2453760789149199	0.3046904315196998	0.4332100287710645	0.3198199488980666	7.6	19.8	22.9	0.265	39.5	7.2	1.35	0.99	3.57
Sid Gordon	3B	89	0	R	2628	0.2089487402258905	0.2990476190476191	0.3279756733275413	0.2836924946170133	10.6	19.6	15.3	0.23	28.9	0.72	-0.11	0.25	-0.32
Tony Phillips	LF	88	0	S	2622	0.2450155073105893	0.3436426116838488	0.3145768719539211	0.3020862561426592	12.6	23.3	4.8	0.308	20.6	0.88	-0.5	1.1	1.693
Danny Tartabull	RF	87	5	R	2407	0.2588505747126437	0.3241895261845387	0.4832183908045977	0.3483520032721744	8.5	33.2	28.9	0.331	43.5	4.49	-0.12	-2.27	2.268
Spoony Palm	C	79	0	R	2383	0.2545126353790614	0.2886247877758913	0.444043321299639	0.3146513721424799	4.4	18.1	23.2	0.27	38.5	8.76	-0.15	-0.1	1.611
Bobby Witt Jr.	SS	83	5	R	2315	0.2614530310041647	0.3019031141868512	0.4127718648773716	0.3107660186986799	5.1	16.1	14.8	0.286	30.8	22.41	2.88	4.51	4.225
Robin Yount	SS	83	0	R	2307	0.25	0.2908695652173913	0.409683426443203	0.3045229977972543	5	17.2	15.6	0.274	37.4	10.95	-0.68	0.44	2.549
Howard Johnson	3B	84	5	S	2149	0.2401883830455259	0.3168685927306617	0.423338566195709	0.3237240666185584	9.7	29.3	22.6	0.294	39	5.03	-0.14	2.9	2.848
Willie Keeler	RF	77	0	L	2122	0.3058419243986255	0.3278301886792453	0.4491899852724595	0.3363876385163948	2.7	7.5	7.6	0.319	27.9	36.78	-0.4	2.74	2.46
George Lombard Jr.	SS	86	0	R	2102	0.2126068376068376	0.2891221374045801	0.3637820512820513	0.2891874776242258	9.4	31.3	17.1	0.272	39.4	3.82	-1.57	2.2	1.313
Richie Scheinblum	RF	87	0	S	2096	0.2708887706226716	0.3398661567877629	0.3964874933475253	0.3264299407389916	9.1	12.2	11.5	0.289	28.7	6.85	0	-2.58	1.317
Owen Caissie	RF	78	0	L	2051	0.2282905516111415	0.303370786516854	0.3571818678317859	0.2950423566847941	9.2	30.6	14.9	0.298	30.9	3.88	-0.7	-1.55	-0.205
Rogers Hornsby	2B	83	0	R	2040	0.2583892617449665	0.3436426116838488	0.4116331096196868	0.3342696147818995	11.1	18.8	14.4	0.292	37.2	2.33	-0.44	-1.47	2.647
Ken Henderson	LF	85	0	S	2026	0.2420066152149945	0.3136769078295342	0.3743109151047409	0.3052541543489534	8.9	18.9	11.5	0.277	34.6	6.58	0.06	1.98	1.51
Dan Pasqua	LF	79	0	L	2022	0.2410514541387025	0.3207920792079208	0.3803131991051454	0.3111241340618116	9.9	31.8	18.1	0.315	29.2	0.79	-0.15	-2.55	0.386
Jackie Robinson	2B	79	0	R	2012	0.250828729281768	0.3068756319514661	0.3569060773480663	0.2950167488865988	6.5	16.1	7.5	0.284	28.2	10.94	-0.66	3.73	1.223
Brian Dozier	2B	88	0	R	1987	0.2285242290748899	0.2831903079252903	0.394273127753304	0.2956787545963515	6.7	23.1	21.4	0.256	35.2	8.9	0.82	2.08	1.872
Willie McGee	CF	79	5	S	1945	0.2755046372067649	0.3089598352214212	0.4233496999454446	0.3174846952665304	4.2	17	9.6	0.315	31.5	31.45	1.33	3.49	3.64
Ernie Banks	SS	83	5	R	1920	0.2441926345609065	0.2980719124544033	0.3858356940509915	0.3004243021395003	6.9	17.5	16.9	0.266	31.3	5.19	0	-0.66	2.906
Earl Webb	RF	72	0	L	1906	0.2456546929316338	0.3079348397267472	0.3534183082271147	0.2945284269267768	8	21.3	6.6	0.298	31.8	6.67	-0.63	1.64	0.189
John Donaldson	P	89	0	L	1901	0.2236547085201794	0.2594164456233422	0.3643497757847534	0.2713231888995689	4.2	25.1	16.7	0.267	34.6	5.07	-0.28	-1.8	-1.073
Woodie Held	SS	79	0	R	1858	0.2173913043478261	0.2947539210383991	0.3538647342995169	0.2885308205720489	9.1	29.4	14.5	0.278	34.7	8.8	0	-1.94	0.904
Jonathan Schoop	2B	67	0	R	1799	0.2443519619500595	0.2823790994997221	0.3953626634958383	0.2949679541034144	4.8	24.6	18.7	0.288	34.3	0.71	-0.33	-2.6	1.668
Steve Finley	CF	89	5	L	1794	0.2619926199261993	0.3183098591549296	0.3874538745387454	0.3109024230281363	7.1	14.4	7	0.293	31.2	21.8	2.24	3.24	3.144
Lorenzo Cain	CF	84	0	R	1753	0.25181598062954	0.2897889332572732	0.3795399515738499	0.2930680953389026	4.6	19.8	11.3	0.294	31.5	10.69	2.77	3.15	2.67
Eddie Joost	SS	89	5	R	1722	0.2292225201072386	0.3234438627108784	0.3880697050938338	0.3163521417438117	11.3	26.6	18.8	0.273	36	4.88	-0.94	-0.91	2.404
Andre Dawson	CF	77	5	R	1706	0.2501563477173233	0.2871403405754551	0.4152595372107567	0.3040898626306022	4.1	22.1	18.6	0.287	33.5	17.91	-0.32	5.17	2.427
Orlando Cabrera	SS	89	5	R	1663	0.2353714661406969	0.2859733978234583	0.3149243918474688	0.2682473788475665	6.4	13.2	5.1	0.26	24.9	4.49	0.51	2.56	1.515
Jack Burdock	2B	87	0	R	1632	0.2639527248850952	0.305334150827713	0.4097176625082075	0.3115518044640904	5.5	21.4	13.6	0.311	32.8	12.12	-0.51	0.59	3.456
David Ross	C	88	0	R	1565	0.2247838616714697	0.2976113621691414	0.3069164265129683	0.2737048954020118	9	25.7	3.1	0.294	29.8	5.38	0.08	-4.18	0.613
Carson Benge	RF	82	0	L	1547	0.2538677918424754	0.3048543689320388	0.3783403656821379	0.300099456009331	6.5	22.1	11.2	0.304	28.8	14.42	0.19	4.42	1.745
Gregg Jefferies	1B	84	0	S	1527	0.3010057471264368	0.3569089718402096	0.4245689655172414	0.3448239417590271	7.4	11.5	13.4	0.319	23.6	5.05	0.16	3.54	3.379
Ivan Rodriguez	C	76	0	R	1520	0.2296028880866426	0.2833553500660502	0.3364620938628159	0.275395260138323	6.8	21.4	9.5	0.272	29.9	5.26	-0.71	0.28	0.474
Braden Montgomery	RF	74	5	S	1440	0.2532818532818533	0.3160839160839161	0.4386100386100386	0.3286241825775982	8.1	23.6	20	0.294	40.5	8.27	-0.33	0.67	2.667
Felipe Lopez	SS	68	5	S	1438	0.2546875	0.3216783216783217	0.3875	0.3130583567663243	8.8	23.4	13.8	0.304	28.2	13.04	-0.58	-2	1.46
Willard Brown	RF	88	0	R	1416	0.263677811550152	0.303914590747331	0.4141337386018237	0.3128085803170768	5.1	21.1	18.6	0.302	30.8	2.8	-0.93	0.42	1.61
Luis Castillo	2B	73	0	S	1411	0.2612540192926045	0.3253275109170305	0.3319935691318328	0.2958317560475655	8.1	14.7	3.8	0.298	18.2	18.64	-0.38	2.93	1.999
Jimmy Rollins	SS	69	0	S	1398	0.226038338658147	0.2999284180386543	0.3554313099041533	0.2922413224582645	9.2	16.9	13.7	0.247	31.8	8.89	-0.52	2.66	2.704
Charlie Condon	1B	79	5	R	1390	0.2119428090832632	0.3181818181818182	0.3448275862068966	0.3001729781472725	12.9	28.9	13.8	0.268	36.5	2.17	-0.09	-1.34	0.647
Dylan Beavers	RF	87	5	L	1388	0.2656376929325752	0.3374188896899784	0.4232331437855402	0.3333124594051468	9.8	16.6	17.7	0.286	30.6	12	0.43	3.11	2.248
Dave Harris	LF	67	0	R	1384	0.2100977198697069	0.2884195193008012	0.3762214983713355	0.2931459691747626	9.5	26.7	18.2	0.25	42.2	10.09	-1.17	-0.09	-0.434
Howard Johnson	3B	84	0	S	1317	0.2464494569757728	0.3105542900531511	0.4653299916457811	0.3346845696983392	8.1	30	29.2	0.296	43.4	4.69	-0.18	3.96	2.187
Nico Hoerner	2B	48	0	R	1302	0.2185154295246038	0.2656370656370656	0.2777314428690575	0.2446101735913006	5.5	17.2	1.8	0.257	20.6	16.67	-0.23	-2.3	-0.599
Juan Uribe	SS	66	0	R	1246	0.2314189189189189	0.2560581583198708	0.3800675675675675	0.2735164338782793	3	25.8	12	0.288	36.9	24.75	-0.87	-0.77	1.156
Charlie Condon	1B	79	0	R	1217	0.2022367194780988	0.2859504132231405	0.3094128611369991	0.2701779643883437	9.9	30.8	11.8	0.265	29.5	4.69	-0.15	-2.02	-1.331
Buddy Bell	3B	85	0	R	1207	0.2818261633011414	0.312603648424544	0.398595258999122	0.3110168802089057	4.1	13.4	8.9	0.309	26.8	12.79	-0.5	1.54	3.728
Roy White	LF	89	0	S	1206	0.2586691658856607	0.3369294605809129	0.4245548266166823	0.3332183930002287	10.4	16.1	17.9	0.277	33.7	12.9	-0.1	1.54	2.139
Oscar Charleston	CF	89	0	L	1199	0.2188081936685289	0.2724167378309137	0.3482309124767226	0.2737322565646593	6.3	22.1	13	0.254	35.7	3.57	-0.15	0.2	-0.35
Jeff Blauser	SS	88	0	R	1167	0.2555023923444976	0.3182608695652174	0.3827751196172249	0.3113108007534488	7.1	24.3	14.4	0.311	27.3	5.48	0.21	2.62	1.902
Tim McCarver	C	68	0	L	1166	0.2518796992481203	0.3092783505154639	0.4050751879699248	0.3121691744342264	6.9	10.5	8.2	0.267	35.8	36.46	-0.72	0.21	1.492
Al Simmons	CF	89	5	R	1143	0.2427366447985005	0.2865907099035934	0.3898781630740394	0.2961028389072478	4.9	21.6	14.7	0.283	35.5	9.78	-1.21	-0.84	0.315
Lonny Frey	2B	88	0	L	1141	0.2378592666005946	0.3066666666666666	0.33201189296333	0.2867799632499139	8.6	17.3	8.9	0.269	21.2	19.61	1.95	1.63	2.051
Javier Baez	2B	78	0	R	1120	0.260707635009311	0.2841823056300268	0.4013035381750465	0.297324295204619	2.8	20	11.8	0.306	32.5	17.58	-0.27	2.89	2.464
Bobby Witt Jr.	SS	83	0	R	1102	0.2760617760617761	0.3163636363636363	0.4237451737451737	0.323637736676032	4.7	14.8	18.5	0.296	26.2	13.33	0.11	3.65	3.757
Tony Lazzeri	2B	89	0	R	1080	0.234504132231405	0.2952830188679245	0.3915289256198347	0.30180285894674	7.2	30.9	20	0.299	31.7	11.11	-0.83	0	2.389
Gil McDougald	SS	85	0	R	1079	0.2484599589322382	0.3030869971936389	0.3521560574948665	0.2904175758442807	7	20.8	7.8	0.296	26	15.87	-0.83	2.61	2.391
Roy Campanella	C	86	0	R	1075	0.2348178137651822	0.288515406162465	0.4200404858299595	0.3084319858924094	6.6	21.6	27.3	0.25	35.8	2.41	-0.84	-0.95	1.842
Duke Snider	CF	73	5	L	1071	0.2376543209876543	0.2993451824134705	0.4197530864197531	0.3132808756228205	7	27.2	23	0.281	37.7	9.2	0	-0.28	2.913
Bobby Bonds	RF	87	0	R	1051	0.2077502691065662	0.2907530981887512	0.3423035522066739	0.2837071629866713	10.2	30.9	18.8	0.259	28	9.26	2.06	3.48	0.628
Eduardo Quintero	CF	88	5	R	1033	0.2513781697905182	0.3343023255813953	0.3693495038588754	0.3151355198040838	10.6	25	8.7	0.316	30.3	11.59	3.25	6.85	4.414
Andre Dawson	CF	77	0	R	1025	0.264033264033264	0.3003913894324853	0.4438669438669439	0.3212613861239492	4.3	25.2	21.1	0.315	35.8	10.99	-0.41	3.69	2.751
Dave Brain	3B	68	0	R	1003	0.2057569296375266	0.2445109780439122	0.3667377398720683	0.265384179876655	4.6	25.5	21.5	0.233	37.8	8.22	-0.24	0.54	0.239
Kris Bryant	3B	84	0	R	975	0.2304147465437788	0.3076131687242799	0.3928571428571428	0.3090628357541211	8.8	27.6	19.1	0.281	35.5	11.27	-0.31	2.52	2.092
David Dahl	CF	75	0	L	953	0.2741935483870968	0.3248945147679325	0.4320276497695852	0.3285870363498764	6.2	23.6	15.7	0.329	33.2	10.13	-0.31	1.39	2.204
Owen Caissie	RF	78	5	L	947	0.2208588957055215	0.3231256599788807	0.3742331288343558	0.3119577718353857	12.7	32.1	18.4	0.285	36.1	3.08	-0.63	-2.41	0.57
Troy Glaus	3B	58	0	R	939	0.2030696576151122	0.2645161290322581	0.3412042502951594	0.2681674222147713	7.5	26.9	16	0.244	35.5	9.84	0.13	1.28	-0.511
Julio Franco	2B	83	0	R	932	0.2508710801393728	0.2986036519871106	0.3612078977932636	0.2916472331746102	5.9	16.3	11.6	0.278	25.9	5.36	0.9	3.73	0.386
Albie Pearson	RF	85	5	L	914	0.2612035851472471	0.3502762430939226	0.3367477592829706	0.31158177998998	12	15	3.3	0.297	22.1	8.89	0.26	2.17	1.51
Roger Maris	RF	82	0	L	912	0.1942714819427148	0.2774122807017544	0.3848069738480697	0.2906695856816076	10	15.9	28.3	0.175	40.4	6.35	0	0.39	-0.263
Jackie Robinson	LF	87	0	R	901	0.2285368802902056	0.2873051224944321	0.3385731559854897	0.2801238551596302	6.7	16	15.3	0.246	22.2	7.14	-1.86	-0.27	-0.466
Ray Dandridge	3B	88	5	R	900	0.242603550295858	0.2791991101223582	0.3585798816568047	0.2792785342569576	4.6	14.4	6.7	0.27	34.1	11.43	-0.6	-0.2	1.267
Sid Gordon	3B	89	5	R	899	0.240979381443299	0.339265850945495	0.4265463917525773	0.3363409968015252	12.7	17.8	23.4	0.25	39.6	0	-0.33	-0.8	2.937
Dylan Beavers	RF	87	0	L	898	0.2440251572327044	0.3251670378619154	0.3811320754716981	0.3140543045112293	10.4	19.6	14	0.278	33.5	3.08	1.54	0.87	1.336
Bob Fothergill	LF	86	5	R	891	0.2761104441776711	0.3149606299212598	0.4201680672268908	0.3202713555791262	5.3	17.5	13.5	0.312	31.3	11.11	-0.54	-0.61	1.684
Jackie Bradley Jr.	CF	69	0	L	888	0.2251243781094527	0.2870056497175141	0.3258706467661692	0.2743960117659616	7.2	27.4	6.8	0.294	30.4	10.91	0.88	1.35	0.608
Vic Power	1B	76	5	R	888	0.2811387900355872	0.3062146892655367	0.4673784104389087	0.3316419052737516	2.6	7.2	16.2	0.278	41.4	11.22	-0.34	-0.41	3.243
Maury Wills	SS	78	0	S	883	0.2266666666666667	0.2671232876712329	0.28	0.2461503313912642	4.5	15.3	0.7	0.265	16.6	35.48	3.47	3.13	0.068
Eddie Joost	SS	89	0	R	854	0.2273936170212766	0.3096926713947991	0.3843085106382979	0.3080330786209478	9.7	27.3	17.6	0.278	38	4.62	-0.35	-0.21	2.319
Bob Horner	3B	84	0	R	836	0.2195767195767196	0.2894736842105263	0.3716931216931217	0.2931880140592315	8.7	29.4	21.5	0.268	33.1	0	-0.14	-0.14	0.359
Ernie Banks	SS	83	0	R	829	0.2652795838751625	0.3124246079613993	0.4187256176853056	0.3200164239885487	5.7	21.1	21	0.3	26.5	11.11	0	0	3.329
Carl Crawford	LF	81	5	L	811	0.2651715039577837	0.3061728395061729	0.449868073878628	0.3258563775012406	5.5	19.1	13.3	0.305	40.3	28.4	0.89	4.96	3.403
Howie Kendrick	1B	88	0	R	810	0.2765399737876802	0.3089330024813896	0.3774574049803407	0.3018484381537824	4.4	17.6	9.6	0.319	23.2	4.08	0	-1.11	0.593
Ossie Bluege	3B	89	0	R	808	0.2576177285318559	0.3211586901763224	0.3130193905817175	0.2881588973109055	8.3	14.3	1.5	0.297	17.7	9.09	0.37	4.01	2.079
Miguel Sano	3B	77	0	R	803	0.2496513249651325	0.3250311332503114	0.4100418410041841	0.3237984365273183	9.8	37.5	21.7	0.355	30.7	3.64	-0.37	-0.75	1.793
Carter Jensen	C	89	0	L	802	0.2011173184357542	0.2808988764044944	0.3114525139664804	0.2673940017740953	8.9	24	12	0.241	29.2	11.9	-0.97	-1.65	-1.496
Roger Maris	RF	82	5	L	801	0.2101551480959097	0.29125	0.4132581100141044	0.3086927426302505	9.4	16.8	30.7	0.194	40.9	1.64	0	-0.37	0.674
Al Simmons	CF	89	0	R	799	0.2469798657718121	0.2866161616161616	0.3973154362416108	0.2970328314635981	5.1	22.1	15.8	0.29	36.4	4.48	-0.38	-0.45	0.075
Jason Kipnis	2B	81	5	L	786	0.2156028368794326	0.2884615384615384	0.323404255319149	0.2760443301995003	8.9	28.4	10.7	0.28	30.9	2.13	0.38	0.69	-0.153
Joe Judge	1B	74	0	L	762	0.2261001517450683	0.3214285714285715	0.3611532625189681	0.3055705437268826	11.5	18.4	7.9	0.262	33.6	38	0.16	0.63	1.339
Hyun-soo Kim	LF	68	0	L	760	0.2282282282282282	0.3117569352708058	0.3108108108108108	0.2830969691323282	10.7	19.8	2.4	0.277	31.6	2.08	0	-1.42	0.632
Howie Kendrick	1B	88	5	R	746	0.2954545454545455	0.3284182305630027	0.4786931818181818	0.3481258914085708	4.6	17.2	19.3	0.326	36.5	6.58	0	-1.53	3.056
Dick Allen	3B	79	0	R	742	0.2330246913580247	0.3184885290148448	0.3487654320987654	0.3006794628613152	10.5	31.5	15.4	0.305	24.5	0	1.13	2.59	0.97
Bingo DeMoss	2B	79	0	R	710	0.1847649918962723	0.2767475035663338	0.2382495948136143	0.2425428709350143	10.4	21.6	3.4	0.227	21.1	4.17	0.08	0.85	-0.254
Yasmani Grandal	C	79	0	S	708	0.1729200652528548	0.2725988700564972	0.2561174551386623	0.2465869365613601	11.4	25.4	7.6	0.213	27.4	13.79	-0.85	-1.95	-0.932
Matty Alou	CF	69	0	L	708	0.2784431137724551	0.3097595473833097	0.3787425149700599	0.3020353360371874	4.1	10	0.8	0.305	30.6	14.04	0.59	1.95	0.763
Bob Horner	3B	84	5	R	705	0.2395498392282958	0.3219858156028369	0.4212218649517685	0.3259439748719689	10.6	26	24.7	0.275	36.2	1.85	-0.09	-0.85	1.957
Nico Hoerner	2B	48	5	R	703	0.2716049382716049	0.3152639087018545	0.3240740740740741	0.2855308776425882	5.7	17.1	0.9	0.322	17	6.67	-0.94	2.82	1.536
Jason Heyward	RF	57	0	L	699	0.2174603174603175	0.2772988505747127	0.2825396825396825	0.2523555888864779	7.7	17.5	4.3	0.251	19.7	14.81	-0.86	4.55	-0.172
Luis Arraez	1B	88	0	L	692	0.251993620414673	0.3115942028985507	0.3923444976076555	0.3096543540528808	7.9	12.6	15.6	0.261	31.6	4	-1.82	1.21	0.607
Roy Campanella	C	86	5	R	687	0.2371794871794872	0.2988338192419825	0.4230769230769231	0.3140573782730914	7.1	22.4	25.3	0.259	37.8	3.57	0	-1.14	2.707
Lee May	1B	71	5	R	682	0.2012779552715655	0.249266862170088	0.34185303514377	0.2591050219820987	5.4	33.9	18.5	0.259	34.1	6.98	0	-2.11	-1.144
Mike Grady	C	87	5	R	667	0.2092257001647446	0.2717717717717718	0.3805601317957166	0.2848106719181383	7.8	32.1	21.6	0.262	41.7	5.66	-1.17	-0.81	-0.63
Jose Vidro	2B	77	5	S	666	0.271356783919598	0.3302752293577982	0.4036850921273032	0.3243801552259765	6.9	15.7	11.7	0.302	31.5	3.92	-0.45	-2.07	1.892
Tony Fernandez	2B	65	5	S	653	0.2576	0.28	0.3584	0.2799997160831049	2.6	11.8	9.2	0.277	25.5	4.88	0	2.3	1.47
Mike Easler	1B	87	5	L	653	0.265546218487395	0.3246554364471669	0.4369747899159664	0.3324959968139449	7.8	28.2	22.1	0.329	33.5	1.89	-0.46	-6.62	1.654
Ben Zobrist	2B	84	5	S	649	0.2460176991150443	0.3359013867488444	0.3823008849557522	0.3195880639653275	11.6	16.5	11.1	0.273	36	6	0	-1.76	2.034
Buck O&#39;Neil	1B	84	0	R	644	0.2284710017574692	0.308411214953271	0.319859402460457	0.2841846500022198	9.8	18.6	2.8	0.273	25.4	39.39	-0.75	-2.33	-0.373
Devin Mesoraco	C	82	5	R	631	0.2264150943396226	0.2746031746031746	0.3533447684391081	0.2763722618613276	6.2	23.7	16.2	0.265	30.3	0	0	-2.76	-0.951
Mickey Tettleton	C	69	0	S	631	0.1925233644859813	0.3084260731319555	0.3252336448598131	0.2902940089251176	13.3	34.2	17.1	0.252	31.1	9.38	0	-5.42	-0.761
Garret Anderson	CF	80	5	L	627	0.2375415282392027	0.2599681020733652	0.4119601328903654	0.2878430413625886	2.7	15	21.1	0.244	39.9	7.02	-0.48	-0.38	-0.67
Juan Pierre	CF	70	5	L	621	0.2534246575342466	0.2882447665056361	0.3424657534246575	0.2782873250970291	4.8	11.5	3.9	0.277	25.7	15.79	2.22	2.13	-0.483
Willie Keeler	RF	77	5	L	620	0.2741379310344828	0.3048387096774193	0.4103448275862069	0.3085474195206045	3.9	8.8	6.8	0.286	27.7	47.73	-2.13	4.26	2.032
Richie Ashburn	CF	87	5	L	616	0.2457786116322702	0.3306055646481179	0.298311444652908	0.289675946460831	10.7	15.2	4.9	0.278	12.2	12.5	-1.07	3.99	1.266
Jim Greengrass	LF	74	5	R	598	0.2449355432780847	0.2996632996632997	0.3738489871086556	0.2969101151559622	6.2	24.7	10	0.304	32.3	16.28	-0.3	-6.72	0
Willie Stargell	1B	89	0	L	590	0.2404580152671756	0.3208828522920203	0.4064885496183206	0.3212584804983388	9.5	25.8	19.3	0.288	38.1	2.08	0	-1.93	1.22
Willy Adames	SS	59	0	R	585	0.1831501831501831	0.2302405498281787	0.282051282051282	0.22864570689618	5.6	32.4	14.4	0.241	26	0	-1.23	1.95	-1.026
Andrew McCutchen	CF	83	5	R	576	0.2854368932038835	0.3582608695652174	0.4679611650485437	0.3607399801377005	9.4	17.1	21.9	0.31	34	4	-0.21	0	4.583
Matt Nokes	C	57	0	L	575	0.2288930581613508	0.2701754385964912	0.3771106941838649	0.2824219185984643	4.9	20.8	21.9	0.249	29.5	2.78	0	1.57	-0.939
Chick Hafey	LF	89	5	R	562	0.3157894736842105	0.3620071684587813	0.5984405458089669	0.4039230469944645	6.6	17.7	32	0.332	45.7	14.86	-0.21	1.17	6.192
Rick Monday	CF	69	0	L	552	0.2306163021868787	0.2916666666666667	0.3618290258449304	0.290005666211822	7.4	32	17.4	0.303	28.4	3.03	-0.54	0.43	-0.217
Damion Easley	2B	73	0	R	545	0.2174757281553398	0.2559852670349908	0.3805825242718446	0.2780257924303723	4	24.5	24.2	0.245	35.7	0	0.44	0.88	1.651
Tim McCarver	C	68	5	L	542	0.2757936507936508	0.3210332103321033	0.4484126984126984	0.3335222746593406	6.1	10.1	14.4	0.284	34.5	27.08	-0.55	-0.44	3.542
Ray Lankford	CF	88	0	L	533	0.2245322245322245	0.2919020715630885	0.3742203742203742	0.2948651264421006	8.6	26	19.1	0.266	35.2	0	-0.9	2.48	0.901
Chris Cannizzaro	C	65	0	R	529	0.2563025210084033	0.32	0.3676470588235294	0.3065930153428424	7.9	17	11.3	0.289	24.6	10	-0.57	-0.79	0.907
Edgardo Alfonzo	2B	79	5	R	526	0.2584745762711864	0.3225190839694657	0.4088983050847458	0.3200252980889124	8.4	18.9	13.7	0.293	36.9	4.44	0	2.62	4.449
Jackie Robinson	LF	87	5	R	525	0.2532188841201717	0.3295238095238095	0.3776824034334764	0.3150646641579945	10.1	13.7	11.4	0.273	28	15.15	0.23	1.49	2.286
Darrell Porter	C	74	0	L	525	0.1991434689507495	0.2810707456978968	0.3233404710920771	0.2728675164591044	9.7	29.6	14.9	0.252	32.3	6.67	0.34	-2.86	-0.457
Vic Harris	LF	79	5	L	519	0.2478813559322034	0.3082851637764932	0.3538135593220339	0.2949934852231073	7.7	17.4	8.1	0.284	27.4	12.5	-1.16	0.69	1.156
Tommy Troy	2B	83	0	R	503	0.2567567567567567	0.3313131313131313	0.4031531531531531	0.3250702368977832	9.1	20.3	11.9	0.301	32.5	21.62	-1.91	0.36	1.909
Danny Jansen	C	88	5	R	501	0.2288329519450801	0.3058350100603622	0.3707093821510298	0.3002854163111485	9.8	22.9	20.4	0.253	27	3.7	0	-2.63	0.479
Todd Hundley	C	85	5	S	500	0.2632794457274827	0.3507014028056112	0.535796766743649	0.3794208124996429	12	30.9	37.2	0.304	47.4	3.7	0	-4.8	3.36
Andrew McCutchen	CF	83	0	R	500	0.2285067873303167	0.31	0.3574660633484163	0.2973351543257184	10.4	17.4	15.6	0.247	29.7	3.33	0.24	3.36	1.44
Ray Lankford	CF	88	5	L	484	0.2191780821917808	0.2933884297520661	0.3858447488584475	0.3005955564465471	8.7	27.9	17.4	0.272	45.8	2.27	0.25	1.86	0.992
Jed Lowrie	SS	80	5	S	483	0.2717391304347826	0.3064182194616977	0.4434782608695652	0.3250744125057898	4.1	18	17.4	0.306	38.4	6.25	0	0.5	3.478
Tom Daly	C	78	0	S	480	0.2615740740740741	0.325678496868476	0.3611111111111111	0.3066002806392982	8.8	19.9	6.2	0.313	27.4	6.45	-0.75	-0.38	1.25
Duffy Dyer	C	69	0	R	478	0.2204545454545455	0.2642706131078224	0.3636363636363636	0.2744106162550189	5.6	27.3	15.1	0.272	36.1	11.43	0	-2.64	1.255
Tony Fernandez	2B	65	0	S	475	0.273542600896861	0.3029661016949153	0.3878923766816144	0.302928634049371	3.4	13.9	15.2	0.292	22.1	0	0.25	1.52	2.905
Tony Lazzeri	2B	89	5	R	472	0.2678983833718245	0.3212765957446809	0.4803695150115473	0.3451864818970241	7.2	31.2	25.4	0.343	37.9	18.18	-1.02	-0.38	4.449
Willie Mays Aikens	1B	85	0	L	465	0.2183622828784119	0.3131749460043197	0.3548387096774194	0.2948041802630337	11.8	27.8	18.1	0.264	30.7	0	0	-3.23	0
Bobby Bonds	RF	87	5	R	465	0.2293144208037825	0.2946236559139785	0.3900709219858156	0.3020456238783136	7.5	28.1	23.2	0.274	29.9	10.34	1.94	4.52	2.065
Dave Harris	LF	67	5	R	463	0.2433734939759036	0.3045356371490281	0.4650602409638554	0.3270322338669464	8.2	26.5	25.9	0.276	47.5	8.33	-2.59	2.85	1.685
Ray Dandridge	3B	88	0	R	457	0.2610722610722611	0.2879120879120879	0.351981351981352	0.28059604915676	3.7	14.5	5.3	0.292	25	10.71	-0.66	0	1.182
Arky Vaughan	LF	75	5	L	457	0.2895377128953771	0.350109409190372	0.3941605839416059	0.3300662171485784	8.5	14.8	6.6	0.326	26.1	6.45	0.53	2.23	2.626
Joe Mack	C	74	5	L	451	0.2233502538071066	0.3095768374164811	0.383248730964467	0.3077366851976071	10.4	29.2	20	0.272	36.4	3.12	0	-1.06	3.193
Jesus Alou	RF	59	0	R	445	0.282051282051282	0.2927927927927928	0.37995337995338	0.2920914653077672	1.3	7	1.3	0.297	29.8	11.11	-0.67	-0.67	0.135
Elmer Smith	RF	88	0	L	437	0.2456140350877193	0.3066361556064073	0.3759398496240601	0.3019031937609948	7.8	24.3	11	0.304	29.6	24.14	-0.69	0.41	0.137
Duke Snider	CF	73	0	L	437	0.1910669975186104	0.2477064220183486	0.3002481389578164	0.2439805253026527	6.6	30.8	11	0.253	29.9	21.74	-0.41	4.53	-0.275
Casey Candaele	2B	71	0	S	435	0.2493702770780857	0.2986111111111111	0.3652392947103275	0.2915536527328207	6.7	19.6	8.3	0.292	29.3	17.24	0	3.03	1.793
Joe Start	1B	78	5	L	434	0.2614213197969543	0.3187066974595843	0.350253807106599	0.2965252010574551	8.1	18.3	4.1	0.31	24.3	16	-0.69	0.41	0.276
Bid McPhee	2B	84	5	R	430	0.2467866323907455	0.3123543123543124	0.3753213367609254	0.303329376136834	8.4	22.1	5.6	0.306	33.3	31.25	-2.51	0.14	2.791
Leo Cardenas	SS	68	0	R	430	0.2248062015503876	0.2857142857142857	0.3074935400516796	0.2658990198253949	7.7	26.4	5.6	0.29	24.1	14.29	0	2.93	0.698
Junior Spivey	2B	78	0	R	430	0.2369791666666667	0.3098591549295774	0.359375	0.2997823922003537	8.8	24.7	15.3	0.287	26.4	4.17	-1.81	2.23	1.674
Buck Ewing	C	82	5	R	424	0.2710526315789474	0.3254716981132075	0.4	0.3154520243639176	7.5	14.7	8.5	0.297	29.1	23.33	1.13	6.65	3.255
Greg Myers	C	77	5	L	422	0.212987012987013	0.2802850356294537	0.2701298701298701	0.2530939853776578	7.8	24.2	2.8	0.276	22	0	0	-5.26	-2.133
Moises Alou	LF	74	0	R	418	0.2597402597402597	0.3038277511961722	0.4415584415584415	0.3208592261344965	6.2	16.9	20.1	0.276	39	7.69	0.86	-0.57	2.153
Dan Pasqua	LF	79	5	L	417	0.2307692307692308	0.3045563549160671	0.3527851458885942	0.2940106697740557	9.4	31.8	14.4	0.312	29.9	0	-0.72	0.86	0.432
Devin Mesoraco	C	82	0	R	407	0.2102425876010782	0.2733990147783251	0.3180592991913747	0.2636677983589059	7.1	23.2	13.3	0.248	28.2	0	0	-2.8	-1.622
Yogi Berra	LF	68	0	L	399	0.2513513513513513	0.297979797979798	0.3567567567567568	0.2909506730222288	5.8	10.8	12	0.263	24.7	0	-1.5	-2.86	-0.902
Mark Bellhorn	2B	64	0	S	399	0.2150837988826816	0.2882205513784461	0.3575418994413408	0.287227778696029	9	31.8	18	0.277	32.5	8	0	0.6	0.451
Spottswood Poles	CF	85	0	S	395	0.2771428571428571	0.3263707571801567	0.3771428571428572	0.3104774626800744	6.8	15.1	1.5	0.319	29.9	13.79	1.82	2.43	2.886
Gus Bell	CF	70	0	L	379	0.235632183908046	0.2823218997361477	0.4109195402298851	0.300623086314405	5.8	18.4	25.3	0.241	34.1	3.57	0	3.96	0.792
Dixie Walker	RF	89	0	L	377	0.2852852852852853	0.3617021276595745	0.4234234234234234	0.3475352156352886	10.6	14.7	12.7	0.313	29.5	7.14	-0.48	-1.59	2.228
Spike Owen	3B	85	0	S	376	0.2098765432098765	0.3093333333333333	0.2839506172839506	0.2754436211297037	12	10.5	6.4	0.221	23.5	0	0	1.91	-0.957
Gregg Zaun	C	59	0	S	374	0.1807228915662651	0.2466124661246613	0.2771084337349398	0.2364780773316528	8.3	20.8	9.6	0.205	33.3	0	0	-3.69	-3.048
Manny Ramirez	LF	82	5	R	373	0.2507936507936508	0.3619302949061662	0.4031746031746032	0.3417382931441633	14.2	18.4	16.1	0.277	34.2	3.7	0	-5.79	1.609
Hal McRae	LF	88	5	R	372	0.2676470588235294	0.3198924731182796	0.4147058823529412	0.3215848626932238	7	17.6	14.5	0.298	34.1	3.23	-2.42	-0.48	1.129
Josh Bell	1B	78	5	S	367	0.2649842271293376	0.3569482288828338	0.473186119873817	0.3610993514173439	12	19.6	22.9	0.287	44	2.7	0	-6.38	1.962
Akil Baddoo	LF	69	0	L	365	0.2591463414634146	0.3232044198895028	0.3871951219512195	0.3139148637730382	8.2	20.1	13.2	0.301	28.2	8.33	-0.82	2.14	1.973
Felipe Lopez	SS	68	0	S	364	0.2469135802469136	0.3156424581005586	0.4320987654320987	0.3272510188168278	9.1	20.1	23.1	0.268	37.5	6.67	-0.49	-0.82	2.143
Elmer Smith	LF	81	0	L	362	0.2416918429003021	0.2972222222222222	0.365558912386707	0.2925178462296648	6.6	16.9	6.6	0.278	30	37.5	-1.33	-1.66	-0.166
Mike Easler	1B	87	0	L	361	0.25	0.2991689750692521	0.427710843373494	0.3146367552819837	6.4	32.2	23.3	0.321	36.1	3.33	0	-3.49	1.163
Clint Thomas	CF	88	5	R	361	0.25	0.3165266106442577	0.428125	0.324618246631954	8	16.6	18.3	0.265	36.2	20.69	0.33	2.16	2.825
Paul DeJong	SS	68	0	R	359	0.2195845697329377	0.2653631284916201	0.370919881305638	0.2796999600981616	5.3	27	20.1	0.265	36.5	0	-0.84	-5.01	0.501
Arky Vaughan	LF	75	0	L	358	0.3098159509202454	0.3641456582633053	0.4110429447852761	0.3436358671092028	8.1	16.6	8.4	0.357	21.8	4.55	-0.84	-4.19	3.52
Matt Davidson	1B	56	0	R	357	0.2553191489361702	0.3053221288515406	0.425531914893617	0.318269758796188	6.7	31.3	18.5	0.335	40.5	0	0	-4.71	1.176
Red Rolfe	3B	87	5	L	355	0.2445820433436532	0.3014084507042253	0.3374613003095975	0.2836292717108673	7.9	15.8	3.4	0.281	30.4	8.33	0	-0.51	0.338
David Bell	3B	56	0	R	352	0.2136222910216718	0.2678062678062678	0.2817337461300309	0.2488082102396001	6.2	18.6	5.1	0.251	23.2	0	0	0.51	0.17
Ken Griffey Jr.	RF	78	5	L	351	0.2365930599369085	0.2942857142857143	0.4069400630914827	0.3038128060169152	7.7	19.6	25.6	0.245	32	0	0	-0.34	0.342
Larry Hisle	LF	83	5	R	350	0.2153846153846154	0.2714285714285714	0.3292307692307692	0.2670861977707999	6.9	24	12	0.262	32.9	0	0.51	-2.06	-1.886
Brandon Crawford	SS	88	0	L	350	0.2710280373831775	0.32	0.4330218068535825	0.3271209642662299	6.6	19.3	15.4	0.307	31	25.93	-1.89	-1.54	3.771
Irvin Brooks	CF	78	5	R	349	0.2402402402402402	0.2693409742120344	0.4114114114114114	0.2925926396919659	3.7	21.3	17.2	0.276	40	15.62	0	3.27	0.516
Jules Thomas	CF	86	5	R	348	0.3018292682926829	0.3256484149855908	0.524390243902439	0.3620478137208359	3.2	16.2	24.1	0.32	40.4	12.5	1.03	-3.1	4.31
Kid Elberfeld	2B	82	5	R	344	0.2295081967213115	0.3032069970845481	0.3016393442622951	0.2751051160944397	9.3	6.6	3.5	0.237	22.9	12.5	0	-0.7	1.744
Jim Greengrass	LF	74	0	R	344	0.213166144200627	0.2558823529411764	0.3730407523510972	0.2722962035605142	4.9	30.1	22.7	0.259	36.8	0	-0.87	0	-0.698
Harry Simpson	1B	75	0	L	343	0.2300613496932515	0.260233918128655	0.3558282208588957	0.2697158420281555	3.2	16.6	15.7	0.249	28	9.52	0.7	-1.05	-1.05
Joe Harris	1B	79	0	R	340	0.21875	0.3244837758112095	0.3541666666666667	0.3057425748587088	12.6	25.3	8.8	0.271	39.7	16	0	1.24	1.059
Brian McCann	C	84	5	L	339	0.2929936305732484	0.3392330383480826	0.4426751592356688	0.3422143857528946	5.6	16.6	15.9	0.325	31.5	0	0	-0.71	2.478
Brant Alyea	LF	89	0	R	338	0.238562091503268	0.2988165680473373	0.392156862745098	0.3035641896370395	7.7	20.6	21.3	0.26	30.1	4.55	-0.89	2.49	0.533
Joe Carter	RF	64	0	R	330	0.1980519480519481	0.243161094224924	0.3279220779220779	0.2522721625635737	4.5	24	16.4	0.229	36.1	0	0	1.82	-1.273
Tommie Agee	CF	82	5	R	326	0.2416107382550336	0.3067484662576687	0.4026845637583892	0.3116234558287143	8.3	23.8	20.2	0.282	33.3	8.33	0.74	0	2.761
Eddie Moore	RF	78	0	R	325	0.1966101694915254	0.2646153846153846	0.2644067796610169	0.2408925340395502	8.3	23.7	5.5	0.246	20.7	16.67	0	-2.77	-2.4
Ron LeFlore	LF	48	0	R	325	0.2132867132867133	0.3015384615384615	0.2692307692307692	0.2654593321483129	10.5	26.9	3.7	0.282	18	9.09	-1.29	4.25	-0.738
Ed Morgan	RF	66	0	R	325	0.2225913621262458	0.2654320987654321	0.3189368770764119	0.2580126496518907	5.5	21.6	1.8	0.276	31.3	28.57	0	-1.11	-2.4
Yasmani Grandal	C	79	5	S	324	0.2534246575342466	0.3271604938271605	0.3938356164383562	0.3210305210830014	9.3	21.2	20.4	0.288	24.3	5.56	0.56	2.96	3.704
Fred Schulte	CF	86	5	R	324	0.2398648648648649	0.2932098765432099	0.4054054054054054	0.3041636687907834	7.4	13.5	16.7	0.247	40.8	6.9	0	-1.85	1.852
Wally Berger	LF	83	0	R	322	0.2474576271186441	0.2933753943217666	0.4576271186440678	0.3240336652595379	5	23.1	29.8	0.268	35.6	15.38	-0.93	2.8	2.609
Ted Easterly	C	58	5	L	321	0.2414965986394558	0.2990654205607476	0.3401360544217687	0.2847140611479776	7.8	19.4	1.9	0.294	32.4	17.39	1.5	0.75	0
George Lombard Jr.	SS	86	5	R	321	0.2357142857142857	0.3302180685358255	0.3714285714285714	0.315483411934236	11.8	26.4	15	0.291	33.3	0	-0.19	2.24	3.178
Julio Lugo	SS	73	0	R	318	0.228476821192053	0.2578616352201258	0.3311258278145696	0.2580119436417503	3.8	17.5	3.8	0.268	33.3	17.39	0.19	0.94	0
Vic Harris	LF	79	0	L	317	0.2740213523131673	0.3333333333333333	0.4199288256227758	0.3298751419347937	8.2	16	13.2	0.3	31.2	12.5	-0.57	0.76	1.893
Gerardo Parra	LF	77	0	L	317	0.1901408450704225	0.2689873417721519	0.2323943661971831	0.2332237602530723	8.8	23.2	0	0.247	14.8	50	-2.27	4.54	-1.514
Juan Pierre	CF	70	0	L	316	0.1833910034602076	0.2347266881028939	0.2491349480968858	0.2194144804357973	5.4	9.3	1.9	0.198	24.5	30.77	-1.33	3.23	-2.658
Reggie Jefferson	1B	78	0	L	315	0.2779661016949153	0.3111111111111111	0.4440677966101695	0.3269211122949696	4.4	32.9	21	0.372	32.9	0	0	-5.14	1.714
Phil Masi	C	79	0	R	314	0.225	0.3025477707006369	0.3107142857142857	0.2789133265311179	9.2	18.2	3.8	0.266	31.7	0	-0.96	-2.48	-1.338
Joe Torre	C	57	0	R	314	0.1790540540540541	0.2161290322580645	0.2466216216216216	0.2083001827781602	3.5	30.1	3.8	0.249	28.3	6.67	0	-4.39	-4.395
Jesse Williams	2B	79	0	R	313	0.2167832167832168	0.2631578947368421	0.2622377622377622	0.2386768432976124	5.4	16.1	0	0.258	16.1	30	-0.38	1.34	-0.192
John Jaha	1B	82	0	R	308	0.1906474820143885	0.2564935064935065	0.3345323741007194	0.261766268154625	7.8	36.7	17.5	0.257	37.7	10	0	-5.26	-2.338
Fred Long	RF	74	1	R	308	0.2365591397849462	0.303921568627451	0.3620071684587813	0.2964659815456228	7.8	17.2	9.7	0.27	27.3	38.89	0	-3.12	0.39
Albie Pearson	RF	85	0	L	306	0.1968503937007874	0.3154362416107382	0.2401574803149606	0.266733835367182	12.7	16.5	2	0.232	14	28.57	1.76	0.59	-0.588
Xavier Edwards	2B	80	0	S	304	0.282051282051282	0.3389261744966443	0.36996336996337	0.3153835445720904	7.6	17.6	5.9	0.332	20.8	12.5	2.37	0.99	1.382
Ozzie Smith	SS	79	0	S	303	0.2697841726618705	0.3166666666666667	0.341726618705036	0.2910643849783329	5.9	12.9	0	0.307	21.3	25	5.15	2.18	2.97
Carlos Baerga	2B	86	0	S	303	0.240418118466899	0.2772277227722773	0.4076655052264808	0.297789680604738	5	16.7	21.8	0.253	36.2	4	-1.39	3.96	0.396
Heinie Zimmerman	3B	82	5	R	302	0.2620689655172414	0.2775919732441471	0.4241379310344828	0.3006750756529301	2	17.9	15.9	0.293	35.5	14.81	0.79	2.58	2.185
Howard Easterling	SS	77	5	S	302	0.2285714285714286	0.2823920265780731	0.35	0.2812506831250038	6.6	16.4	13.9	0.251	31.2	0	-0.99	-0.2	1.788
Kyle Tucker	LF	82	5	L	298	0.2463768115942029	0.302013422818792	0.358695652173913	0.2909006237392947	6	18.8	6	0.294	27.9	31.58	1.81	2.82	1.007
Willie Stargell	1B	89	5	L	294	0.2564102564102564	0.3095238095238095	0.4578754578754579	0.332218057194753	7.1	25.6	26.5	0.3	41.4	0	0	-1.63	1.02
Sandy Alomar Sr.	2B	65	0	S	294	0.2101449275362319	0.2369337979094077	0.2753623188405797	0.227821350417509	3.1	15.6	2	0.245	25.9	6.67	-2.24	-4.08	-0.204
Tim Jordan	1B	83	0	L	290	0.178988326848249	0.2560553633217993	0.3229571984435798	0.2582032492260178	8.6	28	16.6	0.21	39.1	16.67	-0.62	-4.14	-2.483
Austin Hedges	C	56	0	R	284	0.2037037037037037	0.2234042553191489	0.3074074074074074	0.2313350407064662	2.1	24.8	10.6	0.248	30.9	5.88	0	-3.17	-0.423
Garret Anderson	LF	64	0	L	283	0.2111111111111111	0.2313167259786477	0.2592592592592592	0.2178826488700818	2.1	17.4	0	0.252	21.1	8.33	0.64	1.7	-1.696
Jackie Robinson	1B	58	0	R	282	0.2469635627530364	0.2932330827067669	0.3441295546558704	0.2832420150438196	5.7	17.4	8.5	0.282	26.2	0	0	5.96	-0.426
Jack Smith	CF	77	0	L	281	0.2559055118110236	0.316546762589928	0.3543307086614173	0.3003126536341082	6.8	26	8.5	0.33	23.1	13.33	-1.71	3.2	1.068
Bobby Wallace	3B	78	5	R	275	0.2047244094488189	0.2573529411764706	0.3385826771653543	0.2628390065014504	5.1	16.5	15.3	0.22	36.5	5.26	0.44	0	-1.309
Otto Schomberg	1B	87	0	L	272	0.2317073170731707	0.2867647058823529	0.3983739837398374	0.2977272773588165	6.6	18.7	17.6	0.249	36.8	19.05	1.54	2.21	0.882
Ken Griffey Jr.	RF	78	0	L	271	0.1940928270042194	0.2851851851851852	0.3375527426160337	0.2791683945303835	10.3	25.7	22.1	0.214	30.4	0	0.89	0.22	-0.443
George Davis	SS	86	5	S	271	0.25	0.3270676691729323	0.3220338983050847	0.2948619294991198	10	18.2	0	0.303	27.1	6.25	1.11	-2.66	2.657
Jackie Bradley Jr.	CF	69	5	L	270	0.2154471544715447	0.275092936802974	0.3292682926829268	0.2696455549662463	7	21.1	11.1	0.251	32.1	5.88	3.78	4.67	1.333
Dick Green	2B	81	5	R	270	0.25	0.2973977695167286	0.3870967741935484	0.299978866685616	5.9	25	13.3	0.306	32.3	10	0	2.22	3.333
Byron Buxton	CF	76	0	R	268	0.2431372549019608	0.2669172932330827	0.4274509803921568	0.2976256813895436	2.6	23.5	11.2	0.297	54.8	8.82	-1.79	1.57	2.015
Felix Mantilla	SS	77	1	R	264	0.2384937238493724	0.2954545454545455	0.3598326359832636	0.29004069259688	8	20.5	18.2	0.263	22.8	0	-1.14	-2.05	0.682
Pinky Whitney	3B	82	1	R	262	0.2478632478632479	0.3011583011583012	0.4017094017094017	0.3052062712735633	7.3	16.2	20.6	0.255	31	0	0	-4.12	2.29
Jose Hernandez	2B	66	0	R	261	0.2008196721311475	0.25	0.2868852459016393	0.2418458106535222	5.7	32.8	11.5	0.277	22.4	0	-1.15	-0.23	-2.299
Frank Snyder	C	84	5	R	259	0.2782608695652174	0.3373015873015873	0.391304347826087	0.3202829330498989	7.3	19.6	6.9	0.333	28.1	11.11	0	-3.24	1.622
Ty Wigginton	1B	54	0	R	257	0.2521008403361344	0.29296875	0.4117647058823529	0.3066660059943113	5.1	20.6	21	0.279	33.3	0	0	-3.97	0
Ryan Ritter	SS	61	0	R	252	0.2770562770562771	0.328	0.4285714285714285	0.3318576122396257	6.3	26	16.7	0.345	32.8	0	-0.48	3.1	1.905
Carter Jensen	C	89	1	L	252	0.2018348623853211	0.3015873015873016	0.2889908256880734	0.2711882141433219	11.9	21.6	7.1	0.241	27.3	8.33	2.38	-2.86	-0.952
Mike Stanley	C	80	5	R	251	0.1711711711711712	0.2669322709163346	0.3198198198198198	0.2662847208281491	11.2	23.4	23.9	0.175	34.2	0	0	1.2	-0.717
Zollie Wright	RF	84	1	R	251	0.2831858407079646	0.340080971659919	0.4070796460176991	0.330912587549078	8	16.8	19.1	0.309	18.8	0	0	-4.78	0.239
Roldy Brito	CF	69	0	S	250	0.2675438596491228	0.3225806451612903	0.4210526315789473	0.3252677985840855	6	28.1	9.6	0.354	32.8	35	-3.84	5.04	3.36
Judy Johnson	3B	79	0	R	247	0.2251082251082251	0.2633744855967078	0.3333333333333333	0.2641948424934725	4	22.9	9.7	0.276	30.8	6.25	0	-1.46	0.729
Tex Erwin	C	77	5	L	245	0.1869158878504673	0.2745901639344263	0.2663551401869159	0.2500615543123477	10.6	23.8	9.8	0.222	22.5	0	0	1.96	-1.714
Rich Gedman	C	86	0	L	244	0.2587719298245614	0.2962962962962963	0.4078947368421053	0.3065603541610186	4.9	21.9	12.3	0.309	39	4.35	1.48	-1.72	1.23
John Olerud	1B	68	0	L	243	0.2685185185185185	0.345679012345679	0.3564814814814815	0.3155145033104491	10.3	23.6	7.4	0.337	22.4	0	0	-5.43	0.988
Lee Mazzilli	CF	81	0	S	243	0.2407407407407407	0.3181818181818182	0.3564814814814815	0.3026329696323884	9.5	22.7	7.4	0.297	34.6	5.56	1.23	2.72	1.235
Brent Mayne	C	67	0	L	242	0.2744186046511628	0.3471074380165289	0.3348837209302326	0.3094471528028752	9.9	27.9	0	0.376	22	0	-1.24	0.74	0.992
Bill Serena	3B	70	5	R	238	0.2432432432432433	0.2851063829787234	0.3738738738738739	0.288690526070495	4.6	25.2	15.1	0.3	29.6	6.25	0	0.5	1.008
Aaron Boone	3B	59	0	R	237	0.210762331838565	0.2435897435897436	0.3452914798206278	0.2577378369593841	4.2	17.9	17.7	0.226	34	0	0	6.58	0.506
Chris Cannizzaro	C	65	5	R	237	0.2361111111111111	0.3037974683544304	0.3148148148148148	0.2804675504082634	8.9	18.5	5.1	0.282	23.5	8.33	0	-2.78	-1.013
Dave Hollins	3B	73	5	S	237	0.2205882352941176	0.3162393162393162	0.3088235294117647	0.2868512862069676	12.2	30.4	5.1	0.305	31.1	0	0.76	-1.77	-0.759
Billy Jurges	SS	57	5	R	237	0.1822429906542056	0.2360515021459227	0.2289719626168224	0.2132150469133373	6.8	17.3	2.5	0.212	20.5	0	0	1.52	-0.759
Victor Martinez	C	74	5	S	233	0.2560386473429952	0.3304721030042919	0.4299516908212561	0.3320277374829351	9.4	19.3	18	0.284	41.5	0	0	-0.77	3.09
Matt Davidson	1B	56	5	R	233	0.1813725490196078	0.2672413793103448	0.3480392156862745	0.2716147778089326	10.3	30.4	20.6	0.212	48.6	0	0	-2.58	-0.258
Vince Coleman	LF	55	0	S	233	0.2547169811320755	0.3130434782608696	0.2924528301886792	0.2766899114569423	6.9	23.1	0	0.331	11.1	33.33	6.44	6.18	0.258
Bill Robinson	LF	47	0	R	230	0.2028301886792453	0.2521739130434782	0.3066037735849056	0.2490252884043198	5.2	31.1	15.7	0.259	20.9	11.11	3.91	0.78	0.261
Gabriel Moreno	C	88	0	R	226	0.208955223880597	0.2666666666666667	0.3233830845771145	0.2595060535387575	7.5	25.4	15.9	0.24	26.2	0	0	-1.59	-1.858
Mitchell Murray	C	88	0	R	226	0.2189054726368159	0.2792792792792793	0.3034825870646766	0.2622488260762945	8	26.9	8	0.279	25	0	-1.33	-0.53	-1.593
Jeimer Candelario	3B	56	5	S	225	0.2009803921568628	0.2755555555555556	0.2696078431372549	0.2511281681308137	8.4	25.5	2.7	0.265	29.3	0	0	-4.53	-2.133
Carter Jensen	C	89	5	L	224	0.2450980392156863	0.3004484304932735	0.3725490196078431	0.2972506665960062	6.7	19.6	13.4	0.28	28	14.29	1.61	1.88	-0.268
Wally Berger	LF	83	5	R	224	0.2233502538071066	0.2972972972972973	0.3299492385786802	0.2799837778859667	9.4	18.8	10.7	0.252	29.5	0	-1.34	2.68	-0.804
Irvin Brooks	CF	78	0	R	223	0.2315270935960591	0.2772727272727273	0.3300492610837438	0.2692414433122284	4.9	22.2	8.1	0.278	25.5	16.67	-1.35	-4.3	-1.345
Bob Elliott	3B	88	0	R	220	0.1902173913043478	0.3181818181818182	0.3097826086956522	0.2914476142091644	14.5	21.7	16.4	0.209	25.7	11.11	0	0	0.545
CJ Abrams	SS	73	0	L	218	0.2475247524752475	0.2824074074074074	0.3811881188118812	0.2885239481010859	4.6	23.3	11	0.299	30	26.67	-0.83	1.65	-0.275
Hyun-soo Kim	LF	68	5	L	218	0.2435233160621762	0.3179723502304148	0.2746113989637305	0.2747470501492277	7.8	22.3	0	0.309	12.8	0	0	-3.58	-1.101
Red Dooin	C	66	0	R	213	0.2512562814070352	0.2766990291262136	0.3065326633165829	0.257698256357384	3.3	10.6	2.8	0.277	16	12.5	-0.85	3.1	-1.69
Taylor Ward	LF	75	0	R	212	0.2375690607734807	0.3396226415094339	0.3425414364640884	0.3104614389772423	12.7	29.8	8.5	0.317	30.2	0	0	1.42	1.132
Giancarlo Stanton	RF	69	0	R	212	0.2380952380952381	0.3095238095238095	0.4126984126984127	0.3176044014340888	8.5	38.6	22.6	0.339	35.6	6.25	0	0	1.698
Johnny Hayes	C	85	3	L	211	0.2362637362637363	0.3285714285714286	0.2857142857142857	0.2850204954984762	12.3	20.3	2.8	0.288	16.3	0	0.57	3.98	0.284
Lee Thomas	1B	77	5	L	209	0.2551020408163265	0.2966507177033493	0.3877551020408163	0.3012100102175259	4.8	17.3	20.1	0.276	24	0	-2.87	-4.02	0.574
Jim Dyck	3B	82	5	R	208	0.2727272727272727	0.3381642512077295	0.4973262032085561	0.3591680174428905	7.7	19.8	23.1	0.301	47.1	8.33	0	1.73	4.615
Dick Allen	3B	79	5	R	206	0.2	0.3349514563106796	0.3470588235294118	0.3104682972188215	15.5	30.6	17.5	0.248	35.3	8.33	1.46	-4.95	0.583
Henry Blanco	C	54	5	R	204	0.1956521739130435	0.2413793103448276	0.3152173913043478	0.2427161736221514	6.4	15.8	5.9	0.214	38.9	28.57	0	2.06	-0.294
Brian Harper	C	83	5	R	199	0.3125	0.3366834170854272	0.4635416666666667	0.3483841240449257	3	7.8	12.1	0.324	35	0	-1.51	-2.71	3.015
Henry Blanco	C	54	0	R	199	0.2240437158469945	0.2828282828282828	0.2841530054644809	0.2580354026089616	7	16.9	3	0.265	17.1	28.57	0	-0.3	0.905
Jim Thome	3B	64	0	L	199	0.2542372881355932	0.3265306122448979	0.4124293785310734	0.3260836788122685	9.5	23.2	15.1	0.305	35.6	12.5	0	0.9	2.412
Red Dooin	C	66	5	R	198	0.2934782608695652	0.3333333333333333	0.3641304347826087	0.3100735322190478	5.6	12.5	3	0.327	20.4	0	1.52	3.94	1.818
Sal Stewart	1B	79	0	R	196	0.2554347826086957	0.2959183673469388	0.4619565217391304	0.3272635757668816	5.1	20.1	30.6	0.268	38.3	0	0.61	1.53	3.061
Dick Dietz	C	88	0	R	195	0.2793296089385475	0.3282051282051282	0.5139664804469274	0.3609712342372552	6.2	22.3	27.7	0.311	48	0	0	-5.85	2.769
Dave Brain	3B	68	5	R	195	0.2150537634408602	0.2474226804123711	0.3870967741935484	0.2755596880657269	3.6	20.4	24.6	0.229	37.5	6.67	2.15	2.46	2.462
Ezequiel Tovar	SS	64	0	R	193	0.2222222222222222	0.2578947368421053	0.3611111111111111	0.2705718943278037	3.1	26.7	12.4	0.279	37.5	13.33	0	2.49	0.933
Jimmy Archer	C	59	0	R	192	0.1694915254237288	0.2169312169312169	0.3107344632768362	0.2330681460755375	3.6	18.1	18.8	0.171	40	8.33	0.94	-5.31	-1.562
Jake Daubert	1B	86	0	L	192	0.2402234636871508	0.2827225130890053	0.3240223463687151	0.2709463705259735	4.2	16.8	9.4	0.272	18.6	12.5	-0.94	0.62	-0.937
Jelly Jackson	SS	47	5	R	192	0.1929824561403509	0.2404371584699453	0.2339181286549707	0.2168763782909418	5.7	16.4	3.1	0.224	12.1	25	0	1.88	-0.312
Jose Hernandez	2B	66	5	R	191	0.24	0.2894736842105263	0.3371428571428571	0.2768252350180198	6.3	27.4	12.6	0.304	21.4	0	-0.94	-4.71	-1.571
Jackie Robinson	2B	79	5	R	191	0.2701149425287356	0.324468085106383	0.3793103448275862	0.3123967543362735	7.3	17.2	9.4	0.312	21.3	30	-0.94	3.14	2.199
Frankie Crosetti	SS	78	5	R	189	0.1927710843373494	0.2751322751322751	0.283132530120482	0.2547121425735255	10.6	19.9	6.3	0.224	34.4	0	0	-1.59	0.317
Ketel Marte	2B	82	0	S	188	0.2247191011235955	0.2473118279569892	0.3370786516853932	0.2548187861043748	3.2	23.6	12.8	0.269	27.5	9.09	1.6	2.55	-2.553
Jake Bauers	1B	77	0	L	188	0.2126436781609195	0.2566844919786097	0.3448275862068966	0.2646251616981318	5.3	33.9	19.1	0.279	29.7	0	0.64	-1.6	-2.234
Lance Blankenship	2B	83	0	R	187	0.1890243902439024	0.2637362637362637	0.2134146341463415	0.2254502424367188	7.5	28	0	0.261	9.7	33.33	1.6	2.89	-1.283
Braden Montgomery	RF	74	0	S	187	0.304093567251462	0.3475935828877005	0.5672514619883041	0.3876715937266459	7	22.2	32.1	0.333	44.2	8.7	1.6	0	6.417
Todd Hundley	C	85	0	S	186	0.220125786163522	0.3225806451612903	0.3647798742138365	0.3086735056640005	13.4	35.2	19.4	0.293	28.6	10	0	0.32	0
Orlando Cabrera	SS	89	0	R	184	0.1470588235294118	0.1988950276243094	0.2352941176470588	0.1963461225695616	5.4	20	6.5	0.172	32	37.5	-2.28	-2.93	-3.587
William Contreras	C	79	0	R	183	0.2248520710059172	0.2622950819672131	0.3076923076923077	0.2500164897552202	4.9	21.3	9.8	0.261	21.1	0	-2.3	2.3	-2.951
Chase Utley	2B	73	5	L	181	0.2035928143712575	0.2651933701657458	0.3592814371257485	0.2768419598247447	7.2	18.6	26.5	0.203	29.4	0	0	2.98	1.657
Nasim Nunez	2B	68	0	S	179	0.1856287425149701	0.2171428571428571	0.281437125748503	0.220685180242735	3.4	31.1	13.4	0.241	22.6	14.29	3.02	-2.01	-0.67
Bill Perkins	C	76	0	R	178	0.1840490797546012	0.2329545454545454	0.3496932515337423	0.2542578251078016	6.2	18.4	23.6	0.18	43.3	0	0.67	6.4	-0.337
Tony Phillips	3B	75	0	S	178	0.217948717948718	0.3089887640449438	0.4615384615384616	0.3320984848368711	11.8	26.3	33.7	0.226	50	5.88	-1.69	0.34	3.371
John Kruk	1B	79	0	L	177	0.2075471698113208	0.2824858757062147	0.2955974842767295	0.262651706438576	9.6	25.8	6.8	0.265	24.2	25	0	-6.1	-1.356
Yoan Moncada	3B	81	5	S	176	0.325	0.3714285714285714	0.48125	0.3694163204142439	6.2	14.4	17	0.351	28.8	0	0.68	2.05	5.795
Bill Buckner	LF	64	0	L	176	0.3132530120481928	0.32	0.5120481927710844	0.3523048366745753	2.3	7.2	23.9	0.296	34.6	5.56	0	3.41	4.773
Muddy Ruel	C	78	0	R	175	0.2515723270440252	0.3085714285714286	0.3459119496855346	0.2920405461278417	7.4	22	6.9	0.306	27.5	0	0	0	1.029
Ossie Bluege	3B	89	5	R	173	0.3116883116883117	0.3630952380952381	0.435064935064935	0.350445490711228	6.9	13	6.9	0.346	22.9	36.36	0	1.73	4.855
Herb Souell	3B	74	0	S	173	0.2484848484848485	0.2774566473988439	0.3454545454545455	0.2735334511029578	2.9	20	3.5	0.303	24.4	40	-1.73	-4.51	0.347
Tommy Davis	3B	67	5	R	171	0.2893081761006289	0.3235294117647059	0.5408805031446541	0.3678003343513702	4.7	17	35.1	0.29	39.1	11.11	0	1.4	3.86
Madison Bumgarner	P	88	5	R	171	0.1656441717791411	0.1952662721893491	0.3865030674846626	0.2491275302234337	3.5	37.4	38.6	0.176	51.9	0	0	-7.02	-1.754
Danny Tartabull	RF	63	5	R	171	0.2533333333333334	0.3450292397660819	0.38	0.3253438843654488	11.7	34	10.5	0.365	26.3	30	0	2.81	2.105
Dave Nilsson	C	83	5	L	170	0.2269503546099291	0.3293413173652694	0.3687943262411347	0.3123952887483636	12.9	23.4	10.6	0.269	43.8	0	0	0.35	0.706
Clint Thomas	CF	88	0	R	170	0.2287581699346405	0.281437125748503	0.3398692810457516	0.2748228478654474	7.1	13.7	7.1	0.25	31.4	18.18	1.06	5.29	0.353
Bob Fothergill	LF	86	0	R	169	0.3421052631578947	0.3905325443786982	0.5131578947368421	0.3901898860978547	7.7	18.4	17.8	0.385	26.9	14.29	0	0	4.26
Dale Alexander	1B	69	0	R	168	0.1948051948051948	0.2559523809523809	0.2532467532467532	0.2305163695390873	7.7	22.1	3.6	0.242	23.3	0	-1.79	-4.29	-3.929
Moises Ballesteros	DH	84	5	L	165	0.1917808219178082	0.2545454545454545	0.3013698630136986	0.2472789068353768	8.5	14.4	10.9	0.197	35.7	0	0	-2.18	-2.182
Tommie Agee	CF	82	0	R	164	0.2364864864864865	0.294478527607362	0.4594594594594595	0.3235992256586742	6.7	30.4	25.6	0.286	42.9	26.67	0	2.56	4.39
Brian Giles	RF	88	0	L	164	0.3112582781456953	0.3658536585365854	0.4304635761589404	0.3524548878377285	7.3	11.3	11	0.336	25.5	0	-1.83	-0.73	1.829
Ken Griffey	RF	77	0	L	164	0.2101910828025478	0.2317073170731707	0.3694267515923567	0.2578444977869642	3	19.1	14.6	0.232	45.5	13.33	0	-2.56	-1.098
Esteury Ruiz	LF	77	0	R	162	0.2534246575342466	0.3229813664596273	0.4041095890410959	0.3211575263206843	8.6	18.5	11.1	0.293	37.8	14.29	-1.11	5.19	2.963
Garret Anderson	CF	80	0	L	162	0.2767295597484277	0.2839506172839506	0.5094339622641509	0.3383529609463783	0.6	22	37	0.296	38.6	0	0.74	0.74	1.852
Brandon Marsh	LF	89	0	L	160	0.2836879432624114	0.356687898089172	0.425531914893617	0.3449520884625751	8.1	23.4	15	0.346	30	0	0.38	-6.38	3
Vic Power	1B	76	0	R	156	0.2162162162162162	0.2272727272727273	0.3716216216216216	0.2548985141152827	1.9	10.1	15.4	0.212	40.6	15.38	0	0	-0.769
Rafael Devers	1B	79	0	L	155	0.25	0.3032258064516129	0.4375	0.3233869745597411	6.5	21.5	27.1	0.274	36.1	0	0	0.77	3.097
Craig Reynolds	SS	68	0	L	155	0.2605633802816901	0.2894736842105263	0.3802816901408451	0.2905769626813331	3.2	17.6	3.9	0.303	32.4	25	0	-0.77	1.935
Ollie Brown	RF	74	5	R	155	0.303448275862069	0.3376623376623377	0.496551724137931	0.3580896240538953	4.5	22.1	23.2	0.352	36.4	0	-2.32	-5.03	1.548
Carlos Baerga	2B	86	5	S	155	0.2957746478873239	0.3225806451612903	0.4436619718309859	0.3279395133001721	5.2	12	11.6	0.307	28.6	25	-1.94	7.74	3.871
Tim Salmon	RF	65	5	R	153	0.2388059701492537	0.3333333333333333	0.417910447761194	0.3303812457842882	11.8	23.9	23.5	0.271	31.2	20	0	3.53	2.353
Pop Snyder	C	64	5	R	152	0.2394366197183098	0.2894736842105263	0.3450704225352113	0.2831687295388871	5.3	16.2	11.8	0.267	26.5	0	-1.18	-1.18	-1.184
Carlos May	LF	86	5	L	151	0.2283464566929134	0.3443708609271523	0.3858267716535433	0.328076756078075	14.6	25.2	15.9	0.272	41.4	0	-1.19	-3.58	0.795
Bug Holliday	LF	87	5	R	148	0.2765957446808511	0.3108108108108108	0.3687943262411347	0.3009834612582167	4.1	12.1	8.1	0.303	20.5	12.5	0	4.46	-0.405
Jed Lowrie	SS	80	0	S	148	0.1785714285714286	0.2108843537414966	0.3357142857142857	0.2371320661334431	4.1	21.4	20.3	0.189	48	0	0	2.43	-2.027
Lou Criger	C	51	0	R	146	0.1716417910447761	0.2328767123287671	0.2388059701492537	0.2160643499208274	6.2	20.1	0	0.213	34.8	12.5	0	-1.23	-4.521
Geraldo Perdomo	SS	87	0	S	144	0.2248062015503876	0.2777777777777778	0.3178294573643411	0.2634615447559714	6.9	16.3	0	0.259	34.5	20	0	3.33	0.417
Chandler Simpson	LF	65	0	L	143	0.3106060606060606	0.3475177304964539	0.3712121212121212	0.3194563341733212	4.9	22.7	0	0.398	14.6	33.33	0.84	8.81	1.678
Jim Fregosi	SS	69	0	R	143	0.2761194029850746	0.3006993006993007	0.3656716417910448	0.292039074382659	2.8	18.7	8.4	0.318	21.6	0	0.84	0.84	0.42
Tommy Troy	2B	83	5	R	143	0.3149606299212598	0.3916083916083916	0.4724409448818898	0.380241086049789	10.5	18.1	16.8	0.36	25	20	0	4.62	5.455
Otto Schomberg	1B	87	5	L	141	0.2403100775193799	0.2907801418439716	0.3488372093023256	0.2826665166687503	7.1	14.7	8.5	0.264	29	11.11	0	-5.53	-0.851
Ivan Herrera	C	89	0	R	140	0.2440944881889764	0.3071428571428572	0.3937007874015748	0.3091207154239269	8.6	18.1	21.4	0.26	29	0	0	-2.14	0.857
Dixie Walker	RF	89	5	L	138	0.2580645161290323	0.3260869565217391	0.4435483870967742	0.3353331926404122	9.4	16.9	17.4	0.28	43.8	7.14	0	-13.48	0
Carl Crawford	LF	81	0	L	137	0.2575757575757576	0.2720588235294117	0.3257575757575757	0.2627655776102905	2.2	17.4	4.4	0.303	17.6	16.67	4.82	5.26	-0.438
Hunter Goodman	C	79	0	R	136	0.2195121951219512	0.2686567164179104	0.3658536585365854	0.2747142788985251	5.9	29.3	17.6	0.271	37	0	0	0	-2.206
Josh Bell	1B	78	0	S	136	0.2301587301587301	0.2867647058823529	0.4047619047619048	0.3001243333431237	7.4	18.3	22.1	0.245	41.4	0	0	-3.97	0
George Springer	RF	72	0	R	135	0.2950819672131147	0.3555555555555556	0.4180327868852459	0.3422213339198569	8.9	18	17.8	0.33	19.4	0	0	4.89	1.778
Sam Leslie	1B	88	5	L	135	0.2868852459016393	0.3481481481481482	0.3934426229508197	0.330257795187725	7.4	13.9	13.3	0.311	20	0	-2.22	2.67	1.778
Jules Thomas	CF	86	0	R	135	0.2698412698412698	0.3134328358208955	0.4047619047619048	0.3159093983716896	5.9	19	17.8	0.306	23.5	12.5	0	-1.33	1.778
Ben Zobrist	2B	84	0	S	134	0.2396694214876033	0.2932330827067669	0.3388429752066116	0.2815043513889223	6.7	12.4	13.4	0.248	20.7	0	0	1.79	-0.448
Oneil Cruz	CF	88	0	L	132	0.2241379310344828	0.3129770992366412	0.3620689655172414	0.3039835074917415	9.8	31	18.2	0.289	30.8	0	0	0.45	1.364
James Loney	1B	64	5	L	132	0.1612903225806452	0.2045454545454546	0.2258064516129032	0.194879992779791	5.3	20.2	4.5	0.192	30	0	0	-2.73	-5.455
Daulton Varsho	CF	63	0	L	131	0.2241379310344828	0.3129770992366412	0.3793103448275862	0.3081275619054195	9.2	19.8	9.2	0.264	38.5	40	-0.46	5.5	2.748
Emmet Heidrick	CF	79	0	L	131	0.2580645161290323	0.2677165354330709	0.4435483870967742	0.3037854239651943	0	22.6	18.3	0.301	37.5	25	2.29	8.7	2.29
Tuffy Rhodes	CF	81	5	L	128	0.2288135593220339	0.2890625	0.3474576271186441	0.2847258212323248	7	26.3	18.8	0.277	22.2	0	0.94	-2.34	0.469
Jackie Robinson	3B	68	0	R	127	0.1851851851851852	0.2913385826771653	0.287037037037037	0.2666704030372753	13.4	18.5	9.4	0.205	35	0	2.36	2.36	1.89
Trei Cruz	3B	62	0	S	126	0.1621621621621622	0.256	0.2072072072072072	0.2219679419949404	10.3	29.7	4.8	0.221	16.7	0	-2.38	-2.86	-2.381
Luis Torrens	C	57	0	R	125	0.2457627118644068	0.2822580645161291	0.3220338983050847	0.2693870175408918	4	20.3	0	0.309	31	0	0	5.28	-0.96
Colby Thomas	RF	55	0	R	124	0.1680672268907563	0.2016129032258064	0.2605042016806723	0.2054812498163462	3.2	32.8	9.7	0.231	30	16.67	0	-6.29	-5.323
Don Zimmer	SS	59	0	R	124	0.1833333333333333	0.2016129032258064	0.225	0.1896460611605636	2.4	20	0	0.227	18.2	25	1.94	-2.9	-4.839
Tom Daly	C	78	5	S	124	0.212962962962963	0.3145161290322581	0.3240740740740741	0.2925800174326776	11.3	21.3	14.5	0.244	21.7	20	-1.45	4.35	1.935
Jackie Brandt	CF	87	0	R	124	0.2429906542056075	0.3333333333333333	0.3364485981308411	0.3043232235333221	11.3	11.2	4.8	0.263	30.8	0	0	1.94	0.968
Oliver Marcell	3B	87	0	R	124	0.1944444444444444	0.2689075630252101	0.2592592592592592	0.2446161618950687	8.1	22.2	9.7	0.232	14.3	0	-2.42	-0.48	-0.968
Melky Cabrera	LF	78	0	S	124	0.2241379310344828	0.2741935483870968	0.4224137931034483	0.2923930047324209	5.6	22.4	24.2	0.247	42.3	18.18	0	2.9	1.452
Billy Herman	2B	88	5	R	123	0.2352941176470588	0.2601626016260163	0.3109243697478992	0.2529784488878071	2.4	10.9	0	0.264	32.1	0	0	1.46	-1.463
Brian Harper	C	83	0	R	123	0.2869565217391304	0.3170731707317073	0.4173913043478261	0.3188292310269303	4.9	7.8	9.8	0.292	30.3	10	0	-7.32	0.488
Joe Mack	C	74	0	L	123	0.1946902654867257	0.2520325203252032	0.3008849557522124	0.2474638062890471	7.3	27.4	14.6	0.238	22.7	20	0	-0.98	0
Jonathan Lucroy	C	48	5	R	123	0.1775700934579439	0.2682926829268293	0.2336448598130841	0.2355428874778439	10.6	14	4.9	0.194	15.8	33.33	0	-0.98	-2.439
Doug Mirabelli	C	50	5	R	121	0.2647058823529412	0.361344537815126	0.4607843137254902	0.3596701529334853	13.2	22.5	19.8	0.303	40.7	9.09	0	-8.93	2.975
Ted Easterly	C	58	0	L	120	0.2264150943396226	0.2672413793103448	0.2830188679245283	0.2453226914872788	5	18.9	0	0.27	16.7	50	-2.5	4	-3
Ketel Marte	SS	68	0	S	119	0.2285714285714286	0.319327731092437	0.3047619047619048	0.2871045030167432	10.9	18.1	0	0.279	33.3	0	0	-3.03	-0.504
Thad Christopher	LF	87	0	L	118	0.2058823529411765	0.3050847457627119	0.3431372549019608	0.2921317991499644	11.9	26.5	10.2	0.257	42.9	11.11	-4.07	0.51	-3.051
Dansby Swanson	SS	73	0	R	116	0.1481481481481481	0.1896551724137931	0.1944444444444444	0.1747141682415098	5.2	28.7	0	0.203	25	25	0	-1.03	-3.621
Ed Stone	RF	76	0	L	116	0.2079207920792079	0.2869565217391304	0.2772277227722773	0.2591979285136376	9.5	17.8	10.3	0.229	14.3	0	1.03	0	-2.069
Luis Aparicio	SS	52	5	R	115	0.1851851851851852	0.2347826086956522	0.212962962962963	0.2071397960195134	6.1	15.7	0	0.22	15	0	-2.61	-0.52	-2.087
Andy Seminick	C	66	5	R	115	0.3131313131313131	0.4	0.6565656565656566	0.4442270233921837	13	23.2	47	0.324	48.4	6.67	0	1.57	8.348
Austin Meadows	RF	83	0	L	115	0.2211538461538461	0.2695652173913043	0.4230769230769231	0.2964810094142775	6.1	23.1	26.1	0.231	43.5	10	0	-2.61	0.522
Ke&#39;Bryan Hayes	3B	61	0	R	114	0.2135922330097087	0.2589285714285715	0.2524271844660194	0.2324722109012181	4.4	21.4	0	0.265	18.2	0	0	1.05	-1.579
Joe Morgan	2B	65	0	L	114	0.1875	0.2982456140350877	0.3125	0.2795028663414367	12.3	15.6	15.8	0.188	33.3	0	0	0	-1.053
Randy Arozarena	LF	79	0	R	113	0.19	0.2636363636363636	0.25	0.2380384104672686	8.8	25	5.3	0.243	21.1	0	0	-1.59	-4.779
Scoops Carey	1B	52	0	R	113	0.1886792452830189	0.2232142857142857	0.2547169811320755	0.2135104510536634	4.4	19.8	0	0.233	35	0	0	0	-3.717
Justin Smoak	1B	69	0	S	113	0.23	0.3008849557522124	0.44	0.3165207532023169	8.8	26	21.2	0.264	52.2	8.33	0	-0.53	2.124
Christopher Morel	LF	59	0	R	112	0.27	0.3333333333333333	0.41	0.3279552825823863	8	31	16.1	0.358	29.6	0	0	-2.14	2.143
Jack Smith	CF	77	5	L	112	0.2417582417582418	0.3513513513513514	0.3626373626373626	0.3213827498976153	13.4	26.4	10.7	0.294	27.3	16.67	-1.61	-1.61	2.143
Daulton Varsho	CF	63	5	L	111	0.2475247524752475	0.3153153153153153	0.3663366336633663	0.3048212094107554	8.1	24.8	10.8	0.311	32	0	4.32	9.73	2.703
George Davis	SS	86	0	S	111	0.1782178217821782	0.2293577981651376	0.297029702970297	0.2339861574367725	5.4	13.9	10.8	0.186	44.4	0	-1.08	-6.49	-2.703
Mickey Mantle	1B	68	5	S	111	0.1827956989247312	0.3063063063063063	0.2365591397849462	0.2610951764369328	13.5	33.3	5.4	0.258	17.6	0	0	0.54	-2.162
Jimmy Austin	3B	58	0	S	110	0.3263157894736842	0.4128440366972477	0.4947368421052631	0.3981120954674555	12.7	14.7	10.9	0.367	35.5	9.09	-1.64	3.27	6.545
Pete Alonso	1B	84	0	R	109	0.2736842105263158	0.3486238532110092	0.3684210526315789	0.3207724605799455	10.1	26.3	5.5	0.352	26.9	0	0	4.95	1.651
Bingo DeMoss	2B	79	5	R	109	0.2395833333333333	0.3211009174311927	0.2708333333333333	0.275096889122017	11	25	0	0.315	13	0	-1.65	-2.75	1.101
Mitchell Murray	C	88	5	R	108	0.2727272727272727	0.3148148148148148	0.4444444444444444	0.3287795053733542	5.6	24.2	27.8	0.306	25.9	0	0	-3.33	1.111
Andy Etchebarren	C	63	5	R	108	0.2040816326530612	0.2777777777777778	0.3265306122448979	0.272724292139935	7.4	27.6	16.7	0.25	30	0	0	-7.78	-1.111
Rick Monday	CF	69	5	L	107	0.1122448979591837	0.169811320754717	0.1938775510204082	0.157233416904563	6.5	35.7	11.2	0.145	36.4	0	0	1.12	-6.168
Quincy Trouppe	C	84	0	S	106	0.2840909090909091	0.3846153846153846	0.5113636363636364	0.3890568778906475	12.3	17	28.3	0.29	40	0	0	-1.7	3.962
Michael Young	SS	59	0	R	105	0.2340425531914894	0.3142857142857143	0.2872340425531915	0.278122708817868	8.6	20.2	0	0.293	22.7	0	-4.57	-4	-0.571
Andre Thornton	1B	89	0	R	104	0.2934782608695652	0.375	0.5760869565217391	0.4076642031892662	10.6	20.7	40.4	0.303	40.7	9.09	0	0.58	6.923
Moises Ballesteros	C	61	0	L	104	0.1797752808988764	0.2788461538461539	0.2696629213483146	0.2546794598845735	9.6	27	11.5	0.215	25	0	0	-6.35	-3.462
Riley Adams	C	59	0	R	103	0.1979166666666667	0.2524271844660194	0.28125	0.2412967652381833	4.9	31.2	0	0.288	42.1	0	0	0	-2.913
Kenny Lofton	CF	65	0	L	103	0.2268041237113402	0.2718446601941747	0.3092783505154639	0.2605054814201807	3.9	14.4	5.8	0.256	22.7	20	-2.91	8.16	0.583
Luis Campusano	C	77	0	R	101	0.3152173913043478	0.3762376237623762	0.4673913043478261	0.3711497596298	7.9	18.5	17.8	0.361	27.6	0	0	2.97	4.158
Muddy Ruel	C	78	5	R	101	0.2	0.28	0.2777777777777778	0.2562383521626596	9.9	13.3	0	0.231	38.9	0	0	-6.53	0
Spike Owen	3B	85	5	S	101	0.2921348314606741	0.3663366336633663	0.3820224719101123	0.3349036874716957	10.9	15.7	5.9	0.333	19.2	20	0	3.56	2.97
Paul DeJong	SS	68	5	R	101	0.1022727272727273	0.1881188118811881	0.2386363636363636	0.1949192128512795	6.9	15.9	17.8	0.081	66.7	0	0	3.56	-2.376
Blake Swihart	C	45	0	S	100	0.1363636363636364	0.2164948453608248	0.1704545454545454	0.1865138359925163	9	35.2	0	0.211	25	0	0	1.2	-7.2
Andy Seminick	C	66	0	R	99	0.2444444444444444	0.303030303030303	0.3777777777777778	0.3011990170319421	8.1	27.8	24.2	0.29	18.2	0	0	-4.24	-1.212
Wilbert Robinson	C	77	5	R	99	0.2795698924731183	0.3232323232323233	0.3118279569892473	0.2874850261757956	5.1	20.4	0	0.351	7.7	50	0	1.82	0.606
Will Venable	RF	59	5	L	99	0.2391304347826087	0.2857142857142857	0.3369565217391304	0.2773891390779312	6.1	26.1	12.1	0.303	18.2	25	1.21	-0.61	1.818
Bill Mazeroski	2B	82	0	R	98	0.2247191011235955	0.2577319587628866	0.2921348314606741	0.2437612059467737	3.1	16.9	6.1	0.25	20	0	0	7.96	0.612
Frankie Pytlak	C	81	0	R	97	0.1411764705882353	0.2291666666666667	0.1647058823529412	0.191466808114981	10.3	17.6	0	0.169	8.3	100	0	4.95	-2.474
Ivan Rodriguez	C	76	5	R	96	0.1931818181818182	0.25	0.2386363636363636	0.2245004970615591	6.2	19.3	0	0.236	23.5	0	-3.12	0.62	-1.875
Alex Bregman	3B	67	0	R	95	0.2111111111111111	0.2365591397849462	0.2444444444444444	0.2169723366059799	3.2	20	6.3	0.254	5.3	0	0	-0.63	-1.895
Larry Hisle	LF	83	0	R	94	0.2588235294117647	0.3297872340425532	0.4235294117647059	0.3312836694031742	9.6	22.4	12.8	0.312	40.9	11.11	0	0.64	1.915
Harmon Killebrew	1B	73	0	R	94	0.1686746987951807	0.2659574468085106	0.3132530120481928	0.2637011356249728	11.7	45.8	25.5	0.244	28.6	0	0	0	-1.915
Ray Schalk	C	68	5	R	92	0.2025316455696203	0.3	0.2405063291139241	0.2557172286928064	12	32.9	0	0.302	12.5	50	1.3	1.3	-1.957
Norm Cash	1B	80	0	L	92	0.175	0.2826086956521739	0.3125	0.2731986328146081	10.9	30	19.6	0.208	35.7	0	0	3.26	0.652
Shea Langeliers	C	78	0	R	90	0.1625	0.2444444444444444	0.2	0.2113830530791867	10	22.5	6.7	0.194	7.7	0	0	-0.67	-4.667
Tom Tresh	SS	77	5	S	90	0.1392405063291139	0.2333333333333333	0.2151898734177215	0.2124461570196943	8.9	24.1	6.7	0.167	36.4	0	0	0	-2.667
Tyler Naquin	CF	70	0	L	89	0.3376623376623377	0.4044943820224719	0.5714285714285714	0.4162147436612819	10.1	23.4	27	0.386	38.5	0	0	-0.67	5.393
Buck Ewing	C	82	0	R	89	0.2469135802469136	0.303370786516854	0.3950617283950617	0.3066366686084162	6.7	23.5	20.2	0.283	25	20	2.02	5.39	2.697
Frankie Crosetti	SS	78	0	R	86	0.1571428571428571	0.2823529411764706	0.2714285714285714	0.2584800434793211	14	18.6	14	0.158	36.4	0	0	4.88	0.698
Dave Duncan	C	49	5	R	86	0.1358024691358025	0.1744186046511628	0.2222222222222222	0.1776929545790729	4.7	39.5	14	0.188	27.3	0	0	0.7	-4.884
Kyle Tucker	RF	79	0	L	85	0.1333333333333333	0.2235294117647059	0.1733333333333333	0.1914481170197894	10.6	21.3	0	0.167	20	50	1.41	2.82	-4.235
Tony Gwynn	CF	58	0	L	85	0.1428571428571428	0.2	0.1558441558441558	0.168956201346004	7.1	18.2	0	0.169	9.1	0	0	4.24	-5.647
Ron Fairly	1B	62	0	L	85	0.1944444444444444	0.2976190476190476	0.2638888888888889	0.2629478746388332	11.8	15.3	7.1	0.213	21.4	0	0	-1.41	-0.706
Chuck Essegian	LF	74	0	R	85	0.2278481012658228	0.2588235294117647	0.3544303797468354	0.2671359867011434	3.5	25.3	21.2	0.259	22.2	0	0	3.53	-0.706
Deacon White	3B	72	0	L	84	0.3170731707317073	0.3333333333333333	0.3902439024390244	0.3194293403128406	2.4	12.2	7.1	0.352	15.4	0	1.43	-7.14	0
George Sweatt	2B	68	0	R	82	0.1866666666666667	0.2345679012345679	0.28	0.2297587118585532	6.1	29.3	7.3	0.245	35.7	0	0	3.66	-0.732
Judy Johnson	3B	79	5	R	82	0.1666666666666667	0.1975308641975309	0.282051282051282	0.2100946646092372	1.2	20.5	7.3	0.197	30.8	75	0	-4.39	-1.463
Dink Mothell	2B	73	1	S	82	0.16	0.2317073170731707	0.2266666666666667	0.2131868209353019	8.5	21.3	7.3	0.19	25	0	1.46	0.73	-2.927
Byron Buxton	CF	64	0	R	82	0.2857142857142857	0.3292682926829268	0.5064935064935064	0.3556428315971946	6.1	16.9	22	0.311	45.5	10	0	8.05	8.049
Kerry Carpenter	RF	72	0	L	81	0.2253521126760563	0.308641975308642	0.3380281690140845	0.2814429403571087	9.9	21.1	14.8	0.255	25	0	1.48	1.48	-0.741
Ryan Lavarnway	C	64	0	R	81	0.2253521126760563	0.3209876543209876	0.352112676056338	0.2995155414368539	11.1	23.9	7.4	0.283	43.8	0	0	-9.63	-1.481
Jeff Blauser	SS	88	1	R	81	0.2253521126760563	0.3209876543209876	0.3943661971830986	0.318878115476786	12.3	22.5	22.2	0.25	37.5	0	0	2.22	2.963
Dante Bichette	LF	78	0	R	81	0.25	0.2839506172839506	0.4736842105263158	0.324144930029012	4.9	21.1	37	0.25	36.8	0	0	6.67	1.481
Sammy Taylor	C	50	1	L	80	0.25	0.2875	0.3552631578947368	0.2832373318167793	5	15.8	0	0.297	36.8	14.29	-3.75	1.5	-0.75
Ketel Marte	SS	68	5	S	79	0.3064516129032258	0.4358974358974359	0.3709677419354839	0.3617524531517632	19	16.1	0	0.358	21.1	0	2.28	-3.04	3.797
Will Brennan	RF	59	0	L	78	0.2083333333333333	0.2692307692307692	0.3194444444444444	0.264140013959022	6.4	18.1	7.7	0.241	40	0	0	-5.38	-2.308
Chas McCormick	CF	69	0	R	77	0.1884057971014493	0.2631578947368421	0.2173913043478261	0.2269014010188326	7.8	27.5	0	0.26	15.4	0	-3.9	-11.69	-4.675
Bobby Doerr	2B	77	0	R	77	0.2714285714285714	0.3108108108108108	0.4	0.3128674469367404	5.2	20	15.6	0.315	26.3	0	0	4.68	2.338
Al Dark	SS	75	1	R	76	0.2857142857142857	0.3108108108108108	0.3857142857142857	0.3047561918398296	2.6	20	7.9	0.339	20	25	-4.74	6.32	3.158
Hal McRae	LF	88	0	R	76	0.2898550724637681	0.3552631578947368	0.4492753623188406	0.3531695697248662	9.2	18.8	7.9	0.345	45	0	0	7.11	3.947
Lee Thomas	1B	77	0	L	76	0.1940298507462687	0.2368421052631579	0.373134328358209	0.2528827262401162	6.6	16.4	23.7	0.175	46.2	0	0	-6.32	-1.579
Sam Leslie	1B	88	0	L	75	0.2727272727272727	0.3513513513513514	0.3636363636363636	0.3226963732678082	8	21.2	0	0.346	27.8	20	0	4	2.4
Jonathan Lucroy	C	48	0	R	75	0.2794117647058824	0.3466666666666667	0.3676470588235294	0.3206272114618856	9.3	19.1	0	0.345	31.6	0	0	-16	0
Francisco Alvarez	C	69	0	R	73	0.265625	0.3472222222222222	0.375	0.3251261560377074	9.6	28.1	8.2	0.356	29.4	0	0	6.58	1.644
Salvador Perez	C	55	0	R	73	0.2173913043478261	0.2361111111111111	0.3043478260869565	0.2365786292210871	2.7	23.2	8.2	0.264	26.7	0	0	-2.47	-3.288
Max Carey	LF	60	5	S	73	0.3134328358208955	0.3561643835616438	0.4477611940298508	0.3514017693664999	4.1	11.9	8.2	0.339	33.3	0	0	2.47	4.11
Nick Swisher	1B	70	0	S	73	0.1694915254237288	0.3150684931506849	0.2542372881355932	0.2728964761333172	16.4	18.6	8.2	0.188	30	0	0	3.29	-0.822
Greg Myers	C	77	1	L	72	0.07142857142857142	0.09722222222222222	0.1142857142857143	0.08829558365510859	2.8	28.6	0	0.1	60	0	0	-8.33	-10.833
Kyle Karros	3B	66	0	R	71	0.2753623188405797	0.2957746478873239	0.5362318840579711	0.3542536905604819	2.8	17.4	33.8	0.283	47.4	11.11	2.54	1.69	2.535
Denzel Clarke	CF	65	0	R	71	0.1538461538461539	0.2	0.2615384615384616	0.205339679876126	2.8	30.8	8.5	0.2	40	25	-2.54	2.54	-4.225
Red Rolfe	3B	87	0	L	71	0.1774193548387097	0.2676056338028169	0.2903225806451613	0.255019272918978	9.9	9.7	16.9	0.164	27.3	0	1.69	-2.54	0
Jason Giambi	1B	58	0	L	71	0.09836065573770492	0.2112676056338028	0.1967213114754098	0.1964468202402351	12.7	37.7	16.9	0.108	33.3	0	0	2.54	-5.07
Gene Richards	LF	65	0	L	71	0.2295081967213115	0.3088235294117647	0.2786885245901639	0.2717131313777038	9.9	23	0	0.298	21.4	0	2.54	1.69	0.845
Alberto Castillo	C	51	0	R	70	0.2424242424242424	0.2857142857142857	0.2727272727272727	0.2541494644545621	5.7	21.2	0	0.308	12.5	0	0	-0.86	-1.714
Joe DiMaggio	CF	64	5	R	70	0.2794117647058824	0.3	0.5735294117647058	0.3710798651056728	2.9	16.2	42.9	0.269	52.6	0	0	5.14	7.714
Shanty Hogan	C	74	0	R	70	0.1641791044776119	0.2	0.2835820895522388	0.2136485475852038	4.3	11.9	17.1	0.158	36.4	0	-4.29	-10.29	-6
Gus Mancuso	C	58	0	R	69	0.171875	0.208955223880597	0.234375	0.2003665459252988	4.3	14.1	8.7	0.185	18.2	0	0	-3.48	-5.217
Brant Alyea	LF	89	5	R	68	0.2857142857142857	0.3235294117647059	0.3650793650793651	0.30486157918514	5.9	27	8.8	0.37	16.7	0	0	-14.12	0
Cole Young	2B	59	0	L	67	0.2295081967213115	0.2835820895522388	0.360655737704918	0.2839487636172335	7.5	24.6	17.9	0.267	28.6	0	-4.48	0.9	-0.896
Jim Tabor	3B	54	0	R	65	0.1403508771929824	0.203125	0.2105263157894737	0.1912844451172656	3.1	21.1	9.2	0.152	25	0	0	-0.92	-4.615
Garret Anderson	CF	59	0	L	64	0.2741935483870968	0.28125	0.4516129032258064	0.3122282638984322	1.6	16.1	18.8	0.294	35.3	16.67	0	1.88	1.875
Lou Whitaker	2B	77	0	L	64	0.1851851851851852	0.3125	0.1851851851851852	0.2487975736309116	14.1	22.2	0	0.238	0		0	-11.25	0
Zach Neto	SS	73	0	R	63	0.2033898305084746	0.253968253968254	0.3220338983050847	0.2567040956914333	6.3	35.6	19	0.278	25	0	0	0.95	0
Jeferson Quero	C	80	5	R	63	0.1071428571428571	0.2063492063492063	0.1071428571428571	0.1624389397372411	11.1	32.1	0	0.158	0		0	-3.81	-3.81
Austin Meadows	RF	83	5	L	63	0.2280701754385965	0.3015873015873016	0.4035087719298245	0.3114062856139798	9.5	8.8	28.6	0.204	30.8	0	0	3.81	0.952
Wilmer Flores	1B	59	1	R	62	0.2333333333333333	0.2580645161290323	0.3	0.2476861793004399	3.2	13.3	0	0.269	28.6	0	0	0	0
Julio Franco	1B	78	0	R	62	0.2807017543859649	0.3114754098360656	0.3157894736842105	0.2801971147256427	4.8	17.5	0	0.333	12.5	0	2.9	-11.61	-0.968
Jeferson Quero	C	80	0	R	62	0.1851851851851852	0.2741935483870968	0.3703703703703703	0.2845926242412222	11.3	25.9	29	0.184	40	0	0	-1.94	1.935
Yogi Berra	LF	68	5	L	61	0.3275862068965517	0.360655737704918	0.3620689655172414	0.3240051770908901	4.9	10.3	0	0.365	10.5	0	0	-8.85	2.951
Jake Rogers	C	54	0	R	59	0.1929824561403509	0.2033898305084746	0.3684210526315789	0.2424238441574957	1.7	28.1	20.3	0.225	54.5	0	0	2.03	-1.017
Buddy Hassett	1B	50	0	L	59	0.3454545454545455	0.3728813559322034	0.4181818181818182	0.3469758818459434	5.1	5.5	0	0.358	15.8	33.33	-5.08	3.05	3.051
Don Zimmer	SS	59	5	R	59	0.3333333333333333	0.4107142857142857	0.5625	0.4157585006441159	11.9	29.2	20.3	0.424	37.5	16.67	0	4.07	6.102
Mike Cameron	CF	82	5	R	58	0.1851851851851852	0.2280701754385965	0.3148148148148148	0.2402173972892122	5.2	37	20.7	0.25	30	0	0	-8.28	-2.069
Maurice Archdeacon	CF	45	5	L	58	0.2037037037037037	0.2456140350877193	0.2222222222222222	0.2157365228591492	3.4	31.5	0	0.297	9.1	0	0	4.14	-2.069
Derek Hill	CF	66	0	R	57	0.2545454545454545	0.2807017543859649	0.2909090909090909	0.2563518879857719	3.5	32.7	0	0.378	14.3	0	0	12.63	-2.105
Dick Seay	2B	66	0	R	57	0.1956521739130435	0.3214285714285715	0.3043478260869565	0.2904990178210383	12.3	26.1	10.5	0.235	33.3	0	0	2.11	-6.316
Jimmie Lyons	LF	72	0	L	57	0.1886792452830189	0.2181818181818182	0.3207547169811321	0.2362536933078173	3.5	18.9	21.1	0.195	30	0	0	0	-3.158
Lance Johnson	CF	67	0	L	57	0.1851851851851852	0.2105263157894737	0.2777777777777778	0.2121277469853062	3.5	14.8	0	0.213	30	66.67	-5.26	2.11	-2.105
Sandy Leon	C	72	5	S	57	0.3461538461538461	0.3818181818181818	0.4423076923076923	0.3634596385443941	5.3	11.5	0	0.391	27.8	0	0	0	3.158
Maury Wills	SS	78	5	S	55	0.1568627450980392	0.2037037037037037	0.1568627450980392	0.1707671670138089	5.5	17.6	0	0.19	0		3.27	1.09	-3.273
Brice Turang	2B	55	0	L	55	0.1509433962264151	0.1818181818181818	0.2830188679245283	0.2031010274784944	3.6	11.3	10.9	0.152	62.5	0	-2.18	1.09	-2.182
Rennie Stennett	2B	60	0	R	55	0.2592592592592592	0.2592592592592592	0.2962962962962963	0.244725566445902	0	29.6	0	0.368	14.3	0	0	-14.18	-6.545
Mack Jones	LF	84	0	L	55	0.196078431372549	0.2545454545454545	0.2549019607843137	0.2338180073649272	7.3	27.5	10.9	0.25	10	0	0	0	-3.273
Mark Grace	1B	80	5	L	54	0.1666666666666667	0.2407407407407407	0.2916666666666667	0.2387709129863608	9.3	25	11.1	0.194	50	0	0	-11.11	-4.444
Andre Thornton	1B	89	5	R	54	0.2916666666666667	0.3703703703703703	0.4166666666666667	0.349989391635313	11.1	25	11.1	0.371	21.4	33.33	0	-3.33	2.222
Max Muncy	3B	85	0	L	53	0.2040816326530612	0.2641509433962264	0.3061224489795918	0.2572735119950163	5.7	26.5	11.3	0.257	30	0	0	4.53	-1.132
Rickey Henderson	LF	68	5	R	53	0.2916666666666667	0.3584905660377358	0.4583333333333333	0.3589540974029178	9.4	12.5	22.6	0.3	28.6	0	6.79	5.66	4.528
Donn Clendenon	1B	61	5	R	51	0.2978723404255319	0.3529411764705883	0.4468085106382979	0.351824262278711	5.9	17	11.8	0.342	35.7	0	0	3.53	3.529
Bug Holliday	LF	87	0	R	51	0.4375	0.4705882352941176	0.7291666666666666	0.5117870325274544	5.9	12.5	35.3	0.462	33.3	14.29	-5.88	7.06	9.412
TJ Rumfield	1B	69	0	L	51	0.1666666666666667	0.2156862745098039	0.25	0.211437000038069	3.9	22.9	11.8	0.194	25	0	0	-14.12	-5.882
Mickey Mantle	1B	68	0	S	51	0.18	0.196078431372549	0.2	0.1781873858257757	2	40	0	0.3	11.1	0	0	-1.18	-4.706
Nate Eaton	RF	50	0	R	50	0.1777777777777778	0.2291666666666667	0.2	0.1998681201971837	6	24.4	0	0.235	12.5	0	0	3.6	-4.8
Adley Rutschman	C	77	0	S	50	0.2045454545454546	0.28	0.2954545454545455	0.2607981546917049	10	27.3	12	0.25	22.2	0	0	1.2	-1.2
Richie Ashburn	CF	87	0	L	50	0.375	0.5	0.425	0.4223029168354291	16	10	0	0.417	6.7	100	0	-1.2	6
Dustin Pedroia	2B	66	0	R	48	0.2222222222222222	0.2708333333333333	0.3555555555555556	0.2757585706787617	6.2	17.8	0	0.27	60	0	0	-1.25	1.25
Kid Elberfeld	2B	82	0	R	47	0.2307692307692308	0.3617021276595745	0.282051282051282	0.2974228421389381	14.9	10.3	0	0.257	22.2	0	0	-10.21	1.277
Kyle Tucker	LF	82	0	L	47	0.1904761904761905	0.2765957446808511	0.3571428571428572	0.2822525968506941	10.6	33.3	12.8	0.259	62.5	0	6.38	2.55	1.277
Jay Bell	SS	82	0	R	47	0.2	0.3043478260869565	0.225	0.2442343732572246	12.8	25	0	0.267	12.5	0	2.55	0	1.277
Dave Henderson	CF	89	0	R	47	0.2	0.2340425531914894	0.2888888888888889	0.2328636637004215	4.3	28.9	12.8	0.258	22.2	0	0	-5.11	-1.277
Freddy Galvis	SS	58	5	S	47	0.2391304347826087	0.2340425531914894	0.3260869565217391	0.2401568996858913	0	23.9	0	0.306	36.4	0	0	2.55	-1.277
Bryan Reynolds	LF	89	0	S	46	0.3333333333333333	0.4222222222222222	0.4871794871794872	0.4010197219693064	13	20.5	13	0.4	30.8	0	-6.52	1.3	5.217
Mickey Vernon	1B	83	0	L	46	0.2926829268292683	0.3695652173913043	0.3170731707317073	0.31773136943627	6.5	24.4	0	0.387	8.3	0	0	-15.65	-5.217
Evan Longoria	3B	69	5	R	46	0.1891891891891892	0.2888888888888889	0.2702702702702703	0.2574350139533597	13	10.8	13	0.176	14.3	0	0	-9.13	-1.304
Brian McRae	CF	84	0	S	46	0.3023255813953488	0.3478260869565217	0.3953488372093023	0.3305670966633713	6.5	23.3	13	0.375	15.4	0	3.91	-1.3	3.913
Andy Etchebarren	C	63	0	R	46	0.25	0.2826086956521739	0.3863636363636364	0.2928392514103945	4.3	15.9	13	0.278	36.4	0	0	0	1.304
Julio Lugo	SS	73	5	R	46	0.2142857142857143	0.2826086956521739	0.2380952380952381	0.2437802705870997	6.5	11.9	0	0.243	11.1	0	6.52	-1.3	1.304
Steve O&#39;Neill	C	87	5	R	45	0.3333333333333333	0.4222222222222222	0.4615384615384616	0.391679376465814	11.1	10.3	0	0.371	30.8	25	0	-1.33	5.333
Leroy Morney	SS	83	1	S	45	0.1842105263157895	0.2619047619047619	0.2631578947368421	0.2415673773737667	8.9	21.1	0	0.233	42.9	0	0	0	1.333
Kevin McGonigle	SS	88	0	L	45	0.325	0.3863636363636364	0.6	0.4216384765044745	8.9	12.5	26.7	0.333	53.8	0	0	-8	4
Sammy Hale	3B	78	5	R	44	0.1219512195121951	0.1590909090909091	0.1951219512195122	0.1583505671151785	4.5	22	0	0.152	60	0	0	1.36	-5.455
Bobby Brown	CF	58	0	S	44	0.3488372093023256	0.3636363636363636	0.7441860465116279	0.4681220011964641	2.3	20.9	68.2	0.345	46.7	0	0	1.36	9.545
Mark McGwire	1B	75	0	R	43	0.2564102564102564	0.3255813953488372	0.4358974358974359	0.3346704688148893	9.3	43.6	27.9	0.4	30	0	0	-6.98	1.395
Jeff Blauser	SS	88	5	R	43	0.175	0.2325581395348837	0.275	0.2293372753012766	7	25	14	0.207	28.6	0	0	-16.74	-2.791
Garry Templeton	SS	78	0	S	43	0.3	0.3255813953488372	0.525	0.3582244000384131	4.7	20	14	0.344	41.7	40	0	13.95	5.581
Gunnar Henderson	SS	73	0	L	42	0.2121212121212121	0.3333333333333333	0.3333333333333333	0.3013156402898921	16.7	33.3	14.3	0.261	28.6	0	0	1.43	1.429
Al Rosen	3B	74	0	R	42	0.2432432432432433	0.3333333333333333	0.3513513513513514	0.310473993680601	11.9	10.8	14.3	0.25	22.2	0	0	-1.43	-1.429
Yoan Moncada	3B	81	0	S	42	0.2631578947368421	0.3333333333333333	0.4210526315789473	0.3327790156482954	9.5	21.1	14.3	0.31	40	0	0	8.57	4.286
Will Venable	RF	59	0	L	42	0.175	0.2142857142857143	0.275	0.2189067750863415	2.4	35	14.3	0.24	28.6	0	0	4.29	-4.286
Adrian Beltre	3B	78	0	R	41	0.2	0.2195121951219512	0.25	0.2097574566414698	0	27.5	0	0.276	25	0	0	1.46	0
Jackie Robinson	1B	58	5	R	41	0.25	0.3414634146341464	0.3888888888888889	0.327882212549536	9.8	27.8	14.6	0.32	33.3	0	0	2.93	1.463
Cando Lopez	CF	59	0	R	41	0.2368421052631579	0.2439024390243902	0.4473684210526316	0.2872437423008271	2.4	23.7	29.3	0.241	44.4	0	0	2.93	1.463
Zach Cole	RF	65	0	L	41	0.2368421052631579	0.275	0.3157894736842105	0.2650842418106817	2.4	26.3	14.6	0.296	11.1	0	0	0	-1.463
Jordan Walker	RF	77	0	R	40	0.2352941176470588	0.325	0.4705882352941176	0.3419995888448614	12.5	29.4	30	0.261	50	0	0	-1.5	1.5
Wilyer Abreu	RF	81	0	L	40	0.2857142857142857	0.375	0.3142857142857143	0.3193018666523792	12.5	17.1	0	0.345	10	0	0	-9	1.5
Luis Alicea	2B	59	1	S	40	0.1578947368421053	0.2	0.1578947368421053	0.1693120216224267	2.5	15.8	0	0.188	0		0	0	-4.5
Willson Contreras	C	69	0	R	40	0.2941176470588235	0.4	0.4705882352941176	0.385890903569797	10	23.5	15	0.36	40	0	3	10.5	4.5
Moises Ballesteros	DH	84	0	L	40	0.2564102564102564	0.275	0.3846153846153846	0.2877290091460959	2.5	23.1	15	0.31	30	0	0	0	0
Nolan McLean	P	87	0	R	39	0.09090909090909091	0.1891891891891892	0.09090909090909091	0.1477309691486667	10.3	45.5	0	0.167	0		0	1.54	-7.692
Brent Rooker	RF	86	0	R	39	0.3513513513513514	0.3846153846153846	0.5405405405405406	0.4006250303876243	5.1	13.5	15.4	0.387	38.5	0	0	0	4.615
Jake Stahl	1B	86	5	R	39	0.3243243243243243	0.3421052631578947	0.6216216216216216	0.4115500650287029	0	32.4	46.2	0.409	41.7	0	4.62	4.62	7.692
Levi Meyerle	3B	67	5	R	39	0.303030303030303	0.3846153846153846	0.5151515151515151	0.3828482723145169	12.8	18.2	0	0.357	50	40	3.08	6.15	6.154
Jacob Wilson	SS	67	0	R	38	0.2702702702702703	0.2894736842105263	0.3243243243243243	0.2723832463840455	2.6	16.2	0	0.323	20	0	0	3.16	-1.579
Gabriel Arias	SS	59	0	R	38	0.1428571428571428	0.1891891891891892	0.2571428571428571	0.1995009852670186	5.3	22.9	15.8	0.154	40	0	0	-6.32	-4.737
Luke Appling	SS	83	5	R	38	0.1764705882352941	0.2368421052631579	0.4117647058823529	0.276357333083266	7.9	29.4	31.6	0.174	66.7	0	0	7.89	3.158
Gabby Hartnett	C	66	0	R	38	0.2941176470588235	0.3243243243243243	0.4411764705882353	0.329935104848621	5.3	29.4	15.8	0.375	30	0	0	-6.32	1.579
Charlie Hayes	3B	77	0	R	37	0.1714285714285714	0.2162162162162162	0.1714285714285714	0.1822016388019047	5.4	20	0	0.214	0		0	-4.86	-4.865
Clyde Sukeforth	C	75	0	L	37	0.2571428571428571	0.2972972972972973	0.4	0.3047288160417906	5.4	17.1	0	0.31	55.6	0	0	6.49	-1.622
Johnny Neun	1B	63	5	S	37	0.2	0.2432432432432433	0.2285714285714286	0.216336954625666	5.4	17.1	0	0.241	14.3	0	4.86	4.86	-3.243
Alejandro Kirk	C	88	0	R	36	0.21875	0.3055555555555556	0.28125	0.2714885305271963	11.1	21.9	0	0.28	28.6	0	0	1.67	1.667
J.T. Realmuto	C	57	0	R	35	0.2424242424242424	0.2571428571428571	0.2424242424242424	0.2235585711895827	2.9	24.2	0	0.308	0		0	3.43	-3.429
Luis Alicea	2B	59	0	S	35	0.2	0.3142857142857143	0.2333333333333333	0.2640011187509039	11.4	26.7	0	0.273	16.7	0	0	8.57	0
Boileryard Clarke	C	69	0	R	35	0.1818181818181818	0.2058823529411765	0.2727272727272727	0.2118123272166305	2.9	24.2	17.1	0.208	16.7	0	0	1.71	-5.143
Keith Lockhart	2B	67	0	L	35	0.09090909090909091	0.1428571428571428	0.1818181818181818	0.1493647381325854	5.7	18.2	17.1	0.077	33.3	0	0	0	-8.571
Nolan Jones	RF	69	0	L	34	0.2058823529411765	0.2058823529411765	0.2352941176470588	0.1943408910011575	0	26.5	0	0.28	14.3	0	0	3.53	-5.294
Cody Bellinger	LF	86	0	L	34	0.25	0.303030303030303	0.4642857142857143	0.3226623360753292	8.8	35.7	35.3	0.278	28.6	0	0	0	1.765
Wid Conroy	3B	53	1	R	34	0.2121212121212121	0.2352941176470588	0.303030303030303	0.2380112664742785	2.9	24.2	17.6	0.25	14.3	0	0	-1.76	-3.529
Anthony Santander	RF	75	0	S	33	0.2142857142857143	0.303030303030303	0.3214285714285715	0.2817252929100263	12.1	17.9	18.2	0.217	16.7	0	0	5.45	0
Luke Sewell	C	52	1	R	33	0.1666666666666667	0.2424242424242424	0.1666666666666667	0.1984586428625935	9.1	13.3	0	0.192	0		0	-3.64	-3.636
Ozzie Smith	SS	79	5	S	33	0.3103448275862069	0.375	0.4482758620689655	0.3625363111369456	9.1	10.3	0	0.346	44.4	0	0	0	7.273
Vic Davalillo	CF	65	0	L	33	0.06666666666666667	0.06666666666666667	0.06666666666666667	0.05938426231733541	0	20	0	0.083	0		0	0	-10.909
Steve Bilko	1B	81	0	R	33	0.1785714285714286	0.303030303030303	0.3928571428571428	0.3110062499416996	15.2	42.9	36.4	0.214	40	0	0	0	1.818
Marcelo Mayer	2B	53	0	L	32	0.0967741935483871	0.125	0.1612903225806452	0.1102186227651086	3.1	38.7	0	0.158	66.7	0	0	1.88	-9.375
Edgar Martinez	DH	84	0	R	32	0.1333333333333333	0.1875	0.2333333333333333	0.1912040552937662	6.2	23.3	18.8	0.136	25	0	0	3.75	-3.75
Danny Jansen	C	88	1	R	31	0.1724137931034483	0.2258064516129032	0.2758620689655172	0.2271069010770047	3.2	24.1	19.4	0.19	20	0	0	0	-5.806
Jake Daubert	1B	86	5	L	31	0.32	0.4516129032258064	0.32	0.3650562115939068	19.4	20	0	0.4	0		0	7.74	5.806
Jerry Mumphrey	LF	69	0	S	31	0.2068965517241379	0.2580645161290323	0.3448275862068966	0.2668483996657974	6.5	31	19.4	0.263	33.3	0	0	7.74	-1.935
Eddie Bressoud	SS	68	5	R	30	0.1785714285714286	0.2068965517241379	0.3214285714285715	0.227724307419308	3.3	32.1	0	0.263	60	33.33	0	0	-4