# CAP key=latebronze__20260313 role=hit label=Late Bronze type=Daily env=current variants=all_cards obsval=41-69 minIP=null minPA=30 dates=2026-07-05..2026-07-19 recordsTotal=252 rows=252
Name	POS	VAL	VLvl	Hand	PA	AVG	OBP	SLG	wOBA	BBpct	SOpct	HR600	BABIP	XBHpct	3B/XBH	wSB600	UBR600	WAR600
Jackie Bradley Jr.	CF	69	0	L	4061	0.247578040904198	0.3033292231812577	0.3614101184068891	0.2974525075317286	7.2	16.1	7.2	0.281	31.5	12.07	1.23	2.36	2.438
Juan Uribe	SS	66	0	R	3678	0.25	0.2688201478237066	0.420662100456621	0.2979054174426179	2.4	16.7	11.3	0.279	37.9	38.55	0.59	1.53	3.85
Felipe Lopez	SS	68	0	S	3501	0.2560250391236307	0.3096533944428531	0.3968701095461659	0.3119681282774764	7.2	14.9	14.4	0.275	30.9	11.46	-0.17	0.67	1.697
Giancarlo Stanton	RF	69	0	R	3011	0.2563370224919672	0.2968386023294509	0.4169939307390218	0.3131104957678543	5.3	20.8	19.3	0.289	33.8	5.35	-0.36	-2.97	1.574
Hyun-soo Kim	LF	68	0	L	2535	0.2515611061552185	0.3222354340071344	0.3331846565566459	0.2972250559948705	9.5	10.9	1.2	0.276	28.4	8.12	-0.31	-1.09	0.97
Leo Cardenas	SS	68	0	R	2522	0.2530434782608696	0.3052	0.4004347826086956	0.3113565687325712	6.8	16.5	8.8	0.287	34.4	32.5	0	0.48	3.616
Jackie Robinson	3B	68	0	R	2296	0.2250996015936255	0.3051519154557464	0.3326693227091633	0.2902233089872268	10.1	8.5	10.7	0.226	25	18.58	-0.91	0.52	1.803
Ketel Marte	SS	68	0	S	2067	0.2569444444444444	0.3169664560038892	0.3344017094017094	0.2954237520887728	8	11.9	1.2	0.287	25.4	12.3	-0.55	1.48	0.958
Dave Harris	LF	67	0	R	2048	0.2447973713033954	0.3124387855044075	0.3921139101861993	0.3097310567689709	8.9	16.2	13.8	0.265	31.8	23.24	-0.26	-0.26	0.557
John Olerud	1B	68	0	L	1757	0.2691576947435085	0.3348519362186788	0.3641545281823939	0.3154591712952728	8.9	10.4	7.2	0.287	24	5.88	0	-3.52	1.571
Tony Fernandez	2B	65	0	S	1616	0.2582159624413146	0.2940438871473354	0.358148893360161	0.2899103492396332	4.8	7.9	9.7	0.263	25.2	0	0.04	0.22	2.042
Tim McCarver	C	68	0	L	1563	0.275671950379049	0.3151825752722613	0.4410751206064783	0.3293187171492029	5.6	4	7.7	0.273	36.5	36.99	0.27	0.92	4.415
Lance Johnson	CF	67	0	L	1555	0.2903225806451613	0.3201555411535969	0.4179821551132464	0.3238649589905864	4.1	6.7	1.2	0.306	27	57.89	-0.23	1.89	3.357
Rick Monday	CF	69	0	L	1525	0.2334293948126801	0.2891803278688524	0.3602305475504323	0.2887293114124042	7.3	21.1	13.4	0.268	28.7	16.13	-0.28	0.55	0.433
Craig Reynolds	SS	68	0	L	1492	0.2565028901734104	0.2848318462594372	0.3497109826589596	0.2812152087695937	3.9	7.3	2.4	0.271	23.4	40.96	-0.76	-3.3	1.367
Mark Bellhorn	2B	64	0	S	1485	0.2615740740740741	0.3387533875338753	0.3873456790123457	0.3243734746845268	10.4	23.4	11.7	0.315	27.7	11.7	-0.2	0.81	1.98
Dave Brain	3B	68	0	R	1426	0.2633895818048422	0.291023842917251	0.4651504035216434	0.3277363884629483	3.4	14.3	22.7	0.272	40.4	15.17	0.67	1.6	4.25
Matty Alou	CF	69	0	L	1412	0.3157498116051243	0.3470254957507082	0.439336850037679	0.3462300506125712	4.6	4.8	2.1	0.325	30.3	21.26	0.81	1.78	3.102
Jackie Robinson	3B	68	5	R	1249	0.2417279411764706	0.3207091055600322	0.3363970588235294	0.2990225684711807	10.6	7.2	10.1	0.24	20.9	10.91	0.38	2.07	2.786
Justin Smoak	1B	69	0	S	1232	0.238615664845173	0.3068181818181818	0.395264116575592	0.3110903811868909	9.2	13.6	21.4	0.236	31.3	2.44	-0.49	-3.99	1.364
Rickey Henderson	LF	68	0	R	1230	0.2272727272727273	0.3040650406504065	0.3127272727272727	0.2826765786086116	10	19.5	7.8	0.267	24.8	0	1.12	2.59	-0.439
Cy Williams	RF	69	0	L	1190	0.2391505078485688	0.2914911541701769	0.3785780240073869	0.295547733751818	7	11.8	18.7	0.237	27.4	8.45	0	-2.22	-0.353
Dmitri Young	DH	64	0	S	1137	0.2607476635514019	0.297273526824978	0.3925233644859813	0.30494474995232	4.8	14.6	14.2	0.282	27.2	14.47	0	-3.38	0.475
Dustin Pedroia	2B	66	5	R	1058	0.2871900826446281	0.3333333333333333	0.4152892561983471	0.3302702273223602	6.6	6.5	7.9	0.292	32.4	6.67	0.79	0.11	4.537
Bill Buckner	LF	64	0	L	1021	0.324847250509165	0.342156862745098	0.4256619144602851	0.3391549616043157	2.7	4.6	4.1	0.333	24.8	7.59	-0.18	4.23	3.408
Jackie Bradley Jr.	CF	69	5	L	980	0.2622020431328037	0.3237997957099081	0.4188422247446084	0.3284829814118705	8.6	17.6	11.6	0.295	37.2	16.28	-0.8	2.27	3.429
Bobby Byrne	3B	69	0	R	937	0.2307692307692308	0.2751895991332611	0.3426573426573427	0.2741207998120737	5.3	7.6	2.6	0.243	27.8	60	-0.77	2.31	0.256
Mickey Tettleton	C	69	0	S	908	0.2299741602067183	0.3274531422271224	0.3385012919896641	0.3019151625392587	13	21.1	11.2	0.265	25.3	11.11	0	-2.31	0.463
Dave Harris	LF	67	5	R	826	0.2793522267206478	0.3426150121065376	0.4912280701754386	0.3617241574062428	8.8	15	22.5	0.289	39.6	15.85	-0.29	-1.16	2.833
Jerry Mumphrey	LF	69	0	S	810	0.2640218878248974	0.3246592317224288	0.3953488372093023	0.3207764036233623	7.9	12.2	8.1	0.285	33.2	15.62	0	-0.96	0.667
Chris Cannizzaro	C	65	0	R	754	0.2626865671641791	0.3306559571619813	0.3656716417910448	0.3125666225053145	9.2	11.2	8.8	0.28	22.7	17.5	0	-2.94	2.785
Brent Mayne	C	67	0	L	741	0.2713864306784661	0.3247282608695652	0.3613569321533923	0.3095645115853228	7	15.6	2.4	0.316	29.3	1.85	-0.4	-6.72	2.51
Craig Reynolds	SS	68	5	L	714	0.2782874617737003	0.3182461103253182	0.4113149847094801	0.3208721910983643	6	6.7	5	0.287	30.2	36.36	0	-0.67	3.613
Andy Seminick	C	66	0	R	693	0.1980982567353407	0.2604920405209841	0.3185419968304279	0.2612516622389178	7.4	16.5	13.9	0.211	32	10	-0.87	-1.65	0.433
Julio Franco	2B	69	0	R	691	0.2491909385113269	0.3187772925764192	0.3462783171521036	0.3025182997472745	8.8	13.1	8.7	0.271	25.3	2.56	-0.43	2.34	2.952
James Loney	1B	64	0	L	654	0.2483660130718954	0.2830769230769231	0.3349673202614379	0.2767342624344316	4.7	10.5	5.5	0.266	26.3	2.5	-0.28	-1.38	-0.183
Duffy Dyer	C	69	0	R	625	0.2231985940246046	0.2746365105008077	0.3620386643233743	0.2822703092322162	6.6	16.9	10.6	0.247	40.9	9.62	0	-2.11	2.016
Dustin Pedroia	2B	66	0	R	618	0.3015873015873016	0.3403908794788273	0.4462081128747795	0.3443731471745116	6.1	6.7	8.7	0.306	33.3	12.28	0.97	4.47	5.631
Larry Gardner	3B	68	0	L	618	0.2908438061041292	0.3430894308943089	0.4290843806104129	0.3384474711027901	7.6	7	1.9	0.305	34.6	30.36	-0.49	0.78	4.175
Ed Morgan	RF	66	0	R	609	0.283609576427256	0.3525535420098847	0.4180478821362799	0.3421432034009457	9.4	13.1	2	0.321	29.9	50	-0.2	0.3	2.365
Felipe Lopez	SS	68	5	S	601	0.2764378478664193	0.3350083752093803	0.4192949907235621	0.3281976542737911	8.5	14.7	12	0.301	30.2	17.78	0.3	0.7	2.296
Joe Morgan	2B	65	0	L	601	0.2093023255813954	0.3128119800332779	0.3333333333333333	0.2944227462662986	13.1	8.7	15	0.202	29.6	6.25	0.2	-0.5	0.3
Byron Buxton	CF	64	0	R	593	0.2900900900900901	0.3208191126279863	0.4738738738738739	0.3465732726780494	4.2	15	15.2	0.317	41	9.09	0.61	5.26	4.958
Jimmy Rollins	SS	69	0	S	577	0.2547892720306513	0.317157712305026	0.417624521072797	0.3263427472030577	8.3	9	21.8	0.244	30.1	7.5	0.1	3.22	4.471
Paul DeJong	SS	68	0	R	568	0.245136186770428	0.3056537102473498	0.3599221789883268	0.2983328179154959	8.1	12.3	13.7	0.255	26.2	0	-0.53	-0.11	2.535
Paul DeJong	SS	68	5	R	563	0.2686274509803921	0.3179396092362344	0.4254901960784314	0.3263653899687551	7.3	12.5	19.2	0.271	28.5	12.82	-0.32	1.28	4.583
Jason Heyward	RF	57	0	L	561	0.2618110236220472	0.3072727272727273	0.3405511811023622	0.291596371135963	5.9	9.1	2.1	0.281	24.1	12.5	-0.53	4.06	1.711
Donald Reeves	RF	69	5	L	543	0.3173652694610778	0.3646408839779006	0.4670658682634731	0.3648927035873895	6.6	8.8	11	0.331	29.6	17.02	0.22	0.33	4.088
Yogi Berra	LF	68	0	L	535	0.2352941176470588	0.2814258911819887	0.3184584178498986	0.2702201574318361	6.2	7.1	10.1	0.235	19.8	0	0	-4.15	0.449
Tim Salmon	RF	65	0	R	529	0.2248394004282655	0.3024574669187146	0.3447537473233405	0.2921576624665588	10.2	18	18.1	0.238	22.9	0	0.23	0.79	-0.227
Roldy Brito	CF	69	0	S	504	0.262472885032538	0.3167330677290837	0.3817787418655098	0.3103523397337166	7.3	11.3	2.4	0.29	28.9	45.71	1.19	2.5	2.976
Tim McCarver	C	68	5	L	502	0.2548596112311015	0.3067729083665339	0.4190064794816415	0.3192760019927925	7.2	6	9.6	0.256	35.6	42.86	-1.31	-4.54	3.108
Daulton Varsho	CF	63	0	L	492	0.2545454545454545	0.3092783505154639	0.375	0.3047014066204671	7.7	13.6	7.3	0.278	29.5	24.24	0.85	0.49	0.854
Tony Fernandez	2B	65	5	S	471	0.2494279176201373	0.2787234042553192	0.3661327231121281	0.2844304602742117	4.5	6.6	15.3	0.238	24.8	0	-0.64	0.25	1.401
Garret Anderson	LF	64	5	L	454	0.2836538461538461	0.3009049773755656	0.3990384615384616	0.3058747651619785	3.1	9.1	5.3	0.296	30.5	11.11	-0.66	1.98	1.454
Rick Monday	CF	69	5	L	449	0.2673267326732673	0.3229398663697104	0.4430693069306931	0.3350069633412511	8	20.5	17.4	0.301	36.1	15.38	0	2.94	3.341
Willson Contreras	C	69	5	R	443	0.251207729468599	0.2934537246049662	0.3381642512077295	0.2832619734790371	5.9	16.9	6.8	0.289	25	0	0	1.76	0.948
Willson Contreras	C	69	0	R	441	0.2439024390243902	0.2938496583143508	0.3341463414634147	0.2827829258557098	5.9	19.8	9.5	0.289	23	0	0.27	1.36	0.952
Wilson Ramos	C	68	0	R	419	0.2701298701298701	0.3140096618357488	0.4	0.3174139415632039	6.2	13.5	14.3	0.288	26.9	7.14	0	2.58	4.01
Troy Glaus	3B	58	0	R	409	0.2150837988826816	0.2878411910669975	0.3826815642458101	0.2970197577294394	9.5	16.8	11.7	0.233	45.5	25.71	-0.44	0	0.44
Ryan Mountcastle	1B	69	0	R	400	0.2257217847769029	0.2475	0.3700787401574803	0.2704394821062261	3	14.7	18	0.232	36	0	0.9	-2.25	-0.75
Gus Williams	RF	68	0	L	396	0.2290502793296089	0.2766497461928934	0.3491620111731844	0.2777647408301244	6.3	13.7	10.6	0.241	29.3	20.83	1.67	1.82	-0.152
Cy Williams	RF	69	5	L	388	0.2124645892351275	0.2809278350515464	0.2861189801699717	0.2562892130706789	8.5	11.6	9.3	0.225	18.7	0	0	-3.4	-2.32
Don Baylor	1B	64	0	R	381	0.2348066298342542	0.2729658792650919	0.3176795580110497	0.2661816324536227	5	9.4	4.7	0.252	25.9	9.09	6.3	2.83	-0.945
Duffy Dyer	C	69	5	R	378	0.2372881355932203	0.2700534759358289	0.3531073446327684	0.2764883659339581	4.2	17.5	9.5	0.27	29.8	16	0	-3.81	1.905
Joe Carter	RF	64	0	R	378	0.2758620689655172	0.3129973474801061	0.4166666666666667	0.3198281829855021	5.8	11.5	12.7	0.287	33.3	3.12	-0.79	3.17	2.698
Mickey Tettleton	C	69	5	S	366	0.2236421725239617	0.3214285714285715	0.4121405750798722	0.325563948963887	12.6	22.4	24.6	0.237	38.6	7.41	0	-1.31	1.475
Brett Butler	CF	64	0	L	364	0.2405063291139241	0.3212290502793296	0.3227848101265823	0.293783953553639	10.2	13	1.6	0.271	21.1	50	0.82	3.63	0.824
Dale Alexander	1B	69	0	R	361	0.2314814814814815	0.3025210084033613	0.2808641975308642	0.2689005187647978	8.6	9.6	0	0.256	20	6.67	1	1.16	-1.163
Mickey Mantle	1B	68	0	S	360	0.2087542087542087	0.3361111111111111	0.3131313131313131	0.3025489829979081	15	19.2	15	0.226	21	0	-0.83	-0.83	0.667
Tim Salmon	RF	65	5	R	353	0.2834394904458599	0.3456090651558074	0.5191082802547771	0.3720568581390348	9.1	12.7	32.3	0.268	34.8	16.13	0.34	-2.89	3.059
Johnny Neun	1B	63	0	S	348	0.2693602693602694	0.3594202898550725	0.3468013468013468	0.3222354476798059	12.4	15.2	0	0.312	21.2	35.29	1.9	3.1	1.897
Mule Haas	CF	69	0	L	341	0.2555205047318612	0.2890855457227139	0.3501577287066246	0.2836074340847518	4.7	8.5	7	0.265	27.2	0	0	-1.23	0.176
Josh Jung	3B	69	0	R	316	0.2862068965517242	0.3417721518987342	0.3862068965517241	0.3238954661459119	7.9	14.5	5.7	0.325	26.5	4.55	-0.57	-4.75	1.709
Bo Bichette	SS	69	0	R	301	0.2490842490842491	0.31	0.3809523809523809	0.3048128416465418	7.6	11	17.9	0.25	26.5	0	0.6	0.8	1.794
Donald Reeves	RF	69	0	L	298	0.2659574468085106	0.2861952861952862	0.4184397163120567	0.3076158718873902	3	12.4	18.1	0.272	30.7	8.7	0	1.41	1.007
Jonathan Schoop	2B	67	0	R	293	0.2518248175182482	0.2798634812286689	0.3321167883211679	0.2725486708906206	4.4	15.7	8.2	0.279	20.3	0	0	-1.84	0.614
Dale Alexander	1B	69	5	R	291	0.2217898832684825	0.3024054982817869	0.2762645914396887	0.2682479403116887	10.3	13.2	0	0.252	24.6	0	-1.03	1.86	-0.412
Glenn Wilson	CF	69	0	R	288	0.2846715328467153	0.3066202090592334	0.4635036496350365	0.3359238480567979	3.1	9.1	22.9	0.278	30.8	12.5	-1.04	-0.83	2.708
Garret Anderson	LF	64	0	L	284	0.2794117647058824	0.2918149466192171	0.4007352941176471	0.3025056756274386	2.1	7	8.5	0.286	31.6	4.17	0	-0.85	1.479
J.T. Realmuto	C	57	0	R	283	0.2293233082706767	0.254416961130742	0.3270676691729323	0.2566205997748278	3.9	16.5	8.5	0.254	23	28.57	0	0.64	0.424
Justyn-Henry Malloy	RF	69	0	R	281	0.2388663967611336	0.3214285714285715	0.3360323886639676	0.2967775504441446	11	13	10.7	0.255	23.7	0	0	1.92	0.427
Gene Richards	LF	65	0	L	276	0.256	0.3022388059701492	0.36	0.2955168263761296	5.8	11.2	0	0.287	26.6	52.94	1.74	3.26	-0.217
Bill Buckner	LF	64	5	L	276	0.2727272727272727	0.3007246376811594	0.3863636363636364	0.3046622391397326	4	4.9	6.5	0.277	30.6	9.09	-1.09	1.96	1.304
Evan Longoria	3B	69	0	R	266	0.2416666666666667	0.2900763358778626	0.3291666666666667	0.2788959241473629	6.4	17.5	6.8	0.276	25.9	0	-1.13	-0.68	1.128
Dave Concepcion	SS	60	5	R	262	0.2893617021276595	0.3461538461538461	0.4212765957446808	0.3392526758896965	8.4	11.5	9.2	0.309	27.9	21.05	0.46	3.21	2.748
Ray Schalk	C	68	0	R	258	0.2435897435897436	0.28	0.3376068376068376	0.2742521030466248	4.7	16.7	4.7	0.281	31.6	0	0	-0.23	1.163
Brent Mayne	C	67	5	L	246	0.2488888888888889	0.3089430894308943	0.3155555555555555	0.2839010280886614	8.1	15.6	2.4	0.289	23.2	0	0	0	1.951
Jimmy Crooks	C	68	0	L	235	0.2864077669902912	0.3605150214592275	0.354368932038835	0.3269112575233277	10.2	16	5.1	0.329	16.9	0	0	-3.32	4.085
Joe DiMaggio	CF	64	0	R	235	0.2264150943396226	0.2936170212765957	0.3443396226415094	0.2883067236719239	8.1	13.2	12.8	0.238	27.1	15.38	0	-1.02	1.021
Ken Berry	LF	55	0	R	233	0.2394366197183098	0.3047210300429185	0.3380281690140845	0.2924892948936468	8.6	11.3	10.3	0.254	23.5	8.33	-1.29	5.67	2.06
Jose Hernandez	2B	66	0	R	231	0.215962441314554	0.2683982683982684	0.3145539906103286	0.2592300180431243	6.1	19.2	5.2	0.256	32.6	13.33	1.3	0.52	-1.299
Don Kessinger	SS	69	0	S	231	0.187192118226601	0.2432432432432433	0.2758620689655172	0.2354303801948106	6.5	6.4	2.6	0.193	31.6	33.33	-1.3	1.56	-1.039
Nolan Jones	RF	69	0	L	221	0.2538071065989848	0.3087557603686636	0.4263959390862944	0.3239336035990411	7.7	17.8	21.7	0.268	34	5.88	-0.81	2.71	0.814
Ryan Lavarnway	C	64	0	R	220	0.255	0.3133640552995391	0.355	0.30229762922927	7.3	17	5.5	0.299	29.4	6.67	0	-1.36	2.727
Andy Seminick	C	66	1	R	219	0.2524271844660194	0.2876712328767123	0.4029126213592233	0.3050243874503158	4.6	17.5	21.9	0.268	28.8	0	-1.37	-2.19	2.466
Evan Longoria	3B	69	5	R	216	0.2311557788944724	0.2916666666666667	0.3417085427135678	0.2868503712828638	7.9	12.1	11.1	0.246	30.4	0	0	0	1.389
Giancarlo Stanton	RF	65	0	R	210	0.1907216494845361	0.2344497607655502	0.3711340206185567	0.2657440046807829	5.7	18.6	25.7	0.184	45.9	0	0	-0.29	-1.143
Pinky Higgins	3B	65	0	R	210	0.2974358974358974	0.3285714285714286	0.4871794871794872	0.3549608637652912	4.8	11.8	25.7	0.293	32.8	0	0	1.43	3.429
Jim Fregosi	SS	69	0	R	204	0.2472527472527473	0.3186274509803921	0.4175824175824176	0.3271864613108927	9.8	13.2	20.6	0.248	37.8	0	0	-3.53	2.647
Milton Lewis	2B	67	0	L	204	0.2210526315789474	0.2561576354679803	0.3263157894736842	0.2592156574757248	4.4	11.6	8.8	0.232	31	7.69	0	-2.06	-1.176
Matt Davidson	1B	56	5	R	199	0.1896551724137931	0.2777777777777778	0.3218390804597701	0.2714743129335742	10.6	14.4	12.1	0.197	45.5	0	0	-4.82	-1.809
Ed Delahanty	1B	68	0	R	195	0.2159090909090909	0.2760416666666667	0.3181818181818182	0.2686879744808769	6.2	12.5	3.1	0.24	28.9	45.45	-1.54	-1.85	-1.846
Tommy Davis	3B	67	0	R	193	0.2637362637362637	0.2953367875647668	0.445054945054945	0.3234958016268106	4.1	8.2	21.8	0.253	35.4	11.76	0	0	1.554
Dave Brain	3B	68	5	R	193	0.2032967032967033	0.2176165803108808	0.3571428571428572	0.2473053323801388	2.6	16.5	18.7	0.204	37.8	14.29	0.62	-0.31	-0.311
Andy Etchebarren	C	63	5	R	188	0.2685714285714286	0.3085106382978723	0.4971428571428572	0.3502368491968157	5.9	18.9	35.1	0.271	38.3	0	0	0	5.745
Matt McLain	2B	69	0	R	183	0.2138364779874214	0.2824858757062147	0.2955974842767295	0.2652667217155878	8.2	19.5	6.6	0.25	26.5	0	0.66	-1.97	0
Bill North	CF	69	0	S	182	0.2025316455696203	0.2983425414364641	0.2531645569620253	0.261267752667484	11.5	19	0	0.248	18.8	33.33	0.99	3.63	0.659
Dexter Fowler	CF	53	5	S	182	0.2705882352941176	0.3076923076923077	0.3705882352941177	0.3010136533016969	4.9	13.5	0	0.309	26.1	41.67	-3.63	5.93	0.989
Max Carey	LF	60	5	S	179	0.2531645569620253	0.3163841807909605	0.3607594936708861	0.3044695148201225	8.4	7	10.1	0.252	25	10	-2.01	2.01	1.341
Ichiro Suzuki	RF	61	0	L	179	0.1882352941176471	0.2090395480225989	0.2470588235294118	0.2042739592364606	2.8	14.1	3.4	0.211	21.9	14.29	0	2.01	-3.687
Keon Broxton	CF	65	0	R	178	0.30625	0.3728813559322034	0.51875	0.3901093491190016	9	16.2	13.5	0.346	40.8	30	-0.67	-0.34	5.056
Moises Ballesteros	C	61	0	L	176	0.1776315789473684	0.2455089820359281	0.2368421052631579	0.2253331598043287	7.4	15.8	3.4	0.203	22.2	16.67	0	-2.39	-1.705
Bill Salkeld	C	61	0	L	171	0.2468354430379747	0.2982456140350877	0.3860759493670886	0.3052423327520729	7	17.1	21.1	0.262	23.1	11.11	0	1.05	2.807
Bobby Byrne	3B	69	5	R	170	0.2229299363057325	0.2662721893491125	0.286624203821656	0.2475297127960581	5.9	7.6	0	0.238	22.9	25	0	0.35	-0.706
TJ Rumfield	1B	69	0	L	170	0.2452830188679245	0.288235294117647	0.3710691823899371	0.2940570214476696	4.7	13.8	10.6	0.267	35.9	0	1.06	-5.29	-0.706
Terry Steinbach	C	60	5	R	169	0.2993197278911565	0.3712574850299401	0.3741496598639456	0.3385930881848543	9.5	9.5	3.6	0.321	18.2	12.5	0	0.71	4.26
Rick Ferrell	C	67	0	R	169	0.2551724137931035	0.3452380952380952	0.3172413793103449	0.3064105981212607	12.4	9.7	0	0.278	21.6	12.5	0	2.49	2.485
Chris Cannizzaro	C	65	5	R	168	0.2797202797202797	0.3636363636363636	0.3636363636363636	0.3305773299805734	11.9	9.1	0	0.303	22.5	33.33	0	-2.86	3.214
Mickey Mantle	1B	68	5	S	164	0.2684563758389262	0.3353658536585366	0.3959731543624161	0.3272021050718971	8.5	18.1	14.6	0.305	27.5	0	0	-4.76	0.366
Eddie Robinson	1B	67	0	L	164	0.136986301369863	0.225609756097561	0.1780821917808219	0.1941095075141988	10.4	13.7	7.3	0.144	10	0	0	-4.76	-5.122
Beauty McGowan	RF	68	5	L	159	0.2777777777777778	0.3354430379746836	0.4236111111111111	0.3374112063191249	7.5	6.9	11.3	0.28	35	7.14	0	1.51	2.264
Frank Thomas	LF	63	0	R	159	0.2450331125827815	0.2767295597484277	0.4172185430463576	0.3043733973787054	3.8	16.6	18.9	0.262	40.5	6.67	0	-0.38	0.377
Phil Garner	2B	63	5	R	159	0.2585034013605442	0.2838709677419355	0.3809523809523809	0.2924320998369968	3.8	13.6	7.5	0.283	31.6	16.67	0	3.02	1.132
Hyun-soo Kim	LF	68	5	L	157	0.2937062937062937	0.3525641025641026	0.4055944055944056	0.3378956415525992	8.3	18.9	3.8	0.357	31	7.69	-1.91	-3.44	1.911
Vinny Castilla	3B	63	0	R	155	0.1849315068493151	0.2258064516129032	0.3835616438356164	0.2670051705631978	5.2	18.5	31	0.17	48.1	0	0	-0.39	-0.387
Gary Matthews	LF	69	0	R	154	0.2551724137931035	0.2987012987012987	0.4620689655172414	0.3323597073453065	5.8	16.6	19.5	0.276	43.2	25	0	2.73	0.39
Brayan Rocchio	SS	64	0	S	150	0.2836879432624114	0.3154362416107382	0.4042553191489361	0.3184463569060618	4.7	9.9	8	0.302	27.5	18.18	1.2	0.8	3.2
Jim Landis	CF	66	0	R	149	0.2391304347826087	0.2905405405405405	0.3115942028985507	0.2740889118681137	6	13.8	4	0.271	18.2	33.33	0	2.82	-1.208
Ken Caminiti	3B	66	5	S	148	0.2611940298507462	0.3175675675675675	0.3805970149253731	0.3032433813806248	8.1	10.4	8.1	0.275	28.6	20	0.81	-0.81	1.622
Jim Norman	3B	61	5	R	147	0.2408759124087591	0.2789115646258503	0.4014598540145985	0.298788815388367	4.8	8.8	16.3	0.236	39.4	7.69	-4.08	-0.82	3.265
Byron Buxton	CF	64	5	R	146	0.3380281690140845	0.3424657534246575	0.5070422535211268	0.3697315827026927	1.4	14.1	16.4	0.367	33.3	0	0.82	0.41	5.342
Jackie Hayes	CF	66	5	S	145	0.2357142857142857	0.2551724137931035	0.3857142857142857	0.2789179750572073	2.8	12.1	4.1	0.26	45.5	26.67	0	-2.07	0
Leo Cardenas	SS	68	5	R	145	0.2619047619047619	0.3472222222222222	0.4285714285714285	0.3442697182879483	11	14.3	4.1	0.296	42.4	35.71	0	-0.83	4.552
Connie Ryan	2B	69	0	R	143	0.3070866141732284	0.3407407407407407	0.5275590551181102	0.3754917125340757	4.9	11	16.8	0.318	35.9	42.86	1.26	0	5.035
Ian Desmond	CF	64	0	R	141	0.1893939393939394	0.2411347517730496	0.2424242424242424	0.2241376724094265	6.4	19.7	8.5	0.221	12	0	-2.13	-1.7	-2.553
Carlos Ruiz	C	68	5	R	139	0.2131147540983606	0.2898550724637681	0.3360655737704918	0.2833885157126373	9.4	7.4	8.6	0.212	42.3	0	0	0.43	0
Hal Chase	1B	61	1	R	138	0.2519685039370079	0.2857142857142857	0.4094488188976378	0.3068659022048649	3.6	10.2	17.4	0.255	31.2	20	2.17	2.61	0.87
Don Baylor	1B	64	5	R	137	0.2113821138211382	0.291970802919708	0.2601626016260163	0.256862894107663	10.2	9.8	8.8	0.22	7.7	0	-2.63	1.75	-1.314
Bryson Stott	2B	65	0	L	136	0.2695652173913043	0.3609022556390977	0.4086956521739131	0.345016228967405	11	13.9	0	0.31	38.7	33.33	0	-0.88	2.647
Hal Chase	1B	61	5	R	132	0.2295081967213115	0.2713178294573643	0.3278688524590164	0.2688909668809644	5.3	8.2	4.5	0.243	28.6	25	0	-6.82	-1.818
Jack Harshman	P	69	0	L	131	0.2	0.265625	0.3391304347826087	0.270811470628683	8.4	24.3	18.3	0.224	26.1	33.33	0	3.21	-1.374
John Mayberry	1B	68	0	L	131	0.2741935483870968	0.3053435114503817	0.3548387096774194	0.2957113676211774	3.8	8.9	9.2	0.286	14.7	20	0	-0.92	0
Ketel Marte	SS	68	5	S	130	0.2631578947368421	0.3230769230769231	0.3245614035087719	0.2926567396454257	9.2	10.5	0	0.283	16.7	40	0	4.62	0.923
Levi Meyerle	3B	67	5	R	128	0.2672413793103448	0.3125	0.3448275862068966	0.2937103619616829	6.2	7.8	0	0.282	19.4	50	0	6.09	2.344
Jose Hernandez	2B	66	5	R	126	0.319327731092437	0.352	0.4873949579831933	0.3699659195957291	4	20.2	14.3	0.38	36.8	0	2.86	-0.48	4.762
Niko Goodrum	2B	64	5	S	125	0.1794871794871795	0.224	0.3333333333333333	0.2474554145032476	4.8	11.1	24	0.16	33.3	14.29	1.44	-0.48	0
Akil Baddoo	LF	69	0	L	123	0.1651376146788991	0.2601626016260163	0.2385321100917431	0.2366925256451096	11.4	13.8	4.9	0.183	27.8	20	0	0	-2.927
Ramon Laureano	LF	63	0	R	120	0.2232142857142857	0.275	0.4285714285714285	0.309294717151139	6.7	17	25	0.227	48	8.33	0	0	0.5
Ed Delahanty	1B	68	5	R	119	0.2454545454545455	0.2941176470588235	0.3818181818181818	0.2984985542609979	6.7	13.6	5	0.274	29.6	62.5	-1.01	-5.04	-1.513
Bob Bescher	LF	69	0	S	119	0.2035398230088496	0.2372881355932203	0.2743362831858407	0.2312603049474947	4.2	9.7	5	0.218	21.7	20	1.01	-0.5	-3.025
Sandy Alomar Sr.	2B	65	0	S	119	0.2545454545454545	0.2966101694915254	0.3090909090909091	0.2751727005747983	5.9	8.2	5	0.267	14.3	0	5.55	3.53	3.025
Roldy Brito	CF	69	5	S	118	0.2692307692307692	0.3559322033898305	0.4038461538461539	0.3363109824040433	11.9	12.5	10.2	0.292	28.6	25	0	8.14	4.576
Spencer Steer	LF	68	0	R	117	0.2523364485981308	0.3103448275862069	0.3738317757009346	0.3070752883873809	7.7	20.6	10.3	0.301	25.9	28.57	0	3.59	2.564
Andres Gimenez	SS	62	0	L	116	0.1651376146788991	0.208695652173913	0.2110091743119266	0.1897576248587355	5.2	11	0	0.186	27.8	0	0	-0.52	-3.103
Xander Bogaerts	SS	69	0	R	115	0.19	0.2695652173913043	0.29	0.2561426299965255	10.4	13	10.4	0.193	31.6	0	0	1.57	-0.522
George Kelly	1B	66	0	R	114	0.2037037037037037	0.2456140350877193	0.2314814814814815	0.2122021407687014	5.3	13	0	0.234	13.6	0	-2.63	2.11	-3.158
Daulton Varsho	CF	63	5	L	113	0.2574257425742574	0.3214285714285715	0.3564356435643564	0.3063130831462041	8.8	12.9	5.3	0.284	30.8	0	0	1.06	2.655
Romy Gonzalez	1B	68	0	R	109	0.2884615384615384	0.3148148148148148	0.4038461538461539	0.3191044322223318	3.7	10.6	11	0.308	23.3	14.29	-1.1	-16.51	-1.101
Jim Thome	3B	64	5	L	109	0.3473684210526316	0.4311926605504587	0.5789473684210527	0.4417784340043099	12.8	16.8	27.5	0.378	33.3	9.09	0	-2.2	7.156
Mule Haas	CF	69	5	L	108	0.24	0.287037037037037	0.39	0.2961807494622044	5.6	8	16.7	0.233	33.3	12.5	0	3.89	2.222
Danny Tartabull	RF	63	0	R	108	0.1919191919191919	0.2592592592592592	0.2525252525252525	0.2386369950012556	8.3	25.3	5.6	0.247	21.1	0	0	2.22	-2.222
Matt Diaz	LF	67	0	R	107	0.2524271844660194	0.2666666666666667	0.3300970873786408	0.2658979806317988	1.9	9.7	5.6	0.272	23.1	0	0	2.24	-1.121
Ed Taubensee	C	65	0	L	105	0.27	0.2857142857142857	0.43	0.3108001281835725	2.9	13	17.1	0.279	33.3	11.11	0	0.57	2.857
Danny Tartabull	RF	63	5	R	102	0.1685393258426966	0.2745098039215687	0.247191011235955	0.2491304679206203	12.7	24.7	11.8	0.2	20	0	0	-10	-3.529
Jung-hoo Lee	RF	69	0	L	100	0.2934782608695652	0.336734693877551	0.4565217391304348	0.3402442641709698	6	8.7	0	0.321	37	50	-3	0.6	2.4
Randy Jackson	3B	62	5	R	100	0.2021276595744681	0.25	0.3085106382978723	0.2523881669692298	6	10.6	12	0.207	31.6	0	0	-0.6	-1.2
Ray Sheppard	3B	68	0	R	100	0.2577319587628866	0.2727272727272727	0.3195876288659794	0.2643454975103814	2	7.2	0	0.278	20	20	3.6	0.6	1.2
Irv Noren	CF	62	0	L	99	0.2272727272727273	0.2653061224489796	0.2954545454545455	0.2506569936274621	6.1	11.4	6.1	0.235	20	0	1.82	1.82	0
Lance Johnson	CF	67	5	L	99	0.2903225806451613	0.303030303030303	0.4086021505376344	0.3086307755468892	3	3.2	6.1	0.283	22.2	50	0	5.45	2.424
Starling Marte	CF	64	5	R	98	0.2247191011235955	0.2755102040816326	0.4382022471910113	0.3098730009957539	6.1	11.2	24.5	0.208	50	10	0	-1.22	1.837
U L Washington	SS	64	0	S	98	0.3333333333333333	0.3917525773195876	0.4137931034482759	0.359246920062759	8.2	9.2	6.1	0.354	17.2	0	1.22	1.84	3.061
John Olerud	1B	68	5	L	98	0.3406593406593407	0.3775510204081632	0.4835164835164835	0.3761543685791287	6.1	11	12.2	0.362	29	0	0	-7.96	4.286
Chase Headley	3B	60	0	S	96	0.2747252747252747	0.3020833333333333	0.3296703296703297	0.2836678939268458	4.2	13.2	0	0.312	20	0	0	1.87	0.625
Dmitri Young	DH	64	5	S	95	0.3222222222222222	0.3578947368421053	0.4888888888888889	0.3739846281677721	4.2	13.3	18.9	0.347	31	0	0	-5.05	3.158
Tommy Davis	3B	67	5	R	94	0.3068181818181818	0.351063829787234	0.4204545454545455	0.3449064034554357	4.3	3.4	6.4	0.31	25.9	14.29	0	-1.28	4.468
Jake McCarthy	RF	67	0	L	94	0.247191011235955	0.2765957446808511	0.4157303370786517	0.3017924933655915	4.3	13.5	12.8	0.263	40.9	22.22	0	2.55	2.553
Nico Hoerner	2B	48	0	R	94	0.2235294117647059	0.2826086956521739	0.3176470588235294	0.2731659045475635	7.4	7.1	6.4	0.231	31.6	0	0	-7.66	1.277
Glenn Wilson	CF	69	5	R	91	0.3023255813953488	0.3068181818181818	0.4767441860465116	0.3412497176981723	1.1	18.6	26.4	0.328	26.9	0	1.98	0	3.956
Cedric Mullins	CF	65	0	L	90	0.2051282051282051	0.2705882352941176	0.3333333333333333	0.2739618122605488	7.8	11.5	20	0.197	25	0	4	2	0
Gary Matthews	LF	69	5	R	88	0.2467532467532468	0.3181818181818182	0.4285714285714285	0.3268365849260292	10.2	7.8	13.6	0.239	36.8	42.86	0	-4.77	2.045
Alex Rios	RF	68	5	R	85	0.3658536585365854	0.3764705882352941	0.4268292682926829	0.3563523926364724	2.4	13.4	0	0.417	13.3	25	0	-0.71	3.529
Red Kress	SS	67	0	R	85	0.2222222222222222	0.2891566265060241	0.375	0.2880048134701708	8.2	11.1	14.1	0.215	37.5	16.67	2.12	1.41	1.412
Clemente Carreras	3B	67	5	R	84	0.282051282051282	0.3333333333333333	0.4230769230769231	0.3371682132131658	7.1	9	14.3	0.29	31.8	0	0	2.86	3.571
Andy Seminick	C	66	5	R	83	0.2435897435897436	0.2891566265060241	0.358974358974359	0.2844902708824008	6	21.8	7.2	0.3	26.3	40	0	0.72	2.169
Ray Sheppard	3B	68	5	R	83	0.1948051948051948	0.2098765432098765	0.2727272727272727	0.2125003839272954	2.4	5.2	7.2	0.189	20	33.33	0	3.61	-2.169
Gene Richards	LF	65	5	L	83	0.1975308641975309	0.2168674698795181	0.3333333333333333	0.2407894168134197	2.4	8.6	7.2	0.205	43.8	28.57	0	-7.95	-2.169
Andy Etchebarren	C	63	0	R	83	0.32	0.3536585365853658	0.56	0.3930924717609151	6	10.7	36.1	0.297	33.3	0	0	-1.45	6.506
Francisco Alvarez	C	69	0	R	82	0.2597402597402597	0.3048780487804878	0.4805194805194805	0.3438702744417725	4.9	20.8	29.3	0.281	40	12.5	0	3.66	5.122
Austin Wells	C	62	0	L	81	0.1578947368421053	0.1975308641975309	0.2105263157894737	0.1869750208277787	4.9	17.1	0	0.188	33.3	0	0	1.48	-3.704
Gus Williams	RF	68	5	L	81	0.2285714285714286	0.3333333333333333	0.3285714285714286	0.305965936702855	13.6	20	7.4	0.273	18.8	66.67	1.48	8.89	1.481
Yogi Berra	LF	68	5	L	81	0.16	0.1975308641975309	0.24	0.1979439871077669	3.7	8	14.8	0.145	16.7	0	0	-4.44	-3.704
Clyde Kluttz	C	61	5	R	80	0.2727272727272727	0.3	0.4415584415584415	0.325966048970902	3.8	10.4	15	0.284	42.9	0	0	-1.5	3.75
Derek Hill	CF	66	0	R	79	0.1617647058823529	0.2368421052631579	0.25	0.2258404106450146	8.9	10.3	7.6	0.164	36.4	0	0	1.52	-3.038
Ichiro Suzuki	RF	61	5	L	79	0.25	0.2894736842105263	0.3333333333333333	0.2804158304344206	5.1	2.8	0	0.257	33.3	0	3.8	2.28	0
Denzel Clarke	CF	65	0	R	77	0.1940298507462687	0.2727272727272727	0.2238805970149254	0.2349708264683561	10.4	19.4	0	0.232	15.4	0	0	-0.78	0
Joe Sugden	C	60	0	S	76	0.25	0.3333333333333333	0.28125	0.2873887693014827	7.9	6.2	0	0.258	6.2	100	-3.95	-2.37	1.579
Danny Hoffman	RF	64	0	L	74	0.1714285714285714	0.1891891891891892	0.3	0.2122166486250553	2.7	22.9	16.2	0.185	33.3	25	0	0	-4.865
Eddie Bressoud	SS	68	5	R	73	0.2318840579710145	0.2394366197183098	0.3623188405797101	0.2613588372496458	1.4	11.6	8.2	0.246	37.5	16.67	0	1.64	2.466
Jackie Robinson	1B	58	5	R	70	0.2608695652173913	0.2714285714285714	0.3478260869565217	0.2737799107555323	1.4	10.1	0	0.29	27.8	20	0	0	-0.857
Frank White	2B	66	0	R	69	0.203125	0.2608695652173913	0.296875	0.2477863897368563	5.8	17.2	8.7	0.231	23.1	33.33	0	-3.48	-0.87
Joe DiMaggio	CF	64	5	R	69	0.2580645161290323	0.3188405797101449	0.4032258064516129	0.3208868955396764	7.2	12.9	8.7	0.278	43.8	0	0	6.96	6.957
James Loney	1B	64	5	L	68	0.3529411764705883	0.3529411764705883	0.6029411764705882	0.4160383572216195	0	4.4	35.3	0.328	37.5	0	4.41	-7.06	7.941
Jackie Robinson	1B	58	0	R	68	0.2	0.2575757575757576	0.3166666666666667	0.2588895709482335	7.4	8.3	17.6	0.185	25	0	1.76	4.41	0
Matt Diaz	LF	67	5	R	67	0.1666666666666667	0.1791044776119403	0.2121212121212121	0.175427405688317	1.5	16.7	0	0.2	27.3	0	0	-2.69	-4.478
Tim Foli	SS	62	0	R	65	0.2903225806451613	0.2903225806451613	0.3709677419354839	0.2922212006451285	0	8.1	0	0.316	27.8	0	0	0.92	2.769
Nasim Nunez	2B	68	0	S	64	0.1929824561403509	0.2459016393442623	0.2105263157894737	0.2152450237947797	4.7	12.3	0	0.22	9.1	0	2.81	-11.25	-2.813
Beauty McGowan	RF	68	0	L	64	0.2105263157894737	0.2741935483870968	0.2807017543859649	0.2549950187425756	7.8	12.3	0	0.24	25	33.33	0	3.75	0
Lou Berberet	C	65	0	L	64	0.1935483870967742	0.21875	0.2903225806451613	0.2273374876065257	3.1	12.9	9.4	0.208	33.3	0	0	-7.5	0
Jorge Orta	2B	69	0	L	64	0.2096774193548387	0.234375	0.3548387096774194	0.260538724118179	1.6	22.6	18.8	0.239	38.5	0	0	1.88	-0.938
George Sweatt	2B	68	0	R	64	0.2166666666666667	0.25	0.2833333333333333	0.2404466137733166	4.7	15	9.4	0.235	15.4	0	0	-0.94	-1.875
Everett Scott	SS	63	0	R	63	0.1864406779661017	0.1904761904761905	0.3050847457627119	0.2115627030832277	1.6	10.2	9.5	0.182	45.5	0	0	0	-0.952
Red Dooin	C	66	0	R	63	0.2631578947368421	0.3333333333333333	0.3684210526315789	0.3165060902843163	9.5	8.8	0	0.288	26.7	50	0	-0.95	4.762
Phil Garner	2B	63	0	R	63	0.1694915254237288	0.2096774193548387	0.2033898305084746	0.1909473223434244	4.8	5.1	0	0.179	10	100	-4.76	1.9	-2.857
George McBride	SS	63	0	R	58	0.2777777777777778	0.3275862068965517	0.3518518518518519	0.3076918114160919	6.9	7.4	0	0.3	26.7	0	0	1.03	3.103
George Burns	1B	63	5	R	57	0.24	0.3157894736842105	0.46	0.3402860320055099	8.8	14	31.6	0.22	41.7	0	0	-1.05	1.053
Buck Martinez	C	63	5	R	57	0.2941176470588235	0.3684210526315789	0.5294117647058824	0.3938205257451234	10.5	11.8	31.6	0.286	40	0	0	4.21	7.368
Jose Altuve	2B	69	0	R	55	0.18	0.2407407407407407	0.24	0.2242188562147125	7.3	18	10.9	0.2	11.1	0	0	0	-3.273
Jorge Orta	2B	69	5	L	55	0.2708333333333333	0.3636363636363636	0.4166666666666667	0.349531161840043	12.7	8.3	0	0.295	38.5	40	0	4.36	5.455
Jason Castro	C	68	0	L	55	0.2127659574468085	0.2909090909090909	0.2765957446808511	0.2620738717245099	10.9	19.1	10.9	0.231	10	0	0	-1.09	1.091
Joe Hewitt	SS	68	0	L	54	0.1458333333333333	0.2264150943396226	0.1875	0.199654037953928	9.3	6.2	0	0.156	28.6	0	0	4.44	-4.444
Bob Bescher	LF	69	5	S	53	0.2391304347826087	0.3269230769230769	0.391304347826087	0.3157246597170918	11.3	6.5	11.3	0.238	36.4	25	0	1.13	0
Gus Bell	CF	56	5	L	52	0.2916666666666667	0.3269230769230769	0.4583333333333333	0.3432590864348157	3.8	12.5	11.5	0.31	42.9	0	0	-1.15	3.462
Bill Bruton	CF	66	0	L	51	0.2272727272727273	0.3137254901960784	0.3181818181818182	0.2901221133872105	11.8	11.4	11.8	0.231	20	0	0	5.88	-2.353
Eddie Mathews	1B	65	5	L	50	0.3488372093023256	0.44	0.4418604651162791	0.400021453999988	14	16.3	12	0.4	13.3	0	0	2.4	7.2
Dave Gallagher	CF	68	5	R	48	0.25	0.2826086956521739	0.3181818181818182	0.271798302204873	4.2	11.4	12.5	0.263	9.1	0	0	-1.25	-1.25
Dick Seay	2B	66	5	R	48	0.2702702702702703	0.3777777777777778	0.4594594594594595	0.3699034056716975	14.6	10.8	12.5	0.273	50	0	0	1.25	6.25
Kevin Kiermaier	CF	67	0	L	47	0.4318181818181818	0.4347826086956522	0.7954545454545454	0.5214537548776228	2.1	13.6	38.3	0.444	42.1	25	0	-22.98	12.766
Milt May	C	63	0	L	46	0.2093023255813954	0.2444444444444444	0.2325581395348837	0.2198104862379689	4.3	11.6	0	0.237	11.1	0	0	-2.61	-2.609
Marv Rackley	LF	65	5	L	45	0.282051282051282	0.3409090909090909	0.3846153846153846	0.3228722138992203	8.9	10.3	0	0.306	27.3	33.33	0	4	1.333
Pinky Hargrave	C	65	5	S	44	0.3571428571428572	0.3409090909090909	0.5238095238095238	0.367928045873897	0	2.4	13.6	0.333	26.7	25	0	1.36	5.455
Tomas Nido	C	63	0	R	43	0.2	0.2093023255813954	0.425	0.2670683980933525	2.3	20	41.9	0.161	37.5	0	0	-4.19	1.395
Matt Davidson	1B	56	0	R	43	0.2285714285714286	0.3720930232558139	0.4	0.3545036191644129	16.3	8.6	27.9	0.2	25	0	0	-8.37	2.791
Andrew Vaughn	1B	64	0	R	41	0.2162162162162162	0.2682926829268293	0.2432432432432433	0.2364395133608233	7.3	5.4	0	0.222	12.5	0	0	2.93	-7.317
U L Washington	SS	64	5	S	41	0.1794871794871795	0.2195121951219512	0.2307692307692308	0.205723284181207	4.9	5.1	0	0.189	14.3	100	0	-1.46	-2.927
Dave Gallagher	CF	68	0	R	41	0.3076923076923077	0.3170731707317073	0.4615384615384616	0.334733671193434	2.4	10.3	0	0.333	33.3	50	0	-11.71	1.463
Clete Boyer	3B	66	5	R	40	0.1794871794871795	0.2	0.1794871794871795	0.1751402625160124	2.5	7.7	0	0.194	0		0	0	-6
Jarren Duran	LF	56	0	L	39	0.06060606060606061	0.1351351351351351	0.06060606060606061	0.105663742154799	7.7	21.2	0	0.074	0		4.62	6.15	-7.692
Dave Eggler	CF	68	0	R	39	0.2105263157894737	0.2307692307692308	0.3157894736842105	0.2409342605165054	2.6	10.5	0	0.235	37.5	33.33	0	-20	-4.615
Johnny Hayes	C	69	0	L	39	0.2258064516129032	0.3055555555555556	0.3548387096774194	0.2969227080584814	10.3	9.7	15.4	0.214	28.6	0	0	0	0
Jim Northrup	CF	68	0	L	38	0.2162162162162162	0.2368421052631579	0.2972972972972973	0.2382233633166839	2.6	8.1	0	0.235	37.5	0	0	3.16	-1.579
Wilmer Flores	1B	59	5	R	37	0.3636363636363636	0.4324324324324325	0.4242424242424243	0.388666135439208	10.8	6.1	0	0.387	16.7	0	0	-6.49	4.865
Cookie Lavagetto	2B	68	0	R	37	0.1470588235294118	0.2162162162162162	0.2941176470588235	0.230526197352612	8.1	8.8	16.2	0.133	40	50	0	4.86	-1.622
Julio Cruz	2B	62	0	S	36	0.15625	0.2058823529411765	0.1875	0.1849982562920862	5.6	12.5	0	0.179	20	0	0	0	-1.667
Jim Thome	3B	64	0	L	35	0.1333333333333333	0.2571428571428571	0.1333333333333333	0.2033195988764443	14.3	30	0	0.19	0		0	1.71	-5.143
Tom Herr	2B	58	0	S	35	0.21875	0.2857142857142857	0.3125	0.2730847694828207	8.6	15.6	0	0.259	42.9	0	0	5.14	0
Mark Canha	LF	64	0	R	34	0.1785714285714286	0.2647058823529412	0.2142857142857143	0.2272838147445605	8.8	10.7	0	0.185	20	0	-8.82	0	-5.294
Pat Kelly	RF	68	5	L	33	0.3666666666666666	0.4242424242424243	0.7	0.4803190460439083	9.1	6.7	36.4	0.346	36.4	50	0	7.27	10.909
Jim Baxes	2B	65	5	R	33	0.2333333333333333	0.303030303030303	0.3333333333333333	0.2910339907098807	9.1	13.3	18.2	0.24	14.3	0	0	0	0
Greg Briley	LF	64	0	L	32	0.3125	0.3125	0.59375	0.3879072891246499	0	25	18.8	0.391	50	40	0	1.88	3.75
Tony Pena Sr.	C	62	0	R	32	0.3461538461538461	0.4	0.3461538461538461	0.3279071394072037	9.4	11.5	0	0.375	0		5.62	-1.88	3.75
George Sweatt	2B	68	5	R	31	0.1785714285714286	0.2333333333333333	0.3928571428571428	0.2748973221652243	6.5	28.6	19.4	0.211	80	0	0	1.94	1.935